50
50
3
1 0
2 60
1 -23292
344
0 0
0.001 0
0.002 0
0.003 0
0.004 0
0.005 0
0.006 0
0.007 0
0.008 0
0.009 0
0.01 0
0.011 0
0.012 0
0.013 0
0.014 0
0.015 0
0.016 0
0.017 0
0.018 0
0.019 0
0.02 0
0.021 0
0.022 0
0.023 0
0.024 0
0.025 0
0.026 0
0.027 0
0.028 0
0.028 0
0.028 0.000987495442518
0.028 0.00197499088504
0.028 0.00296248632755
0.028 0.00394998177007
0.028 0.00493747721259
0.028 0.00592497265511
0.028 0.00691246809762
0.028 0.00789996354014
0.028 0.00888745898266
0.028 0.00987495442518
0.028 0.0108624498677
0.028 0.0118499453102
0.028 0.0128374407527
0.028 0.0138249361952
0.028 0.0148124316378
0.028 0.0157999270803
0.028 0.0167874225228
0.028 0.0177749179653
0.028 0.0187624134078
0.028 0.0197499088504
0.028 0.0207374042929
0.028 0.0207374042929
0.027 0.0207374042929
0.027 0.0207374042929
0.027 0.0197538165246
0.027 0.0187702287563
0.027 0.017786640988
0.027 0.0168030532197
0.027 0.0158194654513
0.027 0.014835877683
0.027 0.0138522899147
0.027 0.0128687021464
0.027 0.0118851143781
0.027 0.0109015266098
0.027 0.00991793884152
0.027 0.00893435107322
0.027 0.00795076330491
0.027 0.00696717553661
0.027 0.0059835877683
0.027 0.005
0.027 0.005
0.026 0.005
0.025 0.005
0.025 0.005
0.025 0.00598280014129
0.025 0.00696560028258
0.025 0.00794840042386
0.025 0.00893120056515
0.025 0.00991400070644
0.025 0.0108968008477
0.025 0.011879600989
0.025 0.0128624011303
0.025 0.0138452012716
0.025 0.0148280014129
0.025 0.0158108015542
0.025 0.0167936016955
0.025 0.0177764018367
0.025 0.018759201978
0.025 0.0197420021193
0.025 0.0197420021193
0.024 0.0197420021193
0.024 0.0197420021193
0.024 0.018759201978
0.024 0.0177764018367
0.024 0.0167936016955
0.024 0.0158108015542
0.024 0.0148280014129
0.024 0.0138452012716
0.024 0.0128624011303
0.024 0.011879600989
0.024 0.0108968008477
0.024 0.00991400070644
0.024 0.00893120056515
0.024 0.00794840042386
0.024 0.00696560028258
0.024 0.00598280014129
0.024 0.005
0.024 0.005
0.023 0.005
0.022 0.005
0.022 0.005
0.022 0.00597718907676
0.022 0.00695437815351
0.022 0.00793156723027
0.022 0.00890875630702
0.022 0.00988594538378
0.022 0.0108631344605
0.022 0.0118403235373
0.022 0.012817512614
0.022 0.0137947016908
0.022 0.0137947016908
0.021 0.0137947016908
0.021 0.0137947016908
0.021 0.012817512614
0.021 0.0118403235373
0.021 0.0108631344605
0.021 0.00988594538378
0.021 0.00890875630702
0.021 0.00793156723027
0.021 0.00695437815351
0.021 0.00597718907676
0.021 0.005
0.021 0.005
0.02 0.005
0.019 0.005
0.019 0.005
0.019 0.00597962579215
0.019 0.0069592515843
0.019 0.00793887737646
0.019 0.00891850316861
0.019 0.00989812896076
0.019 0.0108777547529
0.019 0.0118573805451
0.019 0.0128370063372
0.019 0.0138166321294
0.019 0.0147962579215
0.019 0.0157758837137
0.019 0.0167555095058
0.019 0.017735135298
0.019 0.0187147610901
0.019 0.0187147610901
0.018 0.0187147610901
0.018 0.0187147610901
0.018 0.017735135298
0.018 0.0167555095058
0.018 0.0157758837137
0.018 0.0147962579215
0.018 0.0138166321294
0.018 0.0128370063372
0.018 0.0118573805451
0.018 0.0108777547529
0.018 0.00989812896076
0.018 0.00891850316861
0.018 0.00793887737646
0.018 0.0069592515843
0.018 0.00597962579215
0.018 0.005
0.018 0.005
0.017 0.005
0.016 0.005
0.016 0.005
0.016 0.00607072350784
0.016 0.00714144701568
0.016 0.00821217052352
0.016 0.00928289403136
0.016 0.0103536175392
0.016 0.011424341047
0.016 0.011424341047
0.015 0.011424341047
0.015 0.011424341047
0.015 0.0103536175392
0.015 0.00928289403136
0.015 0.00821217052352
0.015 0.00714144701568
0.015 0.00607072350784
0.015 0.005
0.015 0.005
0.014 0.005
0.013 0.005
0.013 0.005
0.013 0.00602525998292
0.013 0.00705051996584
0.013 0.00807577994876
0.013 0.00910103993168
0.013 0.0101262999146
0.013 0.0111515598975
0.013 0.0121768198804
0.013 0.0132020798634
0.013 0.0142273398463
0.013 0.0152525998292
0.013 0.0162778598121
0.013 0.017303119795
0.013 0.018328379778
0.013 0.018328379778
0.012 0.018328379778
0.012 0.018328379778
0.012 0.017303119795
0.012 0.0162778598121
0.012 0.0152525998292
0.012 0.0142273398463
0.012 0.0132020798634
0.012 0.0121768198804
0.012 0.0111515598975
0.012 0.0101262999146
0.012 0.00910103993168
0.012 0.00807577994876
0.012 0.00705051996584
0.012 0.00602525998292
0.012 0.005
0.012 0.005
0.011 0.005
0.01 0.005
0.01 0.005
0.01 0.00594037231428
0.01 0.00688074462856
0.01 0.00782111694284
0.01 0.00876148925712
0.01 0.0097018615714
0.01 0.0106422338857
0.01 0.0115826062
0.01 0.0115826062
0.009 0.0115826062
0.009 0.0115826062
0.009 0.0106422338857
0.009 0.0097018615714
0.009 0.00876148925712
0.009 0.00782111694284
0.009 0.00688074462856
0.009 0.00594037231428
0.009 0.005
0.009 0.005
0.008 0.005
0.007 0.005
0.007 0.005
0.007 0.00597364604788
0.007 0.00694729209576
0.007 0.00792093814365
0.007 0.00889458419153
0.007 0.00986823023941
0.007 0.0108418762873
0.007 0.0118155223352
0.007 0.0127891683831
0.007 0.0137628144309
0.007 0.0147364604788
0.007 0.0157101065267
0.007 0.0166837525746
0.007 0.0176573986225
0.007 0.0186310446704
0.007 0.0196046907182
0.007 0.0205783367661
0.007 0.021551982814
0.007 0.021551982814
0.006 0.021551982814
0.006 0.021551982814
0.006 0.0205783367661
0.006 0.0196046907182
0.006 0.0186310446704
0.006 0.0176573986225
0.006 0.0166837525746
0.006 0.0157101065267
0.006 0.0147364604788
0.006 0.0137628144309
0.006 0.0127891683831
0.006 0.0118155223352
0.006 0.0108418762873
0.006 0.00986823023941
0.006 0.00889458419153
0.006 0.00792093814365
0.006 0.00694729209576
0.006 0.00597364604788
0.006 0.005
0.006 0.005
0.005 0.005
0.004 0.005
0.004 0.005
0.004 0.00605942754637
0.004 0.00711885509273
0.004 0.0081782826391
0.004 0.00923771018546
0.004 0.0102971377318
0.004 0.0113565652782
0.004 0.0124159928246
0.004 0.0134754203709
0.004 0.0134754203709
0.003 0.0134754203709
0.003 0.0134754203709
0.003 0.0124159928246
0.003 0.0113565652782
0.003 0.0102971377318
0.003 0.00923771018546
0.003 0.0081782826391
0.003 0.00711885509273
0.003 0.00605942754637
0.003 0.005
0.003 0.005
0.002 0.005
0.001 0.005
0.001 0.005
0.001 0.00602390628074
0.001 0.00704781256148
0.001 0.00807171884222
0.001 0.00909562512296
0.001 0.0101195314037
0.001 0.0111434376844
0.001 0.0121673439652
0.001 0.0131912502459
0.001 0.0142151565267
0.001 0.0152390628074
0.001 0.0162629690882
0.001 0.0172868753689
0.001 0.0183107816496
0.001 0.0193346879304
0.001 0.0193346879304
0 0.0193346879304
0 0.0193346879304
0 0.0183170727761
0 0.0172994576219
0 0.0162818424677
0 0.0152642273135
0 0.0142466121592
0 0.013228997005
0 0.0122113818508
0 0.0111937666965
0 0.0101761515423
0 0.00915853638807
0 0.00814092123384
0 0.00712330607961
0 0.00610569092538
0 0.00508807577115
0 0.00407046061692
0 0.00305284546269
0 0.00203523030846
0 0.00101761515423
0 0
304
1 2 3
2 3 3
3 4 3
4 5 3
5 6 3
6 7 3
7 8 3
8 9 3
9 10 3
10 11 3
11 12 3
12 13 3
13 14 3
14 15 3
15 16 3
16 17 3
17 18 3
18 19 3
19 20 3
20 21 3
21 22 3
22 23 3
23 24 3
24 25 3
25 26 3
26 27 3
27 28 3
28 29 3
30 31 1
31 32 1
32 33 1
33 34 1
34 35 1
35 36 1
36 37 1
37 38 1
38 39 1
39 40 1
40 41 1
41 42 1
42 43 1
43 44 1
44 45 1
45 46 1
46 47 1
47 48 1
48 49 1
49 50 1
50 51 1
52 53 2
54 55 2
55 56 2
56 57 2
57 58 2
58 59 2
59 60 2
60 61 2
61 62 2
62 63 2
63 64 2
64 65 2
65 66 2
66 67 2
67 68 2
68 69 2
69 70 2
71 72 2
72 73 2
74 75 2
75 76 2
76 77 2
77 78 2
78 79 2
79 80 2
80 81 2
81 82 2
82 83 2
83 84 2
84 85 2
85 86 2
86 87 2
87 88 2
88 89 2
90 91 2
92 93 2
93 94 2
94 95 2
95 96 2
96 97 2
97 98 2
98 99 2
99 100 2
100 101 2
101 102 2
102 103 2
103 104 2
104 105 2
105 106 2
106 107 2
108 109 2
109 110 2
111 112 2
112 113 2
113 114 2
114 115 2
115 116 2
116 117 2
117 118 2
118 119 2
119 120 2
121 122 2
123 124 2
124 125 2
125 126 2
126 127 2
127 128 2
128 129 2
129 130 2
130 131 2
131 132 2
133 134 2
134 135 2
136 137 2
137 138 2
138 139 2
139 140 2
140 141 2
141 142 2
142 143 2
143 144 2
144 145 2
145 146 2
146 147 2
147 148 2
148 149 2
149 150 2
151 152 2
153 154 2
154 155 2
155 156 2
156 157 2
157 158 2
158 159 2
159 160 2
160 161 2
161 162 2
162 163 2
163 164 2
164 165 2
165 166 2
166 167 2
168 169 2
169 170 2
171 172 2
172 173 2
173 174 2
174 175 2
175 176 2
176 177 2
178 179 2
180 181 2
181 182 2
182 183 2
183 184 2
184 185 2
185 186 2
187 188 2
188 189 2
190 191 2
191 192 2
192 193 2
193 194 2
194 195 2
195 196 2
196 197 2
197 198 2
198 199 2
199 200 2
200 201 2
201 202 2
202 203 2
204 205 2
206 207 2
207 208 2
208 209 2
209 210 2
210 211 2
211 212 2
212 213 2
213 214 2
214 215 2
215 216 2
216 217 2
217 218 2
218 219 2
220 221 2
221 222 2
223 224 2
224 225 2
225 226 2
226 227 2
227 228 2
228 229 2
229 230 2
231 232 2
233 234 2
234 235 2
235 236 2
236 237 2
237 238 2
238 239 2
239 240 2
241 242 2
242 243 2
244 245 2
245 246 2
246 247 2
247 248 2
248 249 2
249 250 2
250 251 2
251 252 2
252 253 2
253 254 2
254 255 2
255 256 2
256 257 2
257 258 2
258 259 2
259 260 2
260 261 2
262 263 2
264 265 2
265 266 2
266 267 2
267 268 2
268 269 2
269 270 2
270 271 2
271 272 2
272 273 2
273 274 2
274 275 2
275 276 2
276 277 2
277 278 2
278 279 2
279 280 2
280 281 2
282 283 2
283 284 2
285 286 2
286 287 2
287 288 2
288 289 2
289 290 2
290 291 2
291 292 2
292 293 2
294 295 2
296 297 2
297 298 2
298 299 2
299 300 2
300 301 2
301 302 2
302 303 2
303 304 2
305 306 2
306 307 2
308 309 2
309 310 2
310 311 2
311 312 2
312 313 2
313 314 2
314 315 2
315 316 2
316 317 2
317 318 2
318 319 2
319 320 2
320 321 2
321 322 2
323 324 2
325 326 1
326 327 1
327 328 1
328 329 1
329 330 1
330 331 1
331 332 1
332 333 1
333 334 1
334 335 1
335 336 1
336 337 1
337 338 1
338 339 1
339 340 1
340 341 1
341 342 1
342 343 1
343 344 1
30
0.014 0.0005
0.014 0.000637931034483
0.014 0.000775862068966
0.014 0.000913793103448
0.014 0.00105172413793
0.014 0.00118965517241
0.014 0.0013275862069
0.014 0.00146551724138
0.014 0.00160344827586
0.014 0.00174137931034
0.014 0.00187931034483
0.014 0.00201724137931
0.014 0.00215517241379
0.014 0.00229310344828
0.014 0.00243103448276
0.014 0.00256896551724
0.014 0.00270689655172
0.014 0.00284482758621
0.014 0.00298275862069
0.014 0.00312068965517
0.014 0.00325862068966
0.014 0.00339655172414
0.014 0.00353448275862
0.014 0.0036724137931
0.014 0.00381034482759
0.014 0.00394827586207
0.014 0.00408620689655
0.014 0.00422413793103
0.014 0.00436206896552
0.014 0.0045
