50
200
3
1 0
2 60
1 -23292
376
0 0
0.001 0
0.002 0
0.003 0
0.004 0
0.005 0
0.006 0
0.007 0
0.008 0
0.009 0
0.01 0
0.011 0
0.012 0
0.013 0
0.014 0
0.015 0
0.016 0
0.017 0
0.018 0
0.019 0
0.02 0
0.021 0
0.022 0
0.023 0
0.024 0
0.025 0
0.026 0
0.027 0
0.028 0
0.028 0
0.028 0.00103254507694
0.028 0.00206509015389
0.028 0.00309763523083
0.028 0.00413018030777
0.028 0.00516272538471
0.028 0.00619527046166
0.028 0.0072278155386
0.028 0.00826036061554
0.028 0.00929290569249
0.028 0.0103254507694
0.028 0.0113579958464
0.028 0.0123905409233
0.028 0.0134230860003
0.028 0.0134230860003
0.027 0.0134230860003
0.027 0.0134230860003
0.027 0.0123702002502
0.027 0.0113173145002
0.027 0.0102644287502
0.027 0.00921154300013
0.027 0.0081586572501
0.027 0.00710577150006
0.027 0.00605288575003
0.027 0.005
0.027 0.005
0.026 0.005
0.025 0.005
0.025 0.005
0.025 0.0060157870431
0.025 0.0070315740862
0.025 0.0080473611293
0.025 0.0090631481724
0.025 0.0100789352155
0.025 0.0110947222586
0.025 0.0121105093017
0.025 0.0131262963448
0.025 0.0141420833879
0.025 0.015157870431
0.025 0.0161736574741
0.025 0.0171894445172
0.025 0.0182052315603
0.025 0.0192210186034
0.025 0.0202368056465
0.025 0.0202368056465
0.024 0.0202368056465
0.024 0.0202368056465
0.024 0.0192210186034
0.024 0.0182052315603
0.024 0.0171894445172
0.024 0.0161736574741
0.024 0.015157870431
0.024 0.0141420833879
0.024 0.0131262963448
0.024 0.0121105093017
0.024 0.0110947222586
0.024 0.0100789352155
0.024 0.0090631481724
0.024 0.0080473611293
0.024 0.0070315740862
0.024 0.0060157870431
0.024 0.005
0.024 0.005
0.023 0.005
0.022 0.005
0.022 0.005
0.022 0.00600946197235
0.022 0.0070189239447
0.022 0.00802838591705
0.022 0.0090378478894
0.022 0.0100473098618
0.022 0.0110567718341
0.022 0.0120662338065
0.022 0.0130756957788
0.022 0.0140851577512
0.022 0.0150946197235
0.022 0.0161040816959
0.022 0.0171135436682
0.022 0.0181230056406
0.022 0.0191324676129
0.022 0.0191324676129
0.021 0.0191324676129
0.021 0.0191324676129
0.021 0.0181230056406
0.021 0.0171135436682
0.021 0.0161040816959
0.021 0.0150946197235
0.021 0.0140851577512
0.021 0.0130756957788
0.021 0.0120662338065
0.021 0.0110567718341
0.021 0.0100473098618
0.021 0.0090378478894
0.021 0.00802838591705
0.021 0.0070189239447
0.021 0.00600946197235
0.021 0.005
0.021 0.005
0.02 0.005
0.019 0.005
0.019 0.005
0.019 0.00602054037298
0.019 0.00704108074597
0.019 0.00806162111895
0.019 0.00908216149194
0.019 0.0101027018649
0.019 0.0111232422379
0.019 0.0121437826109
0.019 0.0131643229839
0.019 0.0141848633569
0.019 0.0141848633569
0.018 0.0141848633569
0.018 0.0141848633569
0.018 0.0131643229839
0.018 0.0121437826109
0.018 0.0111232422379
0.018 0.0101027018649
0.018 0.00908216149194
0.018 0.00806162111895
0.018 0.00704108074597
0.018 0.00602054037298
0.018 0.005
0.018 0.005
0.017 0.005
0.016 0.005
0.016 0.005
0.016 0.00599094866222
0.016 0.00698189732445
0.016 0.00797284598667
0.016 0.0089637946489
0.016 0.00995474331112
0.016 0.0109456919733
0.016 0.0119366406356
0.016 0.0129275892978
0.016 0.01391853796
0.016 0.0149094866222
0.016 0.0159004352845
0.016 0.0168913839467
0.016 0.0178823326089
0.016 0.0188732812711
0.016 0.0198642299334
0.016 0.0208551785956
0.016 0.0218461272578
0.016 0.02283707592
0.016 0.0238280245823
0.016 0.0238280245823
0.015 0.0238280245823
0.015 0.0238280245823
0.015 0.02283707592
0.015 0.0218461272578
0.015 0.0208551785956
0.015 0.0198642299334
0.015 0.0188732812711
0.015 0.0178823326089
0.015 0.0168913839467
0.015 0.0159004352845
0.015 0.0149094866222
0.015 0.01391853796
0.015 0.0129275892978
0.015 0.0119366406356
0.015 0.0109456919733
0.015 0.00995474331112
0.015 0.0089637946489
0.015 0.00797284598667
0.015 0.00698189732445
0.015 0.00599094866222
0.015 0.005
0.015 0.005
0.014 0.005
0.013 0.005
0.013 0.005
0.013 0.00597431319046
0.013 0.00694862638092
0.013 0.00792293957138
0.013 0.00889725276184
0.013 0.0098715659523
0.013 0.0108458791428
0.013 0.0118201923332
0.013 0.0127945055237
0.013 0.0137688187141
0.013 0.0147431319046
0.013 0.0157174450951
0.013 0.0166917582855
0.013 0.0166917582855
0.012 0.0166917582855
0.012 0.0166917582855
0.012 0.0157174450951
0.012 0.0147431319046
0.012 0.0137688187141
0.012 0.0127945055237
0.012 0.0118201923332
0.012 0.0108458791428
0.012 0.0098715659523
0.012 0.00889725276184
0.012 0.00792293957138
0.012 0.00694862638092
0.012 0.00597431319046
0.012 0.005
0.012 0.005
0.011 0.005
0.01 0.005
0.01 0.005
0.01 0.00602628198279
0.01 0.00705256396558
0.01 0.00807884594838
0.01 0.00910512793117
0.01 0.010131409914
0.01 0.0111576918968
0.01 0.0121839738795
0.01 0.0132102558623
0.01 0.0142365378451
0.01 0.0152628198279
0.01 0.0162891018107
0.01 0.0173153837935
0.01 0.0183416657763
0.01 0.0193679477591
0.01 0.0203942297419
0.01 0.0214205117247
0.01 0.0224467937075
0.01 0.0234730756903
0.01 0.0234730756903
0.009 0.0234730756903
0.009 0.0234730756903
0.009 0.0224467937075
0.009 0.0214205117247
0.009 0.0203942297419
0.009 0.0193679477591
0.009 0.0183416657763
0.009 0.0173153837935
0.009 0.0162891018107
0.009 0.0152628198279
0.009 0.0142365378451
0.009 0.0132102558623
0.009 0.0121839738795
0.009 0.0111576918968
0.009 0.010131409914
0.009 0.00910512793117
0.009 0.00807884594838
0.009 0.00705256396558
0.009 0.00602628198279
0.009 0.005
0.009 0.005
0.008 0.005
0.007 0.005
0.007 0.005
0.007 0.00598430192029
0.007 0.00696860384058
0.007 0.00795290576087
0.007 0.00893720768116
0.007 0.00992150960145
0.007 0.0109058115217
0.007 0.011890113442
0.007 0.0128744153623
0.007 0.0138587172826
0.007 0.0148430192029
0.007 0.0158273211232
0.007 0.0168116230435
0.007 0.0177959249638
0.007 0.0187802268841
0.007 0.0187802268841
0.006 0.0187802268841
0.006 0.0187802268841
0.006 0.0177959249638
0.006 0.0168116230435
0.006 0.0158273211232
0.006 0.0148430192029
0.006 0.0138587172826
0.006 0.0128744153623
0.006 0.011890113442
0.006 0.0109058115217
0.006 0.00992150960145
0.006 0.00893720768116
0.006 0.00795290576087
0.006 0.00696860384058
0.006 0.00598430192029
0.006 0.005
0.006 0.005
0.005 0.005
0.004 0.005
0.004 0.005
0.004 0.00597072082944
0.004 0.00694144165888
0.004 0.00791216248832
0.004 0.00888288331776
0.004 0.0098536041472
0.004 0.0108243249766
0.004 0.0117950458061
0.004 0.0127657666355
0.004 0.0127657666355
0.003 0.0127657666355
0.003 0.0127657666355
0.003 0.0117950458061
0.003 0.0108243249766
0.003 0.0098536041472
0.003 0.00888288331776
0.003 0.00791216248832
0.003 0.00694144165888
0.003 0.00597072082944
0.003 0.005
0.003 0.005
0.002 0.005
0.001 0.005
0.001 0.005
0.001 0.00601809980644
0.001 0.00703619961288
0.001 0.00805429941932
0.001 0.00907239922576
0.001 0.0100904990322
0.001 0.0111085988386
0.001 0.0121266986451
0.001 0.0131447984515
0.001 0.014162898258
0.001 0.0151809980644
0.001 0.0161990978708
0.001 0.0172171976773
0.001 0.0182352974837
0.001 0.0192533972902
0.001 0.0202714970966
0.001 0.021289596903
0.001 0.0223076967095
0.001 0.0233257965159
0.001 0.0233257965159
0 0.0233257965159
0 0.0233257965159
0 0.02231163145
0 0.0212974663841
0 0.0202833013182
0 0.0192691362523
0 0.0182549711864
0 0.0172408061205
0 0.0162266410546
0 0.0152124759887
0 0.0141983109227
0 0.0131841458568
0 0.0121699807909
0 0.011155815725
0 0.0101416506591
0 0.00912748559319
0 0.00811332052728
0 0.00709915546137
0 0.00608499039546
0 0.00507082532955
0 0.00405666026364
0 0.00304249519773
0 0.00202833013182
0 0.00101416506591
0 3.46944695195e-18
336
1 2 3
2 3 3
3 4 3
4 5 3
5 6 3
6 7 3
7 8 3
8 9 3
9 10 3
10 11 3
11 12 3
12 13 3
13 14 3
14 15 3
15 16 3
16 17 3
17 18 3
18 19 3
19 20 3
20 21 3
21 22 3
22 23 3
23 24 3
24 25 3
25 26 3
26 27 3
27 28 3
28 29 3
30 31 1
31 32 1
32 33 1
33 34 1
34 35 1
35 36 1
36 37 1
37 38 1
38 39 1
39 40 1
40 41 1
41 42 1
42 43 1
44 45 2
46 47 2
47 48 2
48 49 2
49 50 2
50 51 2
51 52 2
52 53 2
53 54 2
55 56 2
56 57 2
58 59 2
59 60 2
60 61 2
61 62 2
62 63 2
63 64 2
64 65 2
65 66 2
66 67 2
67 68 2
68 69 2
69 70 2
70 71 2
71 72 2
72 73 2
74 75 2
76 77 2
77 78 2
78 79 2
79 80 2
80 81 2
81 82 2
82 83 2
83 84 2
84 85 2
85 86 2
86 87 2
87 88 2
88 89 2
89 90 2
90 91 2
92 93 2
93 94 2
95 96 2
96 97 2
97 98 2
98 99 2
99 100 2
100 101 2
101 102 2
102 103 2
103 104 2
104 105 2
105 106 2
106 107 2
107 108 2
108 109 2
110 111 2
112 113 2
113 114 2
114 115 2
115 116 2
116 117 2
117 118 2
118 119 2
119 120 2
120 121 2
121 122 2
122 123 2
123 124 2
124 125 2
125 126 2
127 128 2
128 129 2
130 131 2
131 132 2
132 133 2
133 134 2
134 135 2
135 136 2
136 137 2
137 138 2
138 139 2
140 141 2
142 143 2
143 144 2
144 145 2
145 146 2
146 147 2
147 148 2
148 149 2
149 150 2
150 151 2
152 153 2
153 154 2
155 156 2
156 157 2
157 158 2
158 159 2
159 160 2
160 161 2
161 162 2
162 163 2
163 164 2
164 165 2
165 166 2
166 167 2
167 168 2
168 169 2
169 170 2
170 171 2
171 172 2
172 173 2
173 174 2
175 176 2
177 178 2
178 179 2
179 180 2
180 181 2
181 182 2
182 183 2
183 184 2
184 185 2
185 186 2
186 187 2
187 188 2
188 189 2
189 190 2
190 191 2
191 192 2
192 193 2
193 194 2
194 195 2
195 196 2
197 198 2
198 199 2
200 201 2
201 202 2
202 203 2
203 204 2
204 205 2
205 206 2
206 207 2
207 208 2
208 209 2
209 210 2
210 211 2
211 212 2
213 214 2
215 216 2
216 217 2
217 218 2
218 219 2
219 220 2
220 221 2
221 222 2
222 223 2
223 224 2
224 225 2
225 226 2
226 227 2
228 229 2
229 230 2
231 232 2
232 233 2
233 234 2
234 235 2
235 236 2
236 237 2
237 238 2
238 239 2
239 240 2
240 241 2
241 242 2
242 243 2
243 244 2
244 245 2
245 246 2
246 247 2
247 248 2
248 249 2
250 251 2
252 253 2
253 254 2
254 255 2
255 256 2
256 257 2
257 258 2
258 259 2
259 260 2
260 261 2
261 262 2
262 263 2
263 264 2
264 265 2
265 266 2
266 267 2
267 268 2
268 269 2
269 270 2
271 272 2
272 273 2
274 275 2
275 276 2
276 277 2
277 278 2
278 279 2
279 280 2
280 281 2
281 282 2
282 283 2
283 284 2
284 285 2
285 286 2
286 287 2
287 288 2
289 290 2
291 292 2
292 293 2
293 294 2
294 295 2
295 296 2
296 297 2
297 298 2
298 299 2
299 300 2
300 301 2
301 302 2
302 303 2
303 304 2
304 305 2
306 307 2
307 308 2
309 310 2
310 311 2
311 312 2
312 313 2
313 314 2
314 315 2
315 316 2
316 317 2
318 319 2
320 321 2
321 322 2
322 323 2
323 324 2
324 325 2
325 326 2
326 327 2
327 328 2
329 330 2
330 331 2
332 333 2
333 334 2
334 335 2
335 336 2
336 337 2
337 338 2
338 339 2
339 340 2
340 341 2
341 342 2
342 343 2
343 344 2
344 345 2
345 346 2
346 347 2
347 348 2
348 349 2
349 350 2
351 352 2
353 354 1
354 355 1
355 356 1
356 357 1
357 358 1
358 359 1
359 360 1
360 361 1
361 362 1
362 363 1
363 364 1
364 365 1
365 366 1
366 367 1
367 368 1
368 369 1
369 370 1
370 371 1
371 372 1
372 373 1
373 374 1
374 375 1
375 376 1
30
0.014 0.0005
0.014 0.000637931034483
0.014 0.000775862068966
0.014 0.000913793103448
0.014 0.00105172413793
0.014 0.00118965517241
0.014 0.0013275862069
0.014 0.00146551724138
0.014 0.00160344827586
0.014 0.00174137931034
0.014 0.00187931034483
0.014 0.00201724137931
0.014 0.00215517241379
0.014 0.00229310344828
0.014 0.00243103448276
0.014 0.00256896551724
0.014 0.00270689655172
0.014 0.00284482758621
0.014 0.00298275862069
0.014 0.00312068965517
0.014 0.00325862068966
0.014 0.00339655172414
0.014 0.00353448275862
0.014 0.0036724137931
0.014 0.00381034482759
0.014 0.00394827586207
0.014 0.00408620689655
0.014 0.00422413793103
0.014 0.00436206896552
0.014 0.0045
