50
50
3
1 0
2 60
1 -23292
340
0 0
0.001 0
0.002 0
0.003 0
0.004 0
0.005 0
0.006 0
0.007 0
0.008 0
0.009 0
0.01 0
0.011 0
0.012 0
0.013 0
0.014 0
0.015 0
0.016 0
0.017 0
0.018 0
0.019 0
0.02 0
0.021 0
0.022 0
0.023 0
0.024 0
0.025 0
0.026 0
0.027 0
0.028 0
0.028 0
0.028 0.00101987837372
0.028 0.00203975674744
0.028 0.00305963512116
0.028 0.00407951349488
0.028 0.0050993918686
0.028 0.00611927024232
0.028 0.00713914861604
0.028 0.00815902698976
0.028 0.00917890536348
0.028 0.0101987837372
0.028 0.0112186621109
0.028 0.0122385404846
0.028 0.0122385404846
0.027 0.0122385404846
0.027 0.0122385404846
0.027 0.0112044632726
0.027 0.0101703860605
0.027 0.00913630884837
0.027 0.00810223163628
0.027 0.00706815442418
0.027 0.00603407721209
0.027 0.005
0.027 0.005
0.026 0.005
0.025 0.005
0.025 0.005
0.025 0.00599733338709
0.025 0.00699466677419
0.025 0.00799200016128
0.025 0.00898933354838
0.025 0.00998666693547
0.025 0.0109840003226
0.025 0.0119813337097
0.025 0.0129786670968
0.025 0.0139760004839
0.025 0.0149733338709
0.025 0.015970667258
0.025 0.0169680006451
0.025 0.0179653340322
0.025 0.0189626674193
0.025 0.0199600008064
0.025 0.0209573341935
0.025 0.0219546675806
0.025 0.0229520009677
0.025 0.0239493343548
0.025 0.0239493343548
0.024 0.0239493343548
0.024 0.0239493343548
0.024 0.0229520009677
0.024 0.0219546675806
0.024 0.0209573341935
0.024 0.0199600008064
0.024 0.0189626674193
0.024 0.0179653340322
0.024 0.0169680006451
0.024 0.015970667258
0.024 0.0149733338709
0.024 0.0139760004839
0.024 0.0129786670968
0.024 0.0119813337097
0.024 0.0109840003226
0.024 0.00998666693547
0.024 0.00898933354838
0.024 0.00799200016128
0.024 0.00699466677419
0.024 0.00599733338709
0.024 0.005
0.024 0.005
0.023 0.005
0.022 0.005
0.022 0.005
0.022 0.00599318672439
0.022 0.00698637344879
0.022 0.00797956017318
0.022 0.00897274689758
0.022 0.00996593362197
0.022 0.0109591203464
0.022 0.0119523070708
0.022 0.0129454937952
0.022 0.0139386805195
0.022 0.0149318672439
0.022 0.0159250539683
0.022 0.0169182406927
0.022 0.0179114274171
0.022 0.0189046141415
0.022 0.0198978008659
0.022 0.0208909875903
0.022 0.0218841743147
0.022 0.0228773610391
0.022 0.0238705477635
0.022 0.0248637344879
0.022 0.0248637344879
0.021 0.0248637344879
0.021 0.0248637344879
0.021 0.0238705477635
0.021 0.0228773610391
0.021 0.0218841743147
0.021 0.0208909875903
0.021 0.0198978008659
0.021 0.0189046141415
0.021 0.0179114274171
0.021 0.0169182406927
0.021 0.0159250539683
0.021 0.0149318672439
0.021 0.0139386805195
0.021 0.0129454937952
0.021 0.0119523070708
0.021 0.0109591203464
0.021 0.00996593362197
0.021 0.00897274689758
0.021 0.00797956017318
0.021 0.00698637344879
0.021 0.00599318672439
0.021 0.005
0.021 0.005
0.02 0.005
0.019 0.005
0.019 0.005
0.019 0.00601898160781
0.019 0.00703796321563
0.019 0.00805694482344
0.019 0.00907592643125
0.019 0.0100949080391
0.019 0.0111138896469
0.019 0.0121328712547
0.019 0.0131518528625
0.019 0.0141708344703
0.019 0.0151898160781
0.019 0.0162087976859
0.019 0.0162087976859
0.018 0.0162087976859
0.018 0.0162087976859
0.018 0.0151898160781
0.018 0.0141708344703
0.018 0.0131518528625
0.018 0.0121328712547
0.018 0.0111138896469
0.018 0.0100949080391
0.018 0.00907592643125
0.018 0.00805694482344
0.018 0.00703796321563
0.018 0.00601898160781
0.018 0.005
0.018 0.005
0.017 0.005
0.016 0.005
0.016 0.005
0.016 0.00596785204963
0.016 0.00693570409925
0.016 0.00790355614888
0.016 0.0088714081985
0.016 0.00983926024813
0.016 0.0108071122978
0.016 0.0117749643474
0.016 0.012742816397
0.016 0.0137106684466
0.016 0.0146785204963
0.016 0.0156463725459
0.016 0.0166142245955
0.016 0.0175820766451
0.016 0.0185499286948
0.016 0.0195177807444
0.016 0.0195177807444
0.015 0.0195177807444
0.015 0.0195177807444
0.015 0.0185499286948
0.015 0.0175820766451
0.015 0.0166142245955
0.015 0.0156463725459
0.015 0.0146785204963
0.015 0.0137106684466
0.015 0.012742816397
0.015 0.0117749643474
0.015 0.0108071122978
0.015 0.00983926024813
0.015 0.0088714081985
0.015 0.00790355614888
0.015 0.00693570409925
0.015 0.00596785204963
0.015 0.005
0.015 0.005
0.014 0.005
0.013 0.005
0.013 0.005
0.013 0.0059787546996
0.013 0.00695750939921
0.013 0.00793626409881
0.013 0.00891501879841
0.013 0.00989377349801
0.013 0.0108725281976
0.013 0.0118512828972
0.013 0.0118512828972
0.012 0.0118512828972
0.012 0.0118512828972
0.012 0.0108725281976
0.012 0.00989377349801
0.012 0.00891501879841
0.012 0.00793626409881
0.012 0.00695750939921
0.012 0.0059787546996
0.012 0.005
0.012 0.005
0.011 0.005
0.01 0.005
0.01 0.005
0.01 0.00595950776424
0.01 0.00691901552847
0.01 0.00787852329271
0.01 0.00883803105695
0.01 0.00979753882119
0.01 0.0107570465854
0.01 0.0117165543497
0.01 0.0126760621139
0.01 0.0136355698781
0.01 0.0145950776424
0.01 0.0155545854066
0.01 0.0155545854066
0.009 0.0155545854066
0.009 0.0155545854066
0.009 0.0145950776424
0.009 0.0136355698781
0.009 0.0126760621139
0.009 0.0117165543497
0.009 0.0107570465854
0.009 0.00979753882119
0.009 0.00883803105695
0.009 0.00787852329271
0.009 0.00691901552847
0.009 0.00595950776424
0.009 0.005
0.009 0.005
0.008 0.005
0.007 0.005
0.007 0.005
0.007 0.00601976851146
0.007 0.00703953702292
0.007 0.00805930553439
0.007 0.00907907404585
0.007 0.0100988425573
0.007 0.0111186110688
0.007 0.0111186110688
0.006 0.0111186110688
0.006 0.0111186110688
0.006 0.0100988425573
0.006 0.00907907404585
0.006 0.00805930553439
0.006 0.00703953702292
0.006 0.00601976851146
0.006 0.005
0.006 0.005
0.005 0.005
0.004 0.005
0.004 0.005
0.004 0.00594802444027
0.004 0.00689604888054
0.004 0.00784407332081
0.004 0.00879209776108
0.004 0.00974012220135
0.004 0.0106881466416
0.004 0.0116361710819
0.004 0.0125841955222
0.004 0.0125841955222
0.003 0.0125841955222
0.003 0.0125841955222
0.003 0.0116361710819
0.003 0.0106881466416
0.003 0.00974012220135
0.003 0.00879209776108
0.003 0.00784407332081
0.003 0.00689604888054
0.003 0.00594802444027
0.003 0.005
0.003 0.005
0.002 0.005
0.001 0.005
0.001 0.005
0.001 0.00598323567392
0.001 0.00696647134785
0.001 0.00794970702177
0.001 0.00893294269569
0.001 0.00991617836962
0.001 0.0108994140435
0.001 0.0118826497175
0.001 0.0128658853914
0.001 0.0138491210653
0.001 0.0148323567392
0.001 0.0158155924132
0.001 0.0167988280871
0.001 0.017782063761
0.001 0.017782063761
0 0.017782063761
0 0.017782063761
0 0.0167941713298
0 0.0158062788987
0 0.0148183864675
0 0.0138304940363
0 0.0128426016052
0 0.011854709174
0 0.0108668167428
0 0.00987892431167
0 0.0088910318805
0 0.00790313944933
0 0.00691524701817
0 0.005927354587
0 0.00493946215583
0 0.00395156972467
0 0.0029636772935
0 0.00197578486233
0 0.000987892431167
0 0
300
1 2 3
2 3 3
3 4 3
4 5 3
5 6 3
6 7 3
7 8 3
8 9 3
9 10 3
10 11 3
11 12 3
12 13 3
13 14 3
14 15 3
15 16 3
16 17 3
17 18 3
18 19 3
19 20 3
20 21 3
21 22 3
22 23 3
23 24 3
24 25 3
25 26 3
26 27 3
27 28 3
28 29 3
30 31 1
31 32 1
32 33 1
33 34 1
34 35 1
35 36 1
36 37 1
37 38 1
38 39 1
39 40 1
40 41 1
41 42 1
43 44 2
45 46 2
46 47 2
47 48 2
48 49 2
49 50 2
50 51 2
51 52 2
53 54 2
54 55 2
56 57 2
57 58 2
58 59 2
59 60 2
60 61 2
61 62 2
62 63 2
63 64 2
64 65 2
65 66 2
66 67 2
67 68 2
68 69 2
69 70 2
70 71 2
71 72 2
72 73 2
73 74 2
74 75 2
76 77 2
78 79 2
79 80 2
80 81 2
81 82 2
82 83 2
83 84 2
84 85 2
85 86 2
86 87 2
87 88 2
88 89 2
89 90 2
90 91 2
91 92 2
92 93 2
93 94 2
94 95 2
95 96 2
96 97 2
98 99 2
99 100 2
101 102 2
102 103 2
103 104 2
104 105 2
105 106 2
106 107 2
107 108 2
108 109 2
109 110 2
110 111 2
111 112 2
112 113 2
113 114 2
114 115 2
115 116 2
116 117 2
117 118 2
118 119 2
119 120 2
120 121 2
122 123 2
124 125 2
125 126 2
126 127 2
127 128 2
128 129 2
129 130 2
130 131 2
131 132 2
132 133 2
133 134 2
134 135 2
135 136 2
136 137 2
137 138 2
138 139 2
139 140 2
140 141 2
141 142 2
142 143 2
143 144 2
145 146 2
146 147 2
148 149 2
149 150 2
150 151 2
151 152 2
152 153 2
153 154 2
154 155 2
155 156 2
156 157 2
157 158 2
158 159 2
160 161 2
162 163 2
163 164 2
164 165 2
165 166 2
166 167 2
167 168 2
168 169 2
169 170 2
170 171 2
171 172 2
172 173 2
174 175 2
175 176 2
177 178 2
178 179 2
179 180 2
180 181 2
181 182 2
182 183 2
183 184 2
184 185 2
185 186 2
186 187 2
187 188 2
188 189 2
189 190 2
190 191 2
191 192 2
193 194 2
195 196 2
196 197 2
197 198 2
198 199 2
199 200 2
200 201 2
201 202 2
202 203 2
203 204 2
204 205 2
205 206 2
206 207 2
207 208 2
208 209 2
209 210 2
211 212 2
212 213 2
214 215 2
215 216 2
216 217 2
217 218 2
218 219 2
219 220 2
220 221 2
222 223 2
224 225 2
225 226 2
226 227 2
227 228 2
228 229 2
229 230 2
230 231 2
232 233 2
233 234 2
235 236 2
236 237 2
237 238 2
238 239 2
239 240 2
240 241 2
241 242 2
242 243 2
243 244 2
244 245 2
245 246 2
247 248 2
249 250 2
250 251 2
251 252 2
252 253 2
253 254 2
254 255 2
255 256 2
256 257 2
257 258 2
258 259 2
259 260 2
261 262 2
262 263 2
264 265 2
265 266 2
266 267 2
267 268 2
268 269 2
269 270 2
271 272 2
273 274 2
274 275 2
275 276 2
276 277 2
277 278 2
278 279 2
280 281 2
281 282 2
283 284 2
284 285 2
285 286 2
286 287 2
287 288 2
288 289 2
289 290 2
290 291 2
292 293 2
294 295 2
295 296 2
296 297 2
297 298 2
298 299 2
299 300 2
300 301 2
301 302 2
303 304 2
304 305 2
306 307 2
307 308 2
308 309 2
309 310 2
310 311 2
311 312 2
312 313 2
313 314 2
314 315 2
315 316 2
316 317 2
317 318 2
318 319 2
320 321 2
322 323 1
323 324 1
324 325 1
325 326 1
326 327 1
327 328 1
328 329 1
329 330 1
330 331 1
331 332 1
332 333 1
333 334 1
334 335 1
335 336 1
336 337 1
337 338 1
338 339 1
339 340 1
30
0.014 0.0005
0.014 0.000637931034483
0.014 0.000775862068966
0.014 0.000913793103448
0.014 0.00105172413793
0.014 0.00118965517241
0.014 0.0013275862069
0.014 0.00146551724138
0.014 0.00160344827586
0.014 0.00174137931034
0.014 0.00187931034483
0.014 0.00201724137931
0.014 0.00215517241379
0.014 0.00229310344828
0.014 0.00243103448276
0.014 0.00256896551724
0.014 0.00270689655172
0.014 0.00284482758621
0.014 0.00298275862069
0.014 0.00312068965517
0.014 0.00325862068966
0.014 0.00339655172414
0.014 0.00353448275862
0.014 0.0036724137931
0.014 0.00381034482759
0.014 0.00394827586207
0.014 0.00408620689655
0.014 0.00422413793103
0.014 0.00436206896552
0.014 0.0045
