50
50
3
1 0
2 60
1 -23292
316
0 0
0.001 0
0.002 0
0.003 0
0.004 0
0.005 0
0.006 0
0.007 0
0.008 0
0.009 0
0.01 0
0.011 0
0.012 0
0.013 0
0.014 0
0.015 0
0.016 0
0.017 0
0.018 0
0.019 0
0.02 0
0.021 0
0.022 0
0.023 0
0.024 0
0.025 0
0.026 0
0.027 0
0.028 0
0.028 0
0.028 0.000969524971384
0.028 0.00193904994277
0.028 0.00290857491415
0.028 0.00387809988554
0.028 0.00484762485692
0.028 0.00581714982831
0.028 0.00678667479969
0.028 0.00775619977107
0.028 0.00872572474246
0.028 0.00969524971384
0.028 0.0106647746852
0.028 0.0116342996566
0.028 0.012603824628
0.028 0.0135733495994
0.028 0.0145428745708
0.028 0.0145428745708
0.027 0.0145428745708
0.027 0.0145428745708
0.027 0.0135885871137
0.027 0.0126342996566
0.027 0.0116800121995
0.027 0.0107257247425
0.027 0.00977143728538
0.027 0.00881714982831
0.027 0.00786286237123
0.027 0.00690857491415
0.027 0.00595428745708
0.027 0.005
0.027 0.005
0.026 0.005
0.025 0.005
0.025 0.005
0.025 0.00603168729073
0.025 0.00706337458146
0.025 0.00809506187219
0.025 0.00912674916292
0.025 0.0101584364536
0.025 0.0111901237444
0.025 0.0111901237444
0.024 0.0111901237444
0.024 0.0111901237444
0.024 0.0101584364536
0.024 0.00912674916292
0.024 0.00809506187219
0.024 0.00706337458146
0.024 0.00603168729073
0.024 0.005
0.024 0.005
0.023 0.005
0.022 0.005
0.022 0.005
0.022 0.0059626666609
0.022 0.00692533332181
0.022 0.00788799998271
0.022 0.00885066664362
0.022 0.00981333330452
0.022 0.0107759999654
0.022 0.0117386666263
0.022 0.0127013332872
0.022 0.0136639999481
0.022 0.0136639999481
0.021 0.0136639999481
0.021 0.0136639999481
0.021 0.0127013332872
0.021 0.0117386666263
0.021 0.0107759999654
0.021 0.00981333330452
0.021 0.00885066664362
0.021 0.00788799998271
0.021 0.00692533332181
0.021 0.0059626666609
0.021 0.005
0.021 0.005
0.02 0.005
0.019 0.005
0.019 0.005
0.019 0.00598581439396
0.019 0.00697162878792
0.019 0.00795744318187
0.019 0.00894325757583
0.019 0.00992907196979
0.019 0.0109148863637
0.019 0.0119007007577
0.019 0.0119007007577
0.018 0.0119007007577
0.018 0.0119007007577
0.018 0.0109148863637
0.018 0.00992907196979
0.018 0.00894325757583
0.018 0.00795744318187
0.018 0.00697162878792
0.018 0.00598581439396
0.018 0.005
0.018 0.005
0.017 0.005
0.016 0.005
0.016 0.005
0.016 0.00597559178529
0.016 0.00695118357059
0.016 0.00792677535588
0.016 0.00890236714118
0.016 0.00987795892647
0.016 0.0108535507118
0.016 0.0118291424971
0.016 0.0128047342824
0.016 0.0137803260676
0.016 0.0147559178529
0.016 0.0157315096382
0.016 0.0157315096382
0.015 0.0157315096382
0.015 0.0157315096382
0.015 0.0147559178529
0.015 0.0137803260676
0.015 0.0128047342824
0.015 0.0118291424971
0.015 0.0108535507118
0.015 0.00987795892647
0.015 0.00890236714118
0.015 0.00792677535588
0.015 0.00695118357059
0.015 0.00597559178529
0.015 0.005
0.015 0.005
0.014 0.005
0.013 0.005
0.013 0.005
0.013 0.00603926612775
0.013 0.0070785322555
0.013 0.00811779838325
0.013 0.00915706451099
0.013 0.0101963306387
0.013 0.0112355967665
0.013 0.0122748628942
0.013 0.013314129022
0.013 0.0143533951497
0.013 0.0153926612775
0.013 0.0164319274052
0.013 0.0164319274052
0.012 0.0164319274052
0.012 0.0164319274052
0.012 0.0153926612775
0.012 0.0143533951497
0.012 0.013314129022
0.012 0.0122748628942
0.012 0.0112355967665
0.012 0.0101963306387
0.012 0.00915706451099
0.012 0.00811779838325
0.012 0.0070785322555
0.012 0.00603926612775
0.012 0.005
0.012 0.005
0.011 0.005
0.01 0.005
0.01 0.005
0.01 0.005990771981
0.01 0.006981543962
0.01 0.007972315943
0.01 0.008963087924
0.01 0.009953859905
0.01 0.010944631886
0.01 0.011935403867
0.01 0.012926175848
0.01 0.013916947829
0.01 0.01490771981
0.01 0.015898491791
0.01 0.016889263772
0.01 0.017880035753
0.01 0.018870807734
0.01 0.018870807734
0.009 0.018870807734
0.009 0.018870807734
0.009 0.017880035753
0.009 0.016889263772
0.009 0.015898491791
0.009 0.01490771981
0.009 0.013916947829
0.009 0.012926175848
0.009 0.011935403867
0.009 0.010944631886
0.009 0.009953859905
0.009 0.008963087924
0.009 0.007972315943
0.009 0.006981543962
0.009 0.005990771981
0.009 0.005
0.009 0.005
0.008 0.005
0.007 0.005
0.007 0.005
0.007 0.00597870325713
0.007 0.00695740651425
0.007 0.00793610977138
0.007 0.00891481302851
0.007 0.00989351628563
0.007 0.0108722195428
0.007 0.0118509227999
0.007 0.012829626057
0.007 0.0138083293141
0.007 0.0138083293141
0.006 0.0138083293141
0.006 0.0138083293141
0.006 0.012829626057
0.006 0.0118509227999
0.006 0.0108722195428
0.006 0.00989351628563
0.006 0.00891481302851
0.006 0.00793610977138
0.006 0.00695740651425
0.006 0.00597870325713
0.006 0.005
0.006 0.005
0.005 0.005
0.004 0.005
0.004 0.005
0.004 0.00602863067319
0.004 0.00705726134637
0.004 0.00808589201956
0.004 0.00911452269275
0.004 0.0101431533659
0.004 0.0111717840391
0.004 0.0122004147123
0.004 0.0132290453855
0.004 0.0142576760587
0.004 0.0152863067319
0.004 0.0163149374051
0.004 0.0173435680782
0.004 0.0183721987514
0.004 0.0194008294246
0.004 0.0204294600978
0.004 0.021458090771
0.004 0.021458090771
0.003 0.021458090771
0.003 0.021458090771
0.003 0.0204294600978
0.003 0.0194008294246
0.003 0.0183721987514
0.003 0.0173435680782
0.003 0.0163149374051
0.003 0.0152863067319
0.003 0.0142576760587
0.003 0.0132290453855
0.003 0.0122004147123
0.003 0.0111717840391
0.003 0.0101431533659
0.003 0.00911452269275
0.003 0.00808589201956
0.003 0.00705726134637
0.003 0.00602863067319
0.003 0.005
0.003 0.005
0.002 0.005
0.001 0.005
0.001 0.005
0.001 0.00599161258051
0.001 0.00698322516102
0.001 0.00797483774153
0.001 0.00896645032204
0.001 0.00995806290255
0.001 0.0109496754831
0.001 0.0119412880636
0.001 0.0129329006441
0.001 0.0139245132246
0.001 0.0149161258051
0.001 0.0159077383856
0.001 0.0168993509661
0.001 0.0168993509661
0 0.0168993509661
0 0.0168993509661
0 0.0159052714975
0 0.0149111920289
0 0.0139171125603
0 0.0129230330917
0 0.0119289536231
0 0.0109348741545
0 0.00994079468595
0 0.00894671521735
0 0.00795263574876
0 0.00695855628016
0 0.00596447681157
0 0.00497039734297
0 0.00397631787438
0 0.00298223840578
0 0.00198815893719
0 0.000994079468595
0 0
276
1 2 3
2 3 3
3 4 3
4 5 3
5 6 3
6 7 3
7 8 3
8 9 3
9 10 3
10 11 3
11 12 3
12 13 3
13 14 3
14 15 3
15 16 3
16 17 3
17 18 3
18 19 3
19 20 3
20 21 3
21 22 3
22 23 3
23 24 3
24 25 3
25 26 3
26 27 3
27 28 3
28 29 3
30 31 1
31 32 1
32 33 1
33 34 1
34 35 1
35 36 1
36 37 1
37 38 1
38 39 1
39 40 1
40 41 1
41 42 1
42 43 1
43 44 1
44 45 1
46 47 2
48 49 2
49 50 2
50 51 2
51 52 2
52 53 2
53 54 2
54 55 2
55 56 2
56 57 2
57 58 2
59 60 2
60 61 2
62 63 2
63 64 2
64 65 2
65 66 2
66 67 2
67 68 2
69 70 2
71 72 2
72 73 2
73 74 2
74 75 2
75 76 2
76 77 2
78 79 2
79 80 2
81 82 2
82 83 2
83 84 2
84 85 2
85 86 2
86 87 2
87 88 2
88 89 2
89 90 2
91 92 2
93 94 2
94 95 2
95 96 2
96 97 2
97 98 2
98 99 2
99 100 2
100 101 2
101 102 2
103 104 2
104 105 2
106 107 2
107 108 2
108 109 2
109 110 2
110 111 2
111 112 2
112 113 2
114 115 2
116 117 2
117 118 2
118 119 2
119 120 2
120 121 2
121 122 2
122 123 2
124 125 2
125 126 2
127 128 2
128 129 2
129 130 2
130 131 2
131 132 2
132 133 2
133 134 2
134 135 2
135 136 2
136 137 2
137 138 2
139 140 2
141 142 2
142 143 2
143 144 2
144 145 2
145 146 2
146 147 2
147 148 2
148 149 2
149 150 2
150 151 2
151 152 2
153 154 2
154 155 2
156 157 2
157 158 2
158 159 2
159 160 2
160 161 2
161 162 2
162 163 2
163 164 2
164 165 2
165 166 2
166 167 2
168 169 2
170 171 2
171 172 2
172 173 2
173 174 2
174 175 2
175 176 2
176 177 2
177 178 2
178 179 2
179 180 2
180 181 2
182 183 2
183 184 2
185 186 2
186 187 2
187 188 2
188 189 2
189 190 2
190 191 2
191 192 2
192 193 2
193 194 2
194 195 2
195 196 2
196 197 2
197 198 2
198 199 2
200 201 2
202 203 2
203 204 2
204 205 2
205 206 2
206 207 2
207 208 2
208 209 2
209 210 2
210 211 2
211 212 2
212 213 2
213 214 2
214 215 2
215 216 2
217 218 2
218 219 2
220 221 2
221 222 2
222 223 2
223 224 2
224 225 2
225 226 2
226 227 2
227 228 2
228 229 2
230 231 2
232 233 2
233 234 2
234 235 2
235 236 2
236 237 2
237 238 2
238 239 2
239 240 2
240 241 2
242 243 2
243 244 2
245 246 2
246 247 2
247 248 2
248 249 2
249 250 2
250 251 2
251 252 2
252 253 2
253 254 2
254 255 2
255 256 2
256 257 2
257 258 2
258 259 2
259 260 2
260 261 2
262 263 2
264 265 2
265 266 2
266 267 2
267 268 2
268 269 2
269 270 2
270 271 2
271 272 2
272 273 2
273 274 2
274 275 2
275 276 2
276 277 2
277 278 2
278 279 2
279 280 2
281 282 2
282 283 2
284 285 2
285 286 2
286 287 2
287 288 2
288 289 2
289 290 2
290 291 2
291 292 2
292 293 2
293 294 2
294 295 2
295 296 2
297 298 2
299 300 1
300 301 1
301 302 1
302 303 1
303 304 1
304 305 1
305 306 1
306 307 1
307 308 1
308 309 1
309 310 1
310 311 1
311 312 1
312 313 1
313 314 1
314 315 1
315 316 1
30
0.014 0.0005
0.014 0.000637931034483
0.014 0.000775862068966
0.014 0.000913793103448
0.014 0.00105172413793
0.014 0.00118965517241
0.014 0.0013275862069
0.014 0.00146551724138
0.014 0.00160344827586
0.014 0.00174137931034
0.014 0.00187931034483
0.014 0.00201724137931
0.014 0.00215517241379
0.014 0.00229310344828
0.014 0.00243103448276
0.014 0.00256896551724
0.014 0.00270689655172
0.014 0.00284482758621
0.014 0.00298275862069
0.014 0.00312068965517
0.014 0.00325862068966
0.014 0.00339655172414
0.014 0.00353448275862
0.014 0.0036724137931
0.014 0.00381034482759
0.014 0.00394827586207
0.014 0.00408620689655
0.014 0.00422413793103
0.014 0.00436206896552
0.014 0.0045
