50
50
3
1 0
2 60
1 -23292
332
0 0
0.001 0
0.002 0
0.003 0
0.004 0
0.005 0
0.006 0
0.007 0
0.008 0
0.009 0
0.01 0
0.011 0
0.012 0
0.013 0
0.014 0
0.015 0
0.016 0
0.017 0
0.018 0
0.019 0
0.02 0
0.021 0
0.022 0
0.023 0
0.024 0
0.025 0
0.026 0
0.027 0
0.028 0
0.028 0
0.028 0.000985593314162
0.028 0.00197118662832
0.028 0.00295677994249
0.028 0.00394237325665
0.028 0.00492796657081
0.028 0.00591355988497
0.028 0.00689915319913
0.028 0.00788474651329
0.028 0.00887033982746
0.028 0.00985593314162
0.028 0.0108415264558
0.028 0.0118271197699
0.028 0.0128127130841
0.028 0.0137983063983
0.028 0.0147838997124
0.028 0.0157694930266
0.028 0.0167550863408
0.028 0.0177406796549
0.028 0.0187262729691
0.028 0.0197118662832
0.028 0.0206974595974
0.028 0.0206974595974
0.027 0.0206974595974
0.027 0.0206974595974
0.027 0.0197163683726
0.027 0.0187352771477
0.027 0.0177541859229
0.027 0.016773094698
0.027 0.0157920034732
0.027 0.0148109122484
0.027 0.0138298210235
0.027 0.0128487297987
0.027 0.0118676385739
0.027 0.010886547349
0.027 0.00990545612419
0.027 0.00892436489935
0.027 0.00794327367451
0.027 0.00696218244967
0.027 0.00598109122484
0.027 0.005
0.027 0.005
0.026 0.005
0.025 0.005
0.025 0.005
0.025 0.00594288710765
0.025 0.0068857742153
0.025 0.00782866132295
0.025 0.0087715484306
0.025 0.00971443553826
0.025 0.0106573226459
0.025 0.0106573226459
0.024 0.0106573226459
0.024 0.0106573226459
0.024 0.00971443553826
0.024 0.0087715484306
0.024 0.00782866132295
0.024 0.0068857742153
0.024 0.00594288710765
0.024 0.005
0.024 0.005
0.023 0.005
0.022 0.005
0.022 0.005
0.022 0.00603861390346
0.022 0.00707722780693
0.022 0.00811584171039
0.022 0.00915445561386
0.022 0.0101930695173
0.022 0.0112316834208
0.022 0.0122702973242
0.022 0.0133089112277
0.022 0.0133089112277
0.021 0.0133089112277
0.021 0.0133089112277
0.021 0.0122702973242
0.021 0.0112316834208
0.021 0.0101930695173
0.021 0.00915445561386
0.021 0.00811584171039
0.021 0.00707722780693
0.021 0.00603861390346
0.021 0.005
0.021 0.005
0.02 0.005
0.019 0.005
0.019 0.005
0.019 0.00599662355498
0.019 0.00699324710995
0.019 0.00798987066493
0.019 0.0089864942199
0.019 0.00998311777488
0.019 0.0109797413299
0.019 0.0119763648848
0.019 0.0129729884398
0.019 0.0129729884398
0.018 0.0129729884398
0.018 0.0129729884398
0.018 0.0119763648848
0.018 0.0109797413299
0.018 0.00998311777488
0.018 0.0089864942199
0.018 0.00798987066493
0.018 0.00699324710995
0.018 0.00599662355498
0.018 0.005
0.018 0.005
0.017 0.005
0.016 0.005
0.016 0.005
0.016 0.00602986360897
0.016 0.00705972721795
0.016 0.00808959082692
0.016 0.0091194544359
0.016 0.0101493180449
0.016 0.0111791816538
0.016 0.0122090452628
0.016 0.0132389088718
0.016 0.0142687724808
0.016 0.0152986360897
0.016 0.0152986360897
0.015 0.0152986360897
0.015 0.0152986360897
0.015 0.0142687724808
0.015 0.0132389088718
0.015 0.0122090452628
0.015 0.0111791816538
0.015 0.0101493180449
0.015 0.0091194544359
0.015 0.00808959082692
0.015 0.00705972721795
0.015 0.00602986360897
0.015 0.005
0.015 0.005
0.014 0.005
0.013 0.005
0.013 0.005
0.013 0.00599340943283
0.013 0.00698681886567
0.013 0.0079802282985
0.013 0.00897363773134
0.013 0.00996704716417
0.013 0.010960456597
0.013 0.0119538660298
0.013 0.0129472754627
0.013 0.0139406848955
0.013 0.0149340943283
0.013 0.0159275037612
0.013 0.016920913194
0.013 0.0179143226268
0.013 0.0179143226268
0.012 0.0179143226268
0.012 0.0179143226268
0.012 0.016920913194
0.012 0.0159275037612
0.012 0.0149340943283
0.012 0.0139406848955
0.012 0.0129472754627
0.012 0.0119538660298
0.012 0.010960456597
0.012 0.00996704716417
0.012 0.00897363773134
0.012 0.0079802282985
0.012 0.00698681886567
0.012 0.00599340943283
0.012 0.005
0.012 0.005
0.011 0.005
0.01 0.005
0.01 0.005
0.01 0.00598088631915
0.01 0.0069617726383
0.01 0.00794265895745
0.01 0.0089235452766
0.01 0.00990443159575
0.01 0.0108853179149
0.01 0.011866204234
0.01 0.0128470905532
0.01 0.0138279768723
0.01 0.0148088631915
0.01 0.0157897495106
0.01 0.0167706358298
0.01 0.0177515221489
0.01 0.0187324084681
0.01 0.0197132947872
0.01 0.0197132947872
0.009 0.0197132947872
0.009 0.0197132947872
0.009 0.0187324084681
0.009 0.0177515221489
0.009 0.0167706358298
0.009 0.0157897495106
0.009 0.0148088631915
0.009 0.0138279768723
0.009 0.0128470905532
0.009 0.011866204234
0.009 0.0108853179149
0.009 0.00990443159575
0.009 0.0089235452766
0.009 0.00794265895745
0.009 0.0069617726383
0.009 0.00598088631915
0.009 0.005
0.009 0.005
0.008 0.005
0.007 0.005
0.007 0.005
0.007 0.00595170451363
0.007 0.00690340902727
0.007 0.0078551135409
0.007 0.00880681805454
0.007 0.00975852256817
0.007 0.0107102270818
0.007 0.0116619315954
0.007 0.0116619315954
0.006 0.0116619315954
0.006 0.0116619315954
0.006 0.0107102270818
0.006 0.00975852256817
0.006 0.00880681805454
0.006 0.0078551135409
0.006 0.00690340902727
0.006 0.00595170451363
0.006 0.005
0.006 0.005
0.005 0.005
0.004 0.005
0.004 0.005
0.004 0.00601741314941
0.004 0.00703482629883
0.004 0.00805223944824
0.004 0.00906965259765
0.004 0.0100870657471
0.004 0.0111044788965
0.004 0.0121218920459
0.004 0.0131393051953
0.004 0.0141567183447
0.004 0.0151741314941
0.004 0.0161915446435
0.004 0.017208957793
0.004 0.0182263709424
0.004 0.0192437840918
0.004 0.0202611972412
0.004 0.0212786103906
0.004 0.02229602354
0.004 0.0233134366894
0.004 0.0243308498389
0.004 0.0243308498389
0.003 0.0243308498389
0.003 0.0243308498389
0.003 0.0233134366894
0.003 0.02229602354
0.003 0.0212786103906
0.003 0.0202611972412
0.003 0.0192437840918
0.003 0.0182263709424
0.003 0.017208957793
0.003 0.0161915446435
0.003 0.0151741314941
0.003 0.0141567183447
0.003 0.0131393051953
0.003 0.0121218920459
0.003 0.0111044788965
0.003 0.0100870657471
0.003 0.00906965259765
0.003 0.00805223944824
0.003 0.00703482629883
0.003 0.00601741314941
0.003 0.005
0.003 0.005
0.002 0.005
0.001 0.005
0.001 0.005
0.001 0.00599365973699
0.001 0.00698731947399
0.001 0.00798097921098
0.001 0.00897463894797
0.001 0.00996829868496
0.001 0.010961958422
0.001 0.0119556181589
0.001 0.0129492778959
0.001 0.0139429376329
0.001 0.0149365973699
0.001 0.0159302571069
0.001 0.0159302571069
0 0.0159302571069
0 0.0159302571069
0 0.0149346160377
0 0.0139389749686
0 0.0129433338994
0 0.0119476928302
0 0.010952051761
0 0.00995641069183
0 0.00896076962264
0 0.00796512855346
0 0.00696948748428
0 0.0059738464151
0 0.00497820534591
0 0.00398256427673
0 0.00298692320755
0 0.00199128213837
0 0.000995641069183
0 0
292
1 2 3
2 3 3
3 4 3
4 5 3
5 6 3
6 7 3
7 8 3
8 9 3
9 10 3
10 11 3
11 12 3
12 13 3
13 14 3
14 15 3
15 16 3
16 17 3
17 18 3
18 19 3
19 20 3
20 21 3
21 22 3
22 23 3
23 24 3
24 25 3
25 26 3
26 27 3
27 28 3
28 29 3
30 31 1
31 32 1
32 33 1
33 34 1
34 35 1
35 36 1
36 37 1
37 38 1
38 39 1
39 40 1
40 41 1
41 42 1
42 43 1
43 44 1
44 45 1
45 46 1
46 47 1
47 48 1
48 49 1
49 50 1
50 51 1
52 53 2
54 55 2
55 56 2
56 57 2
57 58 2
58 59 2
59 60 2
60 61 2
61 62 2
62 63 2
63 64 2
64 65 2
65 66 2
66 67 2
67 68 2
68 69 2
69 70 2
71 72 2
72 73 2
74 75 2
75 76 2
76 77 2
77 78 2
78 79 2
79 80 2
81 82 2
83 84 2
84 85 2
85 86 2
86 87 2
87 88 2
88 89 2
90 91 2
91 92 2
93 94 2
94 95 2
95 96 2
96 97 2
97 98 2
98 99 2
99 100 2
100 101 2
102 103 2
104 105 2
105 106 2
106 107 2
107 108 2
108 109 2
109 110 2
110 111 2
111 112 2
113 114 2
114 115 2
116 117 2
117 118 2
118 119 2
119 120 2
120 121 2
121 122 2
122 123 2
123 124 2
125 126 2
127 128 2
128 129 2
129 130 2
130 131 2
131 132 2
132 133 2
133 134 2
134 135 2
136 137 2
137 138 2
139 140 2
140 141 2
141 142 2
142 143 2
143 144 2
144 145 2
145 146 2
146 147 2
147 148 2
148 149 2
150 151 2
152 153 2
153 154 2
154 155 2
155 156 2
156 157 2
157 158 2
158 159 2
159 160 2
160 161 2
161 162 2
163 164 2
164 165 2
166 167 2
167 168 2
168 169 2
169 170 2
170 171 2
171 172 2
172 173 2
173 174 2
174 175 2
175 176 2
176 177 2
177 178 2
178 179 2
180 181 2
182 183 2
183 184 2
184 185 2
185 186 2
186 187 2
187 188 2
188 189 2
189 190 2
190 191 2
191 192 2
192 193 2
193 194 2
194 195 2
196 197 2
197 198 2
199 200 2
200 201 2
201 202 2
202 203 2
203 204 2
204 205 2
205 206 2
206 207 2
207 208 2
208 209 2
209 210 2
210 211 2
211 212 2
212 213 2
213 214 2
215 216 2
217 218 2
218 219 2
219 220 2
220 221 2
221 222 2
222 223 2
223 224 2
224 225 2
225 226 2
226 227 2
227 228 2
228 229 2
229 230 2
230 231 2
231 232 2
233 234 2
234 235 2
236 237 2
237 238 2
238 239 2
239 240 2
240 241 2
241 242 2
242 243 2
244 245 2
246 247 2
247 248 2
248 249 2
249 250 2
250 251 2
251 252 2
252 253 2
254 255 2
255 256 2
257 258 2
258 259 2
259 260 2
260 261 2
261 262 2
262 263 2
263 264 2
264 265 2
265 266 2
266 267 2
267 268 2
268 269 2
269 270 2
270 271 2
271 272 2
272 273 2
273 274 2
274 275 2
275 276 2
277 278 2
279 280 2
280 281 2
281 282 2
282 283 2
283 284 2
284 285 2
285 286 2
286 287 2
287 288 2
288 289 2
289 290 2
290 291 2
291 292 2
292 293 2
293 294 2
294 295 2
295 296 2
296 297 2
297 298 2
299 300 2
300 301 2
302 303 2
303 304 2
304 305 2
305 306 2
306 307 2
307 308 2
308 309 2
309 310 2
310 311 2
311 312 2
312 313 2
314 315 2
316 317 1
317 318 1
318 319 1
319 320 1
320 321 1
321 322 1
322 323 1
323 324 1
324 325 1
325 326 1
326 327 1
327 328 1
328 329 1
329 330 1
330 331 1
331 332 1
30
0.014 0.0005
0.014 0.000637931034483
0.014 0.000775862068966
0.014 0.000913793103448
0.014 0.00105172413793
0.014 0.00118965517241
0.014 0.0013275862069
0.014 0.00146551724138
0.014 0.00160344827586
0.014 0.00174137931034
0.014 0.00187931034483
0.014 0.00201724137931
0.014 0.00215517241379
0.014 0.00229310344828
0.014 0.00243103448276
0.014 0.00256896551724
0.014 0.00270689655172
0.014 0.00284482758621
0.014 0.00298275862069
0.014 0.00312068965517
0.014 0.00325862068966
0.014 0.00339655172414
0.014 0.00353448275862
0.014 0.0036724137931
0.014 0.00381034482759
0.014 0.00394827586207
0.014 0.00408620689655
0.014 0.00422413793103
0.014 0.00436206896552
0.014 0.0045
