50
50
3
1 0
2 60
1 -23292
378
0 0
0.001 0
0.002 0
0.003 0
0.004 0
0.005 0
0.006 0
0.007 0
0.008 0
0.009 0
0.01 0
0.011 0
0.012 0
0.013 0
0.014 0
0.015 0
0.016 0
0.017 0
0.018 0
0.019 0
0.02 0
0.021 0
0.022 0
0.023 0
0.024 0
0.025 0
0.026 0
0.027 0
0.028 0
0.028 0
0.028 0.000980717147101
0.028 0.0019614342942
0.028 0.0029421514413
0.028 0.00392286858841
0.028 0.00490358573551
0.028 0.00588430288261
0.028 0.00686502002971
0.028 0.00784573717681
0.028 0.00882645432391
0.028 0.00980717147101
0.028 0.0107878886181
0.028 0.0117686057652
0.028 0.0127493229123
0.028 0.0137300400594
0.028 0.0147107572065
0.028 0.0156914743536
0.028 0.0166721915007
0.028 0.0176529086478
0.028 0.0186336257949
0.028 0.019614342942
0.028 0.0205950600891
0.028 0.0215757772362
0.028 0.0215757772362
0.027 0.0215757772362
0.027 0.0215757772362
0.027 0.0206007315165
0.027 0.0196256857967
0.027 0.0186506400769
0.027 0.0176755943571
0.027 0.0167005486373
0.027 0.0157255029176
0.027 0.0147504571978
0.027 0.013775411478
0.027 0.0128003657582
0.027 0.0118253200384
0.027 0.0108502743187
0.027 0.00987522859889
0.027 0.00890018287911
0.027 0.00792513715934
0.027 0.00695009143956
0.027 0.00597504571978
0.027 0.005
0.027 0.005
0.026 0.005
0.025 0.005
0.025 0.005
0.025 0.00599406582582
0.025 0.00698813165164
0.025 0.00798219747746
0.025 0.00897626330328
0.025 0.0099703291291
0.025 0.0109643949549
0.025 0.0119584607807
0.025 0.0129525266066
0.025 0.0139465924324
0.025 0.0149406582582
0.025 0.015934724084
0.025 0.015934724084
0.024 0.015934724084
0.024 0.015934724084
0.024 0.0149406582582
0.024 0.0139465924324
0.024 0.0129525266066
0.024 0.0119584607807
0.024 0.0109643949549
0.024 0.0099703291291
0.024 0.00897626330328
0.024 0.00798219747746
0.024 0.00698813165164
0.024 0.00599406582582
0.024 0.005
0.024 0.005
0.023 0.005
0.022 0.005
0.022 0.005
0.022 0.00601658257619
0.022 0.00703316515239
0.022 0.00804974772858
0.022 0.00906633030478
0.022 0.010082912881
0.022 0.0110994954572
0.022 0.0121160780334
0.022 0.0131326606096
0.022 0.0141492431857
0.022 0.0151658257619
0.022 0.0161824083381
0.022 0.0171989909143
0.022 0.0182155734905
0.022 0.0192321560667
0.022 0.0192321560667
0.021 0.0192321560667
0.021 0.0192321560667
0.021 0.0182155734905
0.021 0.0171989909143
0.021 0.0161824083381
0.021 0.0151658257619
0.021 0.0141492431857
0.021 0.0131326606096
0.021 0.0121160780334
0.021 0.0110994954572
0.021 0.010082912881
0.021 0.00906633030478
0.021 0.00804974772858
0.021 0.00703316515239
0.021 0.00601658257619
0.021 0.005
0.021 0.005
0.02 0.005
0.019 0.005
0.019 0.005
0.019 0.00601989949116
0.019 0.00703979898233
0.019 0.00805969847349
0.019 0.00907959796465
0.019 0.0100994974558
0.019 0.011119396947
0.019 0.0121392964381
0.019 0.0131591959293
0.019 0.0141790954205
0.019 0.0151989949116
0.019 0.0162188944028
0.019 0.017238793894
0.019 0.0182586933851
0.019 0.0182586933851
0.018 0.0182586933851
0.018 0.0182586933851
0.018 0.017238793894
0.018 0.0162188944028
0.018 0.0151989949116
0.018 0.0141790954205
0.018 0.0131591959293
0.018 0.0121392964381
0.018 0.011119396947
0.018 0.0100994974558
0.018 0.00907959796465
0.018 0.00805969847349
0.018 0.00703979898233
0.018 0.00601989949116
0.018 0.005
0.018 0.005
0.017 0.005
0.016 0.005
0.016 0.005
0.016 0.00600043202458
0.016 0.00700086404916
0.016 0.00800129607373
0.016 0.00900172809831
0.016 0.0100021601229
0.016 0.0110025921475
0.016 0.012003024172
0.016 0.0130034561966
0.016 0.0140038882212
0.016 0.0150043202458
0.016 0.0160047522704
0.016 0.0170051842949
0.016 0.0180056163195
0.016 0.0180056163195
0.015 0.0180056163195
0.015 0.0180056163195
0.015 0.0170051842949
0.015 0.0160047522704
0.015 0.0150043202458
0.015 0.0140038882212
0.015 0.0130034561966
0.015 0.012003024172
0.015 0.0110025921475
0.015 0.0100021601229
0.015 0.00900172809831
0.015 0.00800129607373
0.015 0.00700086404916
0.015 0.00600043202458
0.015 0.005
0.015 0.005
0.014 0.005
0.013 0.005
0.013 0.005
0.013 0.00598359815679
0.013 0.00696719631358
0.013 0.00795079447037
0.013 0.00893439262716
0.013 0.00991799078395
0.013 0.0109015889407
0.013 0.0118851870975
0.013 0.0128687852543
0.013 0.0138523834111
0.013 0.0148359815679
0.013 0.0158195797247
0.013 0.0168031778815
0.013 0.0177867760383
0.013 0.0187703741951
0.013 0.0187703741951
0.012 0.0187703741951
0.012 0.0187703741951
0.012 0.0177867760383
0.012 0.0168031778815
0.012 0.0158195797247
0.012 0.0148359815679
0.012 0.0138523834111
0.012 0.0128687852543
0.012 0.0118851870975
0.012 0.0109015889407
0.012 0.00991799078395
0.012 0.00893439262716
0.012 0.00795079447037
0.012 0.00696719631358
0.012 0.00598359815679
0.012 0.005
0.012 0.005
0.011 0.005
0.01 0.005
0.01 0.005
0.01 0.00604791169181
0.01 0.00709582338362
0.01 0.00814373507543
0.01 0.00919164676724
0.01 0.0102395584591
0.01 0.0112874701509
0.01 0.0123353818427
0.01 0.0133832935345
0.01 0.0144312052263
0.01 0.0154791169181
0.01 0.0154791169181
0.009 0.0154791169181
0.009 0.0154791169181
0.009 0.0144312052263
0.009 0.0133832935345
0.009 0.0123353818427
0.009 0.0112874701509
0.009 0.0102395584591
0.009 0.00919164676724
0.009 0.00814373507543
0.009 0.00709582338362
0.009 0.00604791169181
0.009 0.005
0.009 0.005
0.008 0.005
0.007 0.005
0.007 0.005
0.007 0.00599391592942
0.007 0.00698783185883
0.007 0.00798174778825
0.007 0.00897566371766
0.007 0.00996957964708
0.007 0.0109634955765
0.007 0.0119574115059
0.007 0.0129513274353
0.007 0.0139452433647
0.007 0.0149391592942
0.007 0.0159330752236
0.007 0.016926991153
0.007 0.016926991153
0.006 0.016926991153
0.006 0.016926991153
0.006 0.0159330752236
0.006 0.0149391592942
0.006 0.0139452433647
0.006 0.0129513274353
0.006 0.0119574115059
0.006 0.0109634955765
0.006 0.00996957964708
0.006 0.00897566371766
0.006 0.00798174778825
0.006 0.00698783185883
0.006 0.00599391592942
0.006 0.005
0.006 0.005
0.005 0.005
0.004 0.005
0.004 0.005
0.004 0.00599132954206
0.004 0.00698265908412
0.004 0.00797398862618
0.004 0.00896531816824
0.004 0.0099566477103
0.004 0.0109479772524
0.004 0.0119393067944
0.004 0.0129306363365
0.004 0.0139219658785
0.004 0.0149132954206
0.004 0.0159046249627
0.004 0.0168959545047
0.004 0.0178872840468
0.004 0.0188786135888
0.004 0.0198699431309
0.004 0.020861272673
0.004 0.020861272673
0.003 0.020861272673
0.003 0.020861272673
0.003 0.0198699431309
0.003 0.0188786135888
0.003 0.0178872840468
0.003 0.0168959545047
0.003 0.0159046249627
0.003 0.0149132954206
0.003 0.0139219658785
0.003 0.0129306363365
0.003 0.0119393067944
0.003 0.0109479772524
0.003 0.0099566477103
0.003 0.00896531816824
0.003 0.00797398862618
0.003 0.00698265908412
0.003 0.00599132954206
0.003 0.005
0.003 0.005
0.002 0.005
0.001 0.005
0.001 0.005
0.001 0.00600437077788
0.001 0.00700874155576
0.001 0.00801311233364
0.001 0.00901748311151
0.001 0.0100218538894
0.001 0.0110262246673
0.001 0.0120305954452
0.001 0.013034966223
0.001 0.0140393370009
0.001 0.0150437077788
0.001 0.0160480785567
0.001 0.0170524493345
0.001 0.0180568201124
0.001 0.0190611908903
0.001 0.0200655616682
0.001 0.0210699324461
0.001 0.0210699324461
0 0.0210699324461
0 0.0210699324461
0 0.0200666023296
0 0.0190632722131
0 0.0180599420966
0 0.0170566119801
0 0.0160532818637
0 0.0150499517472
0 0.0140466216307
0 0.0130432915142
0 0.0120399613977
0 0.0110366312813
0 0.0100333011648
0 0.00902997104831
0 0.00802664093183
0 0.00702331081535
0 0.00601998069887
0 0.00501665058239
0 0.00401332046592
0 0.00300999034944
0 0.00200666023296
0 0.00100333011648
0 0
338
1 2 3
2 3 3
3 4 3
4 5 3
5 6 3
6 7 3
7 8 3
8 9 3
9 10 3
10 11 3
11 12 3
12 13 3
13 14 3
14 15 3
15 16 3
16 17 3
17 18 3
18 19 3
19 20 3
20 21 3
21 22 3
22 23 3
23 24 3
24 25 3
25 26 3
26 27 3
27 28 3
28 29 3
30 31 1
31 32 1
32 33 1
33 34 1
34 35 1
35 36 1
36 37 1
37 38 1
38 39 1
39 40 1
40 41 1
41 42 1
42 43 1
43 44 1
44 45 1
45 46 1
46 47 1
47 48 1
48 49 1
49 50 1
50 51 1
51 52 1
53 54 2
55 56 2
56 57 2
57 58 2
58 59 2
59 60 2
60 61 2
61 62 2
62 63 2
63 64 2
64 65 2
65 66 2
66 67 2
67 68 2
68 69 2
69 70 2
70 71 2
71 72 2
73 74 2
74 75 2
76 77 2
77 78 2
78 79 2
79 80 2
80 81 2
81 82 2
82 83 2
83 84 2
84 85 2
85 86 2
86 87 2
88 89 2
90 91 2
91 92 2
92 93 2
93 94 2
94 95 2
95 96 2
96 97 2
97 98 2
98 99 2
99 100 2
100 101 2
102 103 2
103 104 2
105 106 2
106 107 2
107 108 2
108 109 2
109 110 2
110 111 2
111 112 2
112 113 2
113 114 2
114 115 2
115 116 2
116 117 2
117 118 2
118 119 2
120 121 2
122 123 2
123 124 2
124 125 2
125 126 2
126 127 2
127 128 2
128 129 2
129 130 2
130 131 2
131 132 2
132 133 2
133 134 2
134 135 2
135 136 2
137 138 2
138 139 2
140 141 2
141 142 2
142 143 2
143 144 2
144 145 2
145 146 2
146 147 2
147 148 2
148 149 2
149 150 2
150 151 2
151 152 2
152 153 2
154 155 2
156 157 2
157 158 2
158 159 2
159 160 2
160 161 2
161 162 2
162 163 2
163 164 2
164 165 2
165 166 2
166 167 2
167 168 2
168 169 2
170 171 2
171 172 2
173 174 2
174 175 2
175 176 2
176 177 2
177 178 2
178 179 2
179 180 2
180 181 2
181 182 2
182 183 2
183 184 2
184 185 2
185 186 2
187 188 2
189 190 2
190 191 2
191 192 2
192 193 2
193 194 2
194 195 2
195 196 2
196 197 2
197 198 2
198 199 2
199 200 2
200 201 2
201 202 2
203 204 2
204 205 2
206 207 2
207 208 2
208 209 2
209 210 2
210 211 2
211 212 2
212 213 2
213 214 2
214 215 2
215 216 2
216 217 2
217 218 2
218 219 2
219 220 2
221 222 2
223 224 2
224 225 2
225 226 2
226 227 2
227 228 2
228 229 2
229 230 2
230 231 2
231 232 2
232 233 2
233 234 2
234 235 2
235 236 2
236 237 2
238 239 2
239 240 2
241 242 2
242 243 2
243 244 2
244 245 2
245 246 2
246 247 2
247 248 2
248 249 2
249 250 2
250 251 2
252 253 2
254 255 2
255 256 2
256 257 2
257 258 2
258 259 2
259 260 2
260 261 2
261 262 2
262 263 2
263 264 2
265 266 2
266 267 2
268 269 2
269 270 2
270 271 2
271 272 2
272 273 2
273 274 2
274 275 2
275 276 2
276 277 2
277 278 2
278 279 2
279 280 2
281 282 2
283 284 2
284 285 2
285 286 2
286 287 2
287 288 2
288 289 2
289 290 2
290 291 2
291 292 2
292 293 2
293 294 2
294 295 2
296 297 2
297 298 2
299 300 2
300 301 2
301 302 2
302 303 2
303 304 2
304 305 2
305 306 2
306 307 2
307 308 2
308 309 2
309 310 2
310 311 2
311 312 2
312 313 2
313 314 2
314 315 2
316 317 2
318 319 2
319 320 2
320 321 2
321 322 2
322 323 2
323 324 2
324 325 2
325 326 2
326 327 2
327 328 2
328 329 2
329 330 2
330 331 2
331 332 2
332 333 2
333 334 2
335 336 2
336 337 2
338 339 2
339 340 2
340 341 2
341 342 2
342 343 2
343 344 2
344 345 2
345 346 2
346 347 2
347 348 2
348 349 2
349 350 2
350 351 2
351 352 2
352 353 2
353 354 2
355 356 2
357 358 1
358 359 1
359 360 1
360 361 1
361 362 1
362 363 1
363 364 1
364 365 1
365 366 1
366 367 1
367 368 1
368 369 1
369 370 1
370 371 1
371 372 1
372 373 1
373 374 1
374 375 1
375 376 1
376 377 1
377 378 1
30
0.014 0.0005
0.014 0.000637931034483
0.014 0.000775862068966
0.014 0.000913793103448
0.014 0.00105172413793
0.014 0.00118965517241
0.014 0.0013275862069
0.014 0.00146551724138
0.014 0.00160344827586
0.014 0.00174137931034
0.014 0.00187931034483
0.014 0.00201724137931
0.014 0.00215517241379
0.014 0.00229310344828
0.014 0.00243103448276
0.014 0.00256896551724
0.014 0.00270689655172
0.014 0.00284482758621
0.014 0.00298275862069
0.014 0.00312068965517
0.014 0.00325862068966
0.014 0.00339655172414
0.014 0.00353448275862
0.014 0.0036724137931
0.014 0.00381034482759
0.014 0.00394827586207
0.014 0.00408620689655
0.014 0.00422413793103
0.014 0.00436206896552
0.014 0.0045
