50
200
3
1 0
2 60
1 -23292
348
0 0
0.001 0
0.002 0
0.003 0
0.004 0
0.005 0
0.006 0
0.007 0
0.008 0
0.009 0
0.01 0
0.011 0
0.012 0
0.013 0
0.014 0
0.015 0
0.016 0
0.017 0
0.018 0
0.019 0
0.02 0
0.021 0
0.022 0
0.023 0
0.024 0
0.025 0
0.026 0
0.027 0
0.028 0
0.028 0
0.028 0.00100785975648
0.028 0.00201571951295
0.028 0.00302357926943
0.028 0.00403143902591
0.028 0.00503929878239
0.028 0.00604715853886
0.028 0.00705501829534
0.028 0.00806287805182
0.028 0.00907073780829
0.028 0.0100785975648
0.028 0.0100785975648
0.027 0.0100785975648
0.027 0.0100785975648
0.027 0.00906287805182
0.027 0.00804715853886
0.027 0.00703143902591
0.027 0.00601571951295
0.027 0.005
0.027 0.005
0.026 0.005
0.025 0.005
0.025 0.005
0.025 0.00597769441809
0.025 0.00695538883618
0.025 0.00793308325427
0.025 0.00891077767236
0.025 0.00988847209045
0.025 0.0108661665085
0.025 0.0118438609266
0.025 0.0128215553447
0.025 0.0137992497628
0.025 0.0147769441809
0.025 0.015754638599
0.025 0.0167323330171
0.025 0.0177100274352
0.025 0.0186877218533
0.025 0.0196654162714
0.025 0.0196654162714
0.024 0.0196654162714
0.024 0.0196654162714
0.024 0.0186877218533
0.024 0.0177100274352
0.024 0.0167323330171
0.024 0.015754638599
0.024 0.0147769441809
0.024 0.0137992497628
0.024 0.0128215553447
0.024 0.0118438609266
0.024 0.0108661665085
0.024 0.00988847209045
0.024 0.00891077767236
0.024 0.00793308325427
0.024 0.00695538883618
0.024 0.00597769441809
0.024 0.005
0.024 0.005
0.023 0.005
0.022 0.005
0.022 0.005
0.022 0.00598535948953
0.022 0.00697071897907
0.022 0.0079560784686
0.022 0.00894143795813
0.022 0.00992679744767
0.022 0.0109121569372
0.022 0.0118975164267
0.022 0.0128828759163
0.022 0.0138682354058
0.022 0.0148535948953
0.022 0.0158389543849
0.022 0.0168243138744
0.022 0.0178096733639
0.022 0.0187950328535
0.022 0.019780392343
0.022 0.0207657518325
0.022 0.0217511113221
0.022 0.0227364708116
0.022 0.0237218303011
0.022 0.0237218303011
0.021 0.0237218303011
0.021 0.0237218303011
0.021 0.0227364708116
0.021 0.0217511113221
0.021 0.0207657518325
0.021 0.019780392343
0.021 0.0187950328535
0.021 0.0178096733639
0.021 0.0168243138744
0.021 0.0158389543849
0.021 0.0148535948953
0.021 0.0138682354058
0.021 0.0128828759163
0.021 0.0118975164267
0.021 0.0109121569372
0.021 0.00992679744767
0.021 0.00894143795813
0.021 0.0079560784686
0.021 0.00697071897907
0.021 0.00598535948953
0.021 0.005
0.021 0.005
0.02 0.005
0.019 0.005
0.019 0.005
0.019 0.00597822510865
0.019 0.0069564502173
0.019 0.00793467532595
0.019 0.0089129004346
0.019 0.00989112554325
0.019 0.0108693506519
0.019 0.0118475757605
0.019 0.0128258008692
0.019 0.0138040259778
0.019 0.0147822510865
0.019 0.0157604761951
0.019 0.0167387013038
0.019 0.0167387013038
0.018 0.0167387013038
0.018 0.0167387013038
0.018 0.0157604761951
0.018 0.0147822510865
0.018 0.0138040259778
0.018 0.0128258008692
0.018 0.0118475757605
0.018 0.0108693506519
0.018 0.00989112554325
0.018 0.0089129004346
0.018 0.00793467532595
0.018 0.0069564502173
0.018 0.00597822510865
0.018 0.005
0.018 0.005
0.017 0.005
0.016 0.005
0.016 0.005
0.016 0.00602014155999
0.016 0.00704028311998
0.016 0.00806042467997
0.016 0.00908056623996
0.016 0.0101007078
0.016 0.0111208493599
0.016 0.0121409909199
0.016 0.0131611324799
0.016 0.0141812740399
0.016 0.0152014155999
0.016 0.0162215571599
0.016 0.0172416987199
0.016 0.0182618402799
0.016 0.0192819818399
0.016 0.0203021233999
0.016 0.0203021233999
0.015 0.0203021233999
0.015 0.0203021233999
0.015 0.0192819818399
0.015 0.0182618402799
0.015 0.0172416987199
0.015 0.0162215571599
0.015 0.0152014155999
0.015 0.0141812740399
0.015 0.0131611324799
0.015 0.0121409909199
0.015 0.0111208493599
0.015 0.0101007078
0.015 0.00908056623996
0.015 0.00806042467997
0.015 0.00704028311998
0.015 0.00602014155999
0.015 0.005
0.015 0.005
0.014 0.005
0.013 0.005
0.013 0.005
0.013 0.00600580317799
0.013 0.00701160635597
0.013 0.00801740953396
0.013 0.00902321271195
0.013 0.0100290158899
0.013 0.0110348190679
0.013 0.0120406222459
0.013 0.0130464254239
0.013 0.0140522286019
0.013 0.0150580317799
0.013 0.0160638349579
0.013 0.0170696381358
0.013 0.0180754413138
0.013 0.0190812444918
0.013 0.0200870476698
0.013 0.0200870476698
0.012 0.0200870476698
0.012 0.0200870476698
0.012 0.0190812444918
0.012 0.0180754413138
0.012 0.0170696381358
0.012 0.0160638349579
0.012 0.0150580317799
0.012 0.0140522286019
0.012 0.0130464254239
0.012 0.0120406222459
0.012 0.0110348190679
0.012 0.0100290158899
0.012 0.00902321271195
0.012 0.00801740953396
0.012 0.00701160635597
0.012 0.00600580317799
0.012 0.005
0.012 0.005
0.011 0.005
0.01 0.005
0.01 0.005
0.01 0.00603781130109
0.01 0.00707562260218
0.01 0.00811343390327
0.01 0.00915124520436
0.01 0.0101890565054
0.01 0.0101890565054
0.009 0.0101890565054
0.009 0.0101890565054
0.009 0.00915124520436
0.009 0.00811343390327
0.009 0.00707562260218
0.009 0.00603781130109
0.009 0.005
0.009 0.005
0.008 0.005
0.007 0.005
0.007 0.005
0.007 0.00600881356823
0.007 0.00701762713646
0.007 0.00802644070469
0.007 0.00903525427293
0.007 0.0100440678412
0.007 0.0110528814094
0.007 0.0120616949776
0.007 0.0130705085459
0.007 0.0140793221141
0.007 0.0150881356823
0.007 0.0160969492505
0.007 0.0171057628188
0.007 0.018114576387
0.007 0.0191233899552
0.007 0.0201322035235
0.007 0.0211410170917
0.007 0.0221498306599
0.007 0.0221498306599
0.006 0.0221498306599
0.006 0.0221498306599
0.006 0.0211410170917
0.006 0.0201322035235
0.006 0.0191233899552
0.006 0.018114576387
0.006 0.0171057628188
0.006 0.0160969492505
0.006 0.0150881356823
0.006 0.0140793221141
0.006 0.0130705085459
0.006 0.0120616949776
0.006 0.0110528814094
0.006 0.0100440678412
0.006 0.00903525427293
0.006 0.00802644070469
0.006 0.00701762713646
0.006 0.00600881356823
0.006 0.005
0.006 0.005
0.005 0.005
0.004 0.005
0.004 0.005
0.004 0.00598355652563
0.004 0.00696711305126
0.004 0.00795066957689
0.004 0.00893422610252
0.004 0.00991778262815
0.004 0.0109013391538
0.004 0.0118848956794
0.004 0.012868452205
0.004 0.0138520087307
0.004 0.0148355652563
0.004 0.0158191217819
0.004 0.0168026783076
0.004 0.0177862348332
0.004 0.0177862348332
0.003 0.0177862348332
0.003 0.0177862348332
0.003 0.0168026783076
0.003 0.0158191217819
0.003 0.0148355652563
0.003 0.0138520087307
0.003 0.012868452205
0.003 0.0118848956794
0.003 0.0109013391538
0.003 0.00991778262815
0.003 0.00893422610252
0.003 0.00795066957689
0.003 0.00696711305126
0.003 0.00598355652563
0.003 0.005
0.003 0.005
0.002 0.005
0.001 0.005
0.001 0.005
0.001 0.00606874539397
0.001 0.00713749078793
0.001 0.0082062361819
0.001 0.00927498157587
0.001 0.0103437269698
0.001 0.0103437269698
0 0.0103437269698
0 0.0103437269698
0 0.00930935427285
0 0.00827498157587
0 0.00724060887889
0 0.0062062361819
0 0.00517186348492
0 0.00413749078793
0 0.00310311809095
0 0.00206874539397
0 0.00103437269698
0 0
308
1 2 3
2 3 3
3 4 3
4 5 3
5 6 3
6 7 3
7 8 3
8 9 3
9 10 3
10 11 3
11 12 3
12 13 3
13 14 3
14 15 3
15 16 3
16 17 3
17 18 3
18 19 3
19 20 3
20 21 3
21 22 3
22 23 3
23 24 3
24 25 3
25 26 3
26 27 3
27 28 3
28 29 3
30 31 1
31 32 1
32 33 1
33 34 1
34 35 1
35 36 1
36 37 1
37 38 1
38 39 1
39 40 1
41 42 2
43 44 2
44 45 2
45 46 2
46 47 2
47 48 2
49 50 2
50 51 2
52 53 2
53 54 2
54 55 2
55 56 2
56 57 2
57 58 2
58 59 2
59 60 2
60 61 2
61 62 2
62 63 2
63 64 2
64 65 2
65 66 2
66 67 2
68 69 2
70 71 2
71 72 2
72 73 2
73 74 2
74 75 2
75 76 2
76 77 2
77 78 2
78 79 2
79 80 2
80 81 2
81 82 2
82 83 2
83 84 2
84 85 2
86 87 2
87 88 2
89 90 2
90 91 2
91 92 2
92 93 2
93 94 2
94 95 2
95 96 2
96 97 2
97 98 2
98 99 2
99 100 2
100 101 2
101 102 2
102 103 2
103 104 2
104 105 2
105 106 2
106 107 2
107 108 2
109 110 2
111 112 2
112 113 2
113 114 2
114 115 2
115 116 2
116 117 2
117 118 2
118 119 2
119 120 2
120 121 2
121 122 2
122 123 2
123 124 2
124 125 2
125 126 2
126 127 2
127 128 2
128 129 2
129 130 2
131 132 2
132 133 2
134 135 2
135 136 2
136 137 2
137 138 2
138 139 2
139 140 2
140 141 2
141 142 2
142 143 2
143 144 2
144 145 2
145 146 2
147 148 2
149 150 2
150 151 2
151 152 2
152 153 2
153 154 2
154 155 2
155 156 2
156 157 2
157 158 2
158 159 2
159 160 2
160 161 2
162 163 2
163 164 2
165 166 2
166 167 2
167 168 2
168 169 2
169 170 2
170 171 2
171 172 2
172 173 2
173 174 2
174 175 2
175 176 2
176 177 2
177 178 2
178 179 2
179 180 2
181 182 2
183 184 2
184 185 2
185 186 2
186 187 2
187 188 2
188 189 2
189 190 2
190 191 2
191 192 2
192 193 2
193 194 2
194 195 2
195 196 2
196 197 2
197 198 2
199 200 2
200 201 2
202 203 2
203 204 2
204 205 2
205 206 2
206 207 2
207 208 2
208 209 2
209 210 2
210 211 2
211 212 2
212 213 2
213 214 2
214 215 2
215 216 2
216 217 2
218 219 2
220 221 2
221 222 2
222 223 2
223 224 2
224 225 2
225 226 2
226 227 2
227 228 2
228 229 2
229 230 2
230 231 2
231 232 2
232 233 2
233 234 2
234 235 2
236 237 2
237 238 2
239 240 2
240 241 2
241 242 2
242 243 2
243 244 2
245 246 2
247 248 2
248 249 2
249 250 2
250 251 2
251 252 2
253 254 2
254 255 2
256 257 2
257 258 2
258 259 2
259 260 2
260 261 2
261 262 2
262 263 2
263 264 2
264 265 2
265 266 2
266 267 2
267 268 2
268 269 2
269 270 2
270 271 2
271 272 2
272 273 2
274 275 2
276 277 2
277 278 2
278 279 2
279 280 2
280 281 2
281 282 2
282 283 2
283 284 2
284 285 2
285 286 2
286 287 2
287 288 2
288 289 2
289 290 2
290 291 2
291 292 2
292 293 2
294 295 2
295 296 2
297 298 2
298 299 2
299 300 2
300 301 2
301 302 2
302 303 2
303 304 2
304 305 2
305 306 2
306 307 2
307 308 2
308 309 2
309 310 2
311 312 2
313 314 2
314 315 2
315 316 2
316 317 2
317 318 2
318 319 2
319 320 2
320 321 2
321 322 2
322 323 2
323 324 2
324 325 2
325 326 2
327 328 2
328 329 2
330 331 2
331 332 2
332 333 2
333 334 2
334 335 2
336 337 2
338 339 1
339 340 1
340 341 1
341 342 1
342 343 1
343 344 1
344 345 1
345 346 1
346 347 1
347 348 1
30
0.014 0.0005
0.014 0.000637931034483
0.014 0.000775862068966
0.014 0.000913793103448
0.014 0.00105172413793
0.014 0.00118965517241
0.014 0.0013275862069
0.014 0.00146551724138
0.014 0.00160344827586
0.014 0.00174137931034
0.014 0.00187931034483
0.014 0.00201724137931
0.014 0.00215517241379
0.014 0.00229310344828
0.014 0.00243103448276
0.014 0.00256896551724
0.014 0.00270689655172
0.014 0.00284482758621
0.014 0.00298275862069
0.014 0.00312068965517
0.014 0.00325862068966
0.014 0.00339655172414
0.014 0.00353448275862
0.014 0.0036724137931
0.014 0.00381034482759
0.014 0.00394827586207
0.014 0.00408620689655
0.014 0.00422413793103
0.014 0.00436206896552
0.014 0.0045
