50
200
3
1 0
2 60
1 -23292
390
0 0
0.001 0
0.002 0
0.003 0
0.004 0
0.005 0
0.006 0
0.007 0
0.008 0
0.009 0
0.01 0
0.011 0
0.012 0
0.013 0
0.014 0
0.015 0
0.016 0
0.017 0
0.018 0
0.019 0
0.02 0
0.021 0
0.022 0
0.023 0
0.024 0
0.025 0
0.026 0
0.027 0
0.028 0
0.028 0
0.028 0.00101013564055
0.028 0.0020202712811
0.028 0.00303040692166
0.028 0.00404054256221
0.028 0.00505067820276
0.028 0.00606081384331
0.028 0.00707094948386
0.028 0.00808108512442
0.028 0.00909122076497
0.028 0.0101013564055
0.028 0.0111114920461
0.028 0.0121216276866
0.028 0.0131317633272
0.028 0.0141418989677
0.028 0.0151520346083
0.028 0.0161621702488
0.028 0.0161621702488
0.027 0.0161621702488
0.027 0.0161621702488
0.027 0.0151474274989
0.027 0.014132684749
0.027 0.0131179419992
0.027 0.0121031992493
0.027 0.0110884564994
0.027 0.0100737137495
0.027 0.00905897099958
0.027 0.00804422824968
0.027 0.00702948549979
0.027 0.00601474274989
0.027 0.005
0.027 0.005
0.026 0.005
0.025 0.005
0.025 0.005
0.025 0.00597559466186
0.025 0.00695118932372
0.025 0.00792678398558
0.025 0.00890237864744
0.025 0.00987797330931
0.025 0.0108535679712
0.025 0.011829162633
0.025 0.0128047572949
0.025 0.0137803519568
0.025 0.0147559466186
0.025 0.0157315412805
0.025 0.0157315412805
0.024 0.0157315412805
0.024 0.0157315412805
0.024 0.0147559466186
0.024 0.0137803519568
0.024 0.0128047572949
0.024 0.011829162633
0.024 0.0108535679712
0.024 0.00987797330931
0.024 0.00890237864744
0.024 0.00792678398558
0.024 0.00695118932372
0.024 0.00597559466186
0.024 0.005
0.024 0.005
0.023 0.005
0.022 0.005
0.022 0.005
0.022 0.00598025908718
0.022 0.00696051817437
0.022 0.00794077726155
0.022 0.00892103634873
0.022 0.00990129543592
0.022 0.0108815545231
0.022 0.0118618136103
0.022 0.0128420726975
0.022 0.0138223317847
0.022 0.0148025908718
0.022 0.015782849959
0.022 0.0167631090462
0.022 0.0167631090462
0.021 0.0167631090462
0.021 0.0167631090462
0.021 0.015782849959
0.021 0.0148025908718
0.021 0.0138223317847
0.021 0.0128420726975
0.021 0.0118618136103
0.021 0.0108815545231
0.021 0.00990129543592
0.021 0.00892103634873
0.021 0.00794077726155
0.021 0.00696051817437
0.021 0.00598025908718
0.021 0.005
0.021 0.005
0.02 0.005
0.019 0.005
0.019 0.005
0.019 0.00600412212412
0.019 0.00700824424824
0.019 0.00801236637236
0.019 0.00901648849648
0.019 0.0100206106206
0.019 0.0110247327447
0.019 0.0120288548688
0.019 0.013032976993
0.019 0.0140370991171
0.019 0.0150412212412
0.019 0.0160453433653
0.019 0.0170494654895
0.019 0.0180535876136
0.019 0.0190577097377
0.019 0.0200618318618
0.019 0.0200618318618
0.018 0.0200618318618
0.018 0.0200618318618
0.018 0.0190577097377
0.018 0.0180535876136
0.018 0.0170494654895
0.018 0.0160453433653
0.018 0.0150412212412
0.018 0.0140370991171
0.018 0.013032976993
0.018 0.0120288548688
0.018 0.0110247327447
0.018 0.0100206106206
0.018 0.00901648849648
0.018 0.00801236637236
0.018 0.00700824424824
0.018 0.00600412212412
0.018 0.005
0.018 0.005
0.017 0.005
0.016 0.005
0.016 0.005
0.016 0.00598402149526
0.016 0.00696804299051
0.016 0.00795206448577
0.016 0.00893608598102
0.016 0.00992010747628
0.016 0.0109041289715
0.016 0.0118881504668
0.016 0.012872171962
0.016 0.0138561934573
0.016 0.0148402149526
0.016 0.0148402149526
0.015 0.0148402149526
0.015 0.0148402149526
0.015 0.0138561934573
0.015 0.012872171962
0.015 0.0118881504668
0.015 0.0109041289715
0.015 0.00992010747628
0.015 0.00893608598102
0.015 0.00795206448577
0.015 0.00696804299051
0.015 0.00598402149526
0.015 0.005
0.015 0.005
0.014 0.005
0.013 0.005
0.013 0.005
0.013 0.00599817730282
0.013 0.00699635460565
0.013 0.00799453190847
0.013 0.00899270921129
0.013 0.00999088651412
0.013 0.0109890638169
0.013 0.0119872411198
0.013 0.0129854184226
0.013 0.0139835957254
0.013 0.0149817730282
0.013 0.0159799503311
0.013 0.0169781276339
0.013 0.0179763049367
0.013 0.0189744822395
0.013 0.0199726595423
0.013 0.0209708368452
0.013 0.021969014148
0.013 0.0229671914508
0.013 0.0229671914508
0.012 0.0229671914508
0.012 0.0229671914508
0.012 0.021969014148
0.012 0.0209708368452
0.012 0.0199726595423
0.012 0.0189744822395
0.012 0.0179763049367
0.012 0.0169781276339
0.012 0.0159799503311
0.012 0.0149817730282
0.012 0.0139835957254
0.012 0.0129854184226
0.012 0.0119872411198
0.012 0.0109890638169
0.012 0.00999088651412
0.012 0.00899270921129
0.012 0.00799453190847
0.012 0.00699635460565
0.012 0.00599817730282
0.012 0.005
0.012 0.005
0.011 0.005
0.01 0.005
0.01 0.005
0.01 0.00603139058178
0.01 0.00706278116356
0.01 0.00809417174534
0.01 0.00912556232712
0.01 0.0101569529089
0.01 0.0111883434907
0.01 0.0122197340725
0.01 0.0132511246542
0.01 0.014282515236
0.01 0.0153139058178
0.01 0.0163452963996
0.01 0.0173766869814
0.01 0.0184080775631
0.01 0.0194394681449
0.01 0.0204708587267
0.01 0.0204708587267
0.009 0.0204708587267
0.009 0.0204708587267
0.009 0.0194394681449
0.009 0.0184080775631
0.009 0.0173766869814
0.009 0.0163452963996
0.009 0.0153139058178
0.009 0.014282515236
0.009 0.0132511246542
0.009 0.0122197340725
0.009 0.0111883434907
0.009 0.0101569529089
0.009 0.00912556232712
0.009 0.00809417174534
0.009 0.00706278116356
0.009 0.00603139058178
0.009 0.005
0.009 0.005
0.008 0.005
0.007 0.005
0.007 0.005
0.007 0.00602038955169
0.007 0.00704077910338
0.007 0.00806116865507
0.007 0.00908155820675
0.007 0.0101019477584
0.007 0.0111223373101
0.007 0.0121427268618
0.007 0.0131631164135
0.007 0.0141835059652
0.007 0.0152038955169
0.007 0.0162242850686
0.007 0.0172446746203
0.007 0.0182650641719
0.007 0.0192854537236
0.007 0.0203058432753
0.007 0.021326232827
0.007 0.021326232827
0.006 0.021326232827
0.006 0.021326232827
0.006 0.0203058432753
0.006 0.0192854537236
0.006 0.0182650641719
0.006 0.0172446746203
0.006 0.0162242850686
0.006 0.0152038955169
0.006 0.0141835059652
0.006 0.0131631164135
0.006 0.0121427268618
0.006 0.0111223373101
0.006 0.0101019477584
0.006 0.00908155820675
0.006 0.00806116865507
0.006 0.00704077910338
0.006 0.00602038955169
0.006 0.005
0.006 0.005
0.005 0.005
0.004 0.005
0.004 0.005
0.004 0.00599303930814
0.004 0.00698607861627
0.004 0.00797911792441
0.004 0.00897215723254
0.004 0.00996519654068
0.004 0.0109582358488
0.004 0.0119512751569
0.004 0.0129443144651
0.004 0.0139373537732
0.004 0.0149303930814
0.004 0.0159234323895
0.004 0.0169164716976
0.004 0.0179095110058
0.004 0.0189025503139
0.004 0.019895589622
0.004 0.0208886289302
0.004 0.0218816682383
0.004 0.0228747075464
0.004 0.0228747075464
0.003 0.0228747075464
0.003 0.0228747075464
0.003 0.0218816682383
0.003 0.0208886289302
0.003 0.019895589622
0.003 0.0189025503139
0.003 0.0179095110058
0.003 0.0169164716976
0.003 0.0159234323895
0.003 0.0149303930814
0.003 0.0139373537732
0.003 0.0129443144651
0.003 0.0119512751569
0.003 0.0109582358488
0.003 0.00996519654068
0.003 0.00897215723254
0.003 0.00797911792441
0.003 0.00698607861627
0.003 0.00599303930814
0.003 0.005
0.003 0.005
0.002 0.005
0.001 0.005
0.001 0.005
0.001 0.00601564540347
0.001 0.00703129080694
0.001 0.00804693621041
0.001 0.00906258161388
0.001 0.0100782270174
0.001 0.0110938724208
0.001 0.0121095178243
0.001 0.0131251632278
0.001 0.0141408086312
0.001 0.0151564540347
0.001 0.0161720994382
0.001 0.0171877448417
0.001 0.0182033902451
0.001 0.0192190356486
0.001 0.0202346810521
0.001 0.0212503264555
0.001 0.0212503264555
0 0.0212503264555
0 0.0212503264555
0 0.0202384061481
0 0.0192264858407
0 0.0182145655333
0 0.0172026452259
0 0.0161907249185
0 0.0151788046111
0 0.0141668843037
0 0.0131549639963
0 0.0121430436889
0 0.0111311233815
0 0.0101192030741
0 0.00910728276666
0 0.00809536245925
0 0.00708344215185
0 0.00607152184444
0 0.00505960153703
0 0.00404768122963
0 0.00303576092222
0 0.00202384061481
0 0.00101192030741
0 0
350
1 2 3
2 3 3
3 4 3
4 5 3
5 6 3
6 7 3
7 8 3
8 9 3
9 10 3
10 11 3
11 12 3
12 13 3
13 14 3
14 15 3
15 16 3
16 17 3
17 18 3
18 19 3
19 20 3
20 21 3
21 22 3
22 23 3
23 24 3
24 25 3
25 26 3
26 27 3
27 28 3
28 29 3
30 31 1
31 32 1
32 33 1
33 34 1
34 35 1
35 36 1
36 37 1
37 38 1
38 39 1
39 40 1
40 41 1
41 42 1
42 43 1
43 44 1
44 45 1
45 46 1
47 48 2
49 50 2
50 51 2
51 52 2
52 53 2
53 54 2
54 55 2
55 56 2
56 57 2
57 58 2
58 59 2
59 60 2
61 62 2
62 63 2
64 65 2
65 66 2
66 67 2
67 68 2
68 69 2
69 70 2
70 71 2
71 72 2
72 73 2
73 74 2
74 75 2
76 77 2
78 79 2
79 80 2
80 81 2
81 82 2
82 83 2
83 84 2
84 85 2
85 86 2
86 87 2
87 88 2
88 89 2
90 91 2
91 92 2
93 94 2
94 95 2
95 96 2
96 97 2
97 98 2
98 99 2
99 100 2
100 101 2
101 102 2
102 103 2
103 104 2
104 105 2
106 107 2
108 109 2
109 110 2
110 111 2
111 112 2
112 113 2
113 114 2
114 115 2
115 116 2
116 117 2
117 118 2
118 119 2
119 120 2
121 122 2
122 123 2
124 125 2
125 126 2
126 127 2
127 128 2
128 129 2
129 130 2
130 131 2
131 132 2
132 133 2
133 134 2
134 135 2
135 136 2
136 137 2
137 138 2
138 139 2
140 141 2
142 143 2
143 144 2
144 145 2
145 146 2
146 147 2
147 148 2
148 149 2
149 150 2
150 151 2
151 152 2
152 153 2
153 154 2
154 155 2
155 156 2
156 157 2
158 159 2
159 160 2
161 162 2
162 163 2
163 164 2
164 165 2
165 166 2
166 167 2
167 168 2
168 169 2
169 170 2
170 171 2
172 173 2
174 175 2
175 176 2
176 177 2
177 178 2
178 179 2
179 180 2
180 181 2
181 182 2
182 183 2
183 184 2
185 186 2
186 187 2
188 189 2
189 190 2
190 191 2
191 192 2
192 193 2
193 194 2
194 195 2
195 196 2
196 197 2
197 198 2
198 199 2
199 200 2
200 201 2
201 202 2
202 203 2
203 204 2
204 205 2
205 206 2
207 208 2
209 210 2
210 211 2
211 212 2
212 213 2
213 214 2
214 215 2
215 216 2
216 217 2
217 218 2
218 219 2
219 220 2
220 221 2
221 222 2
222 223 2
223 224 2
224 225 2
225 226 2
226 227 2
228 229 2
229 230 2
231 232 2
232 233 2
233 234 2
234 235 2
235 236 2
236 237 2
237 238 2
238 239 2
239 240 2
240 241 2
241 242 2
242 243 2
243 244 2
244 245 2
245 246 2
247 248 2
249 250 2
250 251 2
251 252 2
252 253 2
253 254 2
254 255 2
255 256 2
256 257 2
257 258 2
258 259 2
259 260 2
260 261 2
261 262 2
262 263 2
263 264 2
265 266 2
266 267 2
268 269 2
269 270 2
270 271 2
271 272 2
272 273 2
273 274 2
274 275 2
275 276 2
276 277 2
277 278 2
278 279 2
279 280 2
280 281 2
281 282 2
282 283 2
283 284 2
285 286 2
287 288 2
288 289 2
289 290 2
290 291 2
291 292 2
292 293 2
293 294 2
294 295 2
295 296 2
296 297 2
297 298 2
298 299 2
299 300 2
300 301 2
301 302 2
302 303 2
304 305 2
305 306 2
307 308 2
308 309 2
309 310 2
310 311 2
311 312 2
312 313 2
313 314 2
314 315 2
315 316 2
316 317 2
317 318 2
318 319 2
319 320 2
320 321 2
321 322 2
322 323 2
323 324 2
324 325 2
326 327 2
328 329 2
329 330 2
330 331 2
331 332 2
332 333 2
333 334 2
334 335 2
335 336 2
336 337 2
337 338 2
338 339 2
339 340 2
340 341 2
341 342 2
342 343 2
343 344 2
344 345 2
345 346 2
347 348 2
348 349 2
350 351 2
351 352 2
352 353 2
353 354 2
354 355 2
355 356 2
356 357 2
357 358 2
358 359 2
359 360 2
360 361 2
361 362 2
362 363 2
363 364 2
364 365 2
365 366 2
367 368 2
369 370 1
370 371 1
371 372 1
372 373 1
373 374 1
374 375 1
375 376 1
376 377 1
377 378 1
378 379 1
379 380 1
380 381 1
381 382 1
382 383 1
383 384 1
384 385 1
385 386 1
386 387 1
387 388 1
388 389 1
389 390 1
30
0.014 0.0005
0.014 0.000637931034483
0.014 0.000775862068966
0.014 0.000913793103448
0.014 0.00105172413793
0.014 0.00118965517241
0.014 0.0013275862069
0.014 0.00146551724138
0.014 0.00160344827586
0.014 0.00174137931034
0.014 0.00187931034483
0.014 0.00201724137931
0.014 0.00215517241379
0.014 0.00229310344828
0.014 0.00243103448276
0.014 0.00256896551724
0.014 0.00270689655172
0.014 0.00284482758621
0.014 0.00298275862069
0.014 0.00312068965517
0.014 0.00325862068966
0.014 0.00339655172414
0.014 0.00353448275862
0.014 0.0036724137931
0.014 0.00381034482759
0.014 0.00394827586207
0.014 0.00408620689655
0.014 0.00422413793103
0.014 0.00436206896552
0.014 0.0045
