50
50
3
1 0
2 60
1 -23292
336
0 0
0.001 0
0.002 0
0.003 0
0.004 0
0.005 0
0.006 0
0.007 0
0.008 0
0.009 0
0.01 0
0.011 0
0.012 0
0.013 0
0.014 0
0.015 0
0.016 0
0.017 0
0.018 0
0.019 0
0.02 0
0.021 0
0.022 0
0.023 0
0.024 0
0.025 0
0.026 0
0.027 0
0.028 0
0.028 0
0.028 0.0010255320079
0.028 0.00205106401579
0.028 0.00307659602369
0.028 0.00410212803158
0.028 0.00512766003948
0.028 0.00615319204737
0.028 0.00717872405527
0.028 0.00820425606316
0.028 0.00922978807106
0.028 0.010255320079
0.028 0.0112808520868
0.028 0.0112808520868
0.027 0.0112808520868
0.027 0.0112808520868
0.027 0.0102340434057
0.027 0.00918723472457
0.027 0.00814042604342
0.027 0.00709361736228
0.027 0.00604680868114
0.027 0.005
0.027 0.005
0.026 0.005
0.025 0.005
0.025 0.005
0.025 0.00608313522037
0.025 0.00716627044073
0.025 0.0082494056611
0.025 0.00933254088147
0.025 0.0104156761018
0.025 0.0104156761018
0.024 0.0104156761018
0.024 0.0104156761018
0.024 0.00933254088147
0.024 0.0082494056611
0.024 0.00716627044073
0.024 0.00608313522037
0.024 0.005
0.024 0.005
0.023 0.005
0.022 0.005
0.022 0.005
0.022 0.00602133938551
0.022 0.00704267877102
0.022 0.00806401815652
0.022 0.00908535754203
0.022 0.0101066969275
0.022 0.011128036313
0.022 0.0121493756986
0.022 0.0131707150841
0.022 0.0141920544696
0.022 0.0152133938551
0.022 0.0162347332406
0.022 0.0172560726261
0.022 0.0182774120116
0.022 0.0192987513971
0.022 0.0203200907826
0.022 0.0213414301681
0.022 0.0223627695536
0.022 0.0233841089391
0.022 0.0233841089391
0.021 0.0233841089391
0.021 0.0233841089391
0.021 0.0223627695536
0.021 0.0213414301681
0.021 0.0203200907826
0.021 0.0192987513971
0.021 0.0182774120116
0.021 0.0172560726261
0.021 0.0162347332406
0.021 0.0152133938551
0.021 0.0141920544696
0.021 0.0131707150841
0.021 0.0121493756986
0.021 0.011128036313
0.021 0.0101066969275
0.021 0.00908535754203
0.021 0.00806401815652
0.021 0.00704267877102
0.021 0.00602133938551
0.021 0.005
0.021 0.005
0.02 0.005
0.019 0.005
0.019 0.005
0.019 0.00604654821979
0.019 0.00709309643957
0.019 0.00813964465936
0.019 0.00918619287914
0.019 0.0102327410989
0.019 0.0112792893187
0.019 0.0123258375385
0.019 0.0133723857583
0.019 0.0144189339781
0.019 0.0154654821979
0.019 0.0154654821979
0.018 0.0154654821979
0.018 0.0154654821979
0.018 0.0144189339781
0.018 0.0133723857583
0.018 0.0123258375385
0.018 0.0112792893187
0.018 0.0102327410989
0.018 0.00918619287914
0.018 0.00813964465936
0.018 0.00709309643957
0.018 0.00604654821979
0.018 0.005
0.018 0.005
0.017 0.005
0.016 0.005
0.016 0.005
0.016 0.00599124380943
0.016 0.00698248761887
0.016 0.0079737314283
0.016 0.00896497523774
0.016 0.00995621904717
0.016 0.0109474628566
0.016 0.011938706666
0.016 0.0129299504755
0.016 0.0139211942849
0.016 0.0149124380943
0.016 0.0159036819038
0.016 0.0168949257132
0.016 0.0178861695226
0.016 0.0188774133321
0.016 0.0198686571415
0.016 0.0208599009509
0.016 0.0218511447604
0.016 0.0228423885698
0.016 0.0228423885698
0.015 0.0228423885698
0.015 0.0228423885698
0.015 0.0218511447604
0.015 0.0208599009509
0.015 0.0198686571415
0.015 0.0188774133321
0.015 0.0178861695226
0.015 0.0168949257132
0.015 0.0159036819038
0.015 0.0149124380943
0.015 0.0139211942849
0.015 0.0129299504755
0.015 0.011938706666
0.015 0.0109474628566
0.015 0.00995621904717
0.015 0.00896497523774
0.015 0.0079737314283
0.015 0.00698248761887
0.015 0.00599124380943
0.015 0.005
0.015 0.005
0.014 0.005
0.013 0.005
0.013 0.005
0.013 0.00596951139727
0.013 0.00693902279454
0.013 0.0079085341918
0.013 0.00887804558907
0.013 0.00984755698634
0.013 0.0108170683836
0.013 0.0117865797809
0.013 0.0127560911781
0.013 0.0127560911781
0.012 0.0127560911781
0.012 0.0127560911781
0.012 0.0117865797809
0.012 0.0108170683836
0.012 0.00984755698634
0.012 0.00887804558907
0.012 0.0079085341918
0.012 0.00693902279454
0.012 0.00596951139727
0.012 0.005
0.012 0.005
0.011 0.005
0.01 0.005
0.01 0.005
0.01 0.00598054712271
0.01 0.00696109424542
0.01 0.00794164136813
0.01 0.00892218849084
0.01 0.00990273561355
0.01 0.0108832827363
0.01 0.011863829859
0.01 0.0128443769817
0.01 0.0138249241044
0.01 0.0148054712271
0.01 0.0157860183498
0.01 0.0167665654725
0.01 0.0177471125952
0.01 0.0187276597179
0.01 0.0197082068407
0.01 0.0206887539634
0.01 0.0216693010861
0.01 0.0226498482088
0.01 0.0226498482088
0.009 0.0226498482088
0.009 0.0226498482088
0.009 0.0216693010861
0.009 0.0206887539634
0.009 0.0197082068407
0.009 0.0187276597179
0.009 0.0177471125952
0.009 0.0167665654725
0.009 0.0157860183498
0.009 0.0148054712271
0.009 0.0138249241044
0.009 0.0128443769817
0.009 0.011863829859
0.009 0.0108832827363
0.009 0.00990273561355
0.009 0.00892218849084
0.009 0.00794164136813
0.009 0.00696109424542
0.009 0.00598054712271
0.009 0.005
0.009 0.005
0.008 0.005
0.007 0.005
0.007 0.005
0.007 0.00599037366236
0.007 0.00698074732472
0.007 0.00797112098707
0.007 0.00896149464943
0.007 0.00995186831179
0.007 0.0109422419741
0.007 0.0119326156365
0.007 0.0129229892989
0.007 0.0139133629612
0.007 0.0149037366236
0.007 0.0158941102859
0.007 0.0168844839483
0.007 0.0178748576107
0.007 0.018865231273
0.007 0.0198556049354
0.007 0.0198556049354
0.006 0.0198556049354
0.006 0.0198556049354
0.006 0.018865231273
0.006 0.0178748576107
0.006 0.0168844839483
0.006 0.0158941102859
0.006 0.0149037366236
0.006 0.0139133629612
0.006 0.0129229892989
0.006 0.0119326156365
0.006 0.0109422419741
0.006 0.00995186831179
0.006 0.00896149464943
0.006 0.00797112098707
0.006 0.00698074732472
0.006 0.00599037366236
0.006 0.005
0.006 0.005
0.005 0.005
0.004 0.005
0.004 0.005
0.004 0.00601177806417
0.004 0.00702355612834
0.004 0.00803533419251
0.004 0.00904711225668
0.004 0.0100588903208
0.004 0.011070668385
0.004 0.0120824464492
0.004 0.0130942245134
0.004 0.0141060025775
0.004 0.0151177806417
0.004 0.0161295587059
0.004 0.01714133677
0.004 0.01714133677
0.003 0.01714133677
0.003 0.01714133677
0.003 0.0161295587059
0.003 0.0151177806417
0.003 0.0141060025775
0.003 0.0130942245134
0.003 0.0120824464492
0.003 0.011070668385
0.003 0.0100588903208
0.003 0.00904711225668
0.003 0.00803533419251
0.003 0.00702355612834
0.003 0.00601177806417
0.003 0.005
0.003 0.005
0.002 0.005
0.001 0.005
0.001 0.005
0.001 0.00600309879797
0.001 0.00700619759595
0.001 0.00800929639392
0.001 0.00901239519189
0.001 0.0100154939899
0.001 0.0100154939899
0 0.0100154939899
0 0.0100154939899
0 0.00901394459088
0 0.00801239519189
0 0.00701084579291
0 0.00600929639392
0 0.00500774699493
0 0.00400619759595
0 0.00300464819696
0 0.00200309879797
0 0.00100154939899
0 0
296
1 2 3
2 3 3
3 4 3
4 5 3
5 6 3
6 7 3
7 8 3
8 9 3
9 10 3
10 11 3
11 12 3
12 13 3
13 14 3
14 15 3
15 16 3
16 17 3
17 18 3
18 19 3
19 20 3
20 21 3
21 22 3
22 23 3
23 24 3
24 25 3
25 26 3
26 27 3
27 28 3
28 29 3
30 31 1
31 32 1
32 33 1
33 34 1
34 35 1
35 36 1
36 37 1
37 38 1
38 39 1
39 40 1
40 41 1
42 43 2
44 45 2
45 46 2
46 47 2
47 48 2
48 49 2
49 50 2
51 52 2
52 53 2
54 55 2
55 56 2
56 57 2
57 58 2
58 59 2
60 61 2
62 63 2
63 64 2
64 65 2
65 66 2
66 67 2
68 69 2
69 70 2
71 72 2
72 73 2
73 74 2
74 75 2
75 76 2
76 77 2
77 78 2
78 79 2
79 80 2
80 81 2
81 82 2
82 83 2
83 84 2
84 85 2
85 86 2
86 87 2
87 88 2
88 89 2
90 91 2
92 93 2
93 94 2
94 95 2
95 96 2
96 97 2
97 98 2
98 99 2
99 100 2
100 101 2
101 102 2
102 103 2
103 104 2
104 105 2
105 106 2
106 107 2
107 108 2
108 109 2
109 110 2
111 112 2
112 113 2
114 115 2
115 116 2
116 117 2
117 118 2
118 119 2
119 120 2
120 121 2
121 122 2
122 123 2
123 124 2
125 126 2
127 128 2
128 129 2
129 130 2
130 131 2
131 132 2
132 133 2
133 134 2
134 135 2
135 136 2
136 137 2
138 139 2
139 140 2
141 142 2
142 143 2
143 144 2
144 145 2
145 146 2
146 147 2
147 148 2
148 149 2
149 150 2
150 151 2
151 152 2
152 153 2
153 154 2
154 155 2
155 156 2
156 157 2
157 158 2
158 159 2
160 161 2
162 163 2
163 164 2
164 165 2
165 166 2
166 167 2
167 168 2
168 169 2
169 170 2
170 171 2
171 172 2
172 173 2
173 174 2
174 175 2
175 176 2
176 177 2
177 178 2
178 179 2
179 180 2
181 182 2
182 183 2
184 185 2
185 186 2
186 187 2
187 188 2
188 189 2
189 190 2
190 191 2
191 192 2
193 194 2
195 196 2
196 197 2
197 198 2
198 199 2
199 200 2
200 201 2
201 202 2
202 203 2
204 205 2
205 206 2
207 208 2
208 209 2
209 210 2
210 211 2
211 212 2
212 213 2
213 214 2
214 215 2
215 216 2
216 217 2
217 218 2
218 219 2
219 220 2
220 221 2
221 222 2
222 223 2
223 224 2
224 225 2
226 227 2
228 229 2
229 230 2
230 231 2
231 232 2
232 233 2
233 234 2
234 235 2
235 236 2
236 237 2
237 238 2
238 239 2
239 240 2
240 241 2
241 242 2
242 243 2
243 244 2
244 245 2
245 246 2
247 248 2
248 249 2
250 251 2
251 252 2
252 253 2
253 254 2
254 255 2
255 256 2
256 257 2
257 258 2
258 259 2
259 260 2
260 261 2
261 262 2
262 263 2
263 264 2
264 265 2
266 267 2
268 269 2
269 270 2
270 271 2
271 272 2
272 273 2
273 274 2
274 275 2
275 276 2
276 277 2
277 278 2
278 279 2
279 280 2
280 281 2
281 282 2
282 283 2
284 285 2
285 286 2
287 288 2
288 289 2
289 290 2
290 291 2
291 292 2
292 293 2
293 294 2
294 295 2
295 296 2
296 297 2
297 298 2
298 299 2
300 301 2
302 303 2
303 304 2
304 305 2
305 306 2
306 307 2
307 308 2
308 309 2
309 310 2
310 311 2
311 312 2
312 313 2
313 314 2
315 316 2
316 317 2
318 319 2
319 320 2
320 321 2
321 322 2
322 323 2
324 325 2
326 327 1
327 328 1
328 329 1
329 330 1
330 331 1
331 332 1
332 333 1
333 334 1
334 335 1
335 336 1
30
0.014 0.0005
0.014 0.000637931034483
0.014 0.000775862068966
0.014 0.000913793103448
0.014 0.00105172413793
0.014 0.00118965517241
0.014 0.0013275862069
0.014 0.00146551724138
0.014 0.00160344827586
0.014 0.00174137931034
0.014 0.00187931034483
0.014 0.00201724137931
0.014 0.00215517241379
0.014 0.00229310344828
0.014 0.00243103448276
0.014 0.00256896551724
0.014 0.00270689655172
0.014 0.00284482758621
0.014 0.00298275862069
0.014 0.00312068965517
0.014 0.00325862068966
0.014 0.00339655172414
0.014 0.00353448275862
0.014 0.0036724137931
0.014 0.00381034482759
0.014 0.00394827586207
0.014 0.00408620689655
0.014 0.00422413793103
0.014 0.00436206896552
0.014 0.0045
