50
50
3
1 0
2 60
1 -23292
356
0 0
0.001 0
0.002 0
0.003 0
0.004 0
0.005 0
0.006 0
0.007 0
0.008 0
0.009 0
0.01 0
0.011 0
0.012 0
0.013 0
0.014 0
0.015 0
0.016 0
0.017 0
0.018 0
0.019 0
0.02 0
0.021 0
0.022 0
0.023 0
0.024 0
0.025 0
0.026 0
0.027 0
0.028 0
0.028 0
0.028 0.00100719810703
0.028 0.00201439621406
0.028 0.0030215943211
0.028 0.00402879242813
0.028 0.00503599053516
0.028 0.00604318864219
0.028 0.00705038674922
0.028 0.00805758485625
0.028 0.00906478296329
0.028 0.0100719810703
0.028 0.0110791791773
0.028 0.0120863772844
0.028 0.0130935753914
0.028 0.0141007734984
0.028 0.0151079716055
0.028 0.0161151697125
0.028 0.0171223678195
0.028 0.0181295659266
0.028 0.0181295659266
0.027 0.0181295659266
0.027 0.0181295659266
0.027 0.0171195993168
0.027 0.0161096327071
0.027 0.0150996660974
0.027 0.0140896994876
0.027 0.0130797328779
0.027 0.0120697662682
0.027 0.0110597996584
0.027 0.0100498330487
0.027 0.00903986643895
0.027 0.00802989982921
0.027 0.00701993321947
0.027 0.00600996660974
0.027 0.005
0.027 0.005
0.026 0.005
0.025 0.005
0.025 0.005
0.025 0.00601249138012
0.025 0.00702498276023
0.025 0.00803747414035
0.025 0.00904996552046
0.025 0.0100624569006
0.025 0.0110749482807
0.025 0.0120874396608
0.025 0.0130999310409
0.025 0.014112422421
0.025 0.0151249138012
0.025 0.0161374051813
0.025 0.0171498965614
0.025 0.0181623879415
0.025 0.0191748793216
0.025 0.0201873707017
0.025 0.0211998620818
0.025 0.0211998620818
0.024 0.0211998620818
0.024 0.0211998620818
0.024 0.0201873707017
0.024 0.0191748793216
0.024 0.0181623879415
0.024 0.0171498965614
0.024 0.0161374051813
0.024 0.0151249138012
0.024 0.014112422421
0.024 0.0130999310409
0.024 0.0120874396608
0.024 0.0110749482807
0.024 0.0100624569006
0.024 0.00904996552046
0.024 0.00803747414035
0.024 0.00702498276023
0.024 0.00601249138012
0.024 0.005
0.024 0.005
0.023 0.005
0.022 0.005
0.022 0.005
0.022 0.00599873666853
0.022 0.00699747333705
0.022 0.00799621000558
0.022 0.0089949466741
0.022 0.00999368334263
0.022 0.0109924200112
0.022 0.0119911566797
0.022 0.0129898933482
0.022 0.0139886300167
0.022 0.0149873666853
0.022 0.0159861033538
0.022 0.0169848400223
0.022 0.0179835766908
0.022 0.0189823133594
0.022 0.0189823133594
0.021 0.0189823133594
0.021 0.0189823133594
0.021 0.0179835766908
0.021 0.0169848400223
0.021 0.0159861033538
0.021 0.0149873666853
0.021 0.0139886300167
0.021 0.0129898933482
0.021 0.0119911566797
0.021 0.0109924200112
0.021 0.00999368334263
0.021 0.0089949466741
0.021 0.00799621000558
0.021 0.00699747333705
0.021 0.00599873666853
0.021 0.005
0.021 0.005
0.02 0.005
0.019 0.005
0.019 0.005
0.019 0.00602297273241
0.019 0.00704594546483
0.019 0.00806891819724
0.019 0.00909189092965
0.019 0.0101148636621
0.019 0.0111378363945
0.019 0.0121608091269
0.019 0.0131837818593
0.019 0.0142067545917
0.019 0.0152297273241
0.019 0.0162527000565
0.019 0.017275672789
0.019 0.0182986455214
0.019 0.0193216182538
0.019 0.0203445909862
0.019 0.0203445909862
0.018 0.0203445909862
0.018 0.0203445909862
0.018 0.0193216182538
0.018 0.0182986455214
0.018 0.017275672789
0.018 0.0162527000565
0.018 0.0152297273241
0.018 0.0142067545917
0.018 0.0131837818593
0.018 0.0121608091269
0.018 0.0111378363945
0.018 0.0101148636621
0.018 0.00909189092965
0.018 0.00806891819724
0.018 0.00704594546483
0.018 0.00602297273241
0.018 0.005
0.018 0.005
0.017 0.005
0.016 0.005
0.016 0.005
0.016 0.00599403273813
0.016 0.00698806547627
0.016 0.0079820982144
0.016 0.00897613095254
0.016 0.00997016369067
0.016 0.0109641964288
0.016 0.0119582291669
0.016 0.0129522619051
0.016 0.0139462946432
0.016 0.0149403273813
0.016 0.0159343601195
0.016 0.0169283928576
0.016 0.0179224255957
0.016 0.0189164583339
0.016 0.019910491072
0.016 0.0209045238101
0.016 0.0218985565483
0.016 0.0228925892864
0.016 0.0238866220245
0.016 0.0238866220245
0.015 0.0238866220245
0.015 0.0238866220245
0.015 0.0228925892864
0.015 0.0218985565483
0.015 0.0209045238101
0.015 0.019910491072
0.015 0.0189164583339
0.015 0.0179224255957
0.015 0.0169283928576
0.015 0.0159343601195
0.015 0.0149403273813
0.015 0.0139462946432
0.015 0.0129522619051
0.015 0.0119582291669
0.015 0.0109641964288
0.015 0.00997016369067
0.015 0.00897613095254
0.015 0.0079820982144
0.015 0.00698806547627
0.015 0.00599403273813
0.015 0.005
0.015 0.005
0.014 0.005
0.013 0.005
0.013 0.005
0.013 0.00603369174386
0.013 0.00706738348773
0.013 0.00810107523159
0.013 0.00913476697546
0.013 0.0101684587193
0.013 0.0112021504632
0.013 0.0122358422071
0.013 0.0132695339509
0.013 0.0132695339509
0.012 0.0132695339509
0.012 0.0132695339509
0.012 0.0122358422071
0.012 0.0112021504632
0.012 0.0101684587193
0.012 0.00913476697546
0.012 0.00810107523159
0.012 0.00706738348773
0.012 0.00603369174386
0.012 0.005
0.012 0.005
0.011 0.005
0.01 0.005
0.01 0.005
0.01 0.00600162908905
0.01 0.00700325817809
0.01 0.00800488726714
0.01 0.00900651635618
0.01 0.0100081454452
0.01 0.0110097745343
0.01 0.0120114036233
0.01 0.0130130327124
0.01 0.0140146618014
0.01 0.0150162908905
0.01 0.0150162908905
0.009 0.0150162908905
0.009 0.0150162908905
0.009 0.0140146618014
0.009 0.0130130327124
0.009 0.0120114036233
0.009 0.0110097745343
0.009 0.0100081454452
0.009 0.00900651635618
0.009 0.00800488726714
0.009 0.00700325817809
0.009 0.00600162908905
0.009 0.005
0.009 0.005
0.008 0.005
0.007 0.005
0.007 0.005
0.007 0.00597997075251
0.007 0.00695994150501
0.007 0.00793991225752
0.007 0.00891988301003
0.007 0.00989985376253
0.007 0.010879824515
0.007 0.0118597952675
0.007 0.0128397660201
0.007 0.0138197367726
0.007 0.0147997075251
0.007 0.0157796782776
0.007 0.0167596490301
0.007 0.0167596490301
0.006 0.0167596490301
0.006 0.0167596490301
0.006 0.0157796782776
0.006 0.0147997075251
0.006 0.0138197367726
0.006 0.0128397660201
0.006 0.0118597952675
0.006 0.010879824515
0.006 0.00989985376253
0.006 0.00891988301003
0.006 0.00793991225752
0.006 0.00695994150501
0.006 0.00597997075251
0.006 0.005
0.006 0.005
0.005 0.005
0.004 0.005
0.004 0.005
0.004 0.0060059567591
0.004 0.00701191351821
0.004 0.00801787027731
0.004 0.00902382703641
0.004 0.0100297837955
0.004 0.0110357405546
0.004 0.0120416973137
0.004 0.0120416973137
0.003 0.0120416973137
0.003 0.0120416973137
0.003 0.0110357405546
0.003 0.0100297837955
0.003 0.00902382703641
0.003 0.00801787027731
0.003 0.00701191351821
0.003 0.0060059567591
0.003 0.005
0.003 0.005
0.002 0.005
0.001 0.005
0.001 0.005
0.001 0.00600545673962
0.001 0.00701091347924
0.001 0.00801637021886
0.001 0.00902182695848
0.001 0.0100272836981
0.001 0.0110327404377
0.001 0.0120381971773
0.001 0.013043653917
0.001 0.0140491106566
0.001 0.0150545673962
0.001 0.0160600241358
0.001 0.0160600241358
0 0.0160600241358
0 0.0160600241358
0 0.0150562726273
0 0.0140525211188
0 0.0130487696104
0 0.0120450181019
0 0.0110412665934
0 0.0100375150849
0 0.0090337635764
0 0.00803001206791
0 0.00702626055942
0 0.00602250905093
0 0.00501875754244
0 0.00401500603395
0 0.00301125452547
0 0.00200750301698
0 0.00100375150849
0 0
316
1 2 3
2 3 3
3 4 3
4 5 3
5 6 3
6 7 3
7 8 3
8 9 3
9 10 3
10 11 3
11 12 3
12 13 3
13 14 3
14 15 3
15 16 3
16 17 3
17 18 3
18 19 3
19 20 3
20 21 3
21 22 3
22 23 3
23 24 3
24 25 3
25 26 3
26 27 3
27 28 3
28 29 3
30 31 1
31 32 1
32 33 1
33 34 1
34 35 1
35 36 1
36 37 1
37 38 1
38 39 1
39 40 1
40 41 1
41 42 1
42 43 1
43 44 1
44 45 1
45 46 1
46 47 1
47 48 1
49 50 2
51 52 2
52 53 2
53 54 2
54 55 2
55 56 2
56 57 2
57 58 2
58 59 2
59 60 2
60 61 2
61 62 2
62 63 2
63 64 2
65 66 2
66 67 2
68 69 2
69 70 2
70 71 2
71 72 2
72 73 2
73 74 2
74 75 2
75 76 2
76 77 2
77 78 2
78 79 2
79 80 2
80 81 2
81 82 2
82 83 2
83 84 2
85 86 2
87 88 2
88 89 2
89 90 2
90 91 2
91 92 2
92 93 2
93 94 2
94 95 2
95 96 2
96 97 2
97 98 2
98 99 2
99 100 2
100 101 2
101 102 2
102 103 2
104 105 2
105 106 2
107 108 2
108 109 2
109 110 2
110 111 2
111 112 2
112 113 2
113 114 2
114 115 2
115 116 2
116 117 2
117 118 2
118 119 2
119 120 2
120 121 2
122 123 2
124 125 2
125 126 2
126 127 2
127 128 2
128 129 2
129 130 2
130 131 2
131 132 2
132 133 2
133 134 2
134 135 2
135 136 2
136 137 2
137 138 2
139 140 2
140 141 2
142 143 2
143 144 2
144 145 2
145 146 2
146 147 2
147 148 2
148 149 2
149 150 2
150 151 2
151 152 2
152 153 2
153 154 2
154 155 2
155 156 2
156 157 2
158 159 2
160 161 2
161 162 2
162 163 2
163 164 2
164 165 2
165 166 2
166 167 2
167 168 2
168 169 2
169 170 2
170 171 2
171 172 2
172 173 2
173 174 2
174 175 2
176 177 2
177 178 2
179 180 2
180 181 2
181 182 2
182 183 2
183 184 2
184 185 2
185 186 2
186 187 2
187 188 2
188 189 2
189 190 2
190 191 2
191 192 2
192 193 2
193 194 2
194 195 2
195 196 2
196 197 2
197 198 2
199 200 2
201 202 2
202 203 2
203 204 2
204 205 2
205 206 2
206 207 2
207 208 2
208 209 2
209 210 2
210 211 2
211 212 2
212 213 2
213 214 2
214 215 2
215 216 2
216 217 2
217 218 2
218 219 2
219 220 2
221 222 2
222 223 2
224 225 2
225 226 2
226 227 2
227 228 2
228 229 2
229 230 2
230 231 2
231 232 2
233 234 2
235 236 2
236 237 2
237 238 2
238 239 2
239 240 2
240 241 2
241 242 2
242 243 2
244 245 2
245 246 2
247 248 2
248 249 2
249 250 2
250 251 2
251 252 2
252 253 2
253 254 2
254 255 2
255 256 2
256 257 2
258 259 2
260 261 2
261 262 2
262 263 2
263 264 2
264 265 2
265 266 2
266 267 2
267 268 2
268 269 2
269 270 2
271 272 2
272 273 2
274 275 2
275 276 2
276 277 2
277 278 2
278 279 2
279 280 2
280 281 2
281 282 2
282 283 2
283 284 2
284 285 2
285 286 2
287 288 2
289 290 2
290 291 2
291 292 2
292 293 2
293 294 2
294 295 2
295 296 2
296 297 2
297 298 2
298 299 2
299 300 2
300 301 2
302 303 2
303 304 2
305 306 2
306 307 2
307 308 2
308 309 2
309 310 2
310 311 2
311 312 2
313 314 2
315 316 2
316 317 2
317 318 2
318 319 2
319 320 2
320 321 2
321 322 2
323 324 2
324 325 2
326 327 2
327 328 2
328 329 2
329 330 2
330 331 2
331 332 2
332 333 2
333 334 2
334 335 2
335 336 2
336 337 2
338 339 2
340 341 1
341 342 1
342 343 1
343 344 1
344 345 1
345 346 1
346 347 1
347 348 1
348 349 1
349 350 1
350 351 1
351 352 1
352 353 1
353 354 1
354 355 1
355 356 1
30
0.014 0.0005
0.014 0.000637931034483
0.014 0.000775862068966
0.014 0.000913793103448
0.014 0.00105172413793
0.014 0.00118965517241
0.014 0.0013275862069
0.014 0.00146551724138
0.014 0.00160344827586
0.014 0.00174137931034
0.014 0.00187931034483
0.014 0.00201724137931
0.014 0.00215517241379
0.014 0.00229310344828
0.014 0.00243103448276
0.014 0.00256896551724
0.014 0.00270689655172
0.014 0.00284482758621
0.014 0.00298275862069
0.014 0.00312068965517
0.014 0.00325862068966
0.014 0.00339655172414
0.014 0.00353448275862
0.014 0.0036724137931
0.014 0.00381034482759
0.014 0.00394827586207
0.014 0.00408620689655
0.014 0.00422413793103
0.014 0.00436206896552
0.014 0.0045
