50
50
3
1 0
2 60
1 -23292
380
0 0
0.001 0
0.002 0
0.003 0
0.004 0
0.005 0
0.006 0
0.007 0
0.008 0
0.009 0
0.01 0
0.011 0
0.012 0
0.013 0
0.014 0
0.015 0
0.016 0
0.017 0
0.018 0
0.019 0
0.02 0
0.021 0
0.022 0
0.023 0
0.024 0
0.025 0
0.026 0
0.027 0
0.028 0
0.028 0
0.028 0.00101904887073
0.028 0.00203809774145
0.028 0.00305714661218
0.028 0.0040761954829
0.028 0.00509524435363
0.028 0.00611429322436
0.028 0.00713334209508
0.028 0.00815239096581
0.028 0.00917143983653
0.028 0.0101904887073
0.028 0.011209537578
0.028 0.0122285864487
0.028 0.0132476353194
0.028 0.0142666841902
0.028 0.0152857330609
0.028 0.0163047819316
0.028 0.0173238308023
0.028 0.0183428796731
0.028 0.0193619285438
0.028 0.0203809774145
0.028 0.0214000262852
0.028 0.0214000262852
0.027 0.0214000262852
0.027 0.0214000262852
0.027 0.0203750246424
0.027 0.0193500229996
0.027 0.0183250213568
0.027 0.0173000197139
0.027 0.0162750180711
0.027 0.0152500164283
0.027 0.0142250147855
0.027 0.0132000131426
0.027 0.0121750114998
0.027 0.011150009857
0.027 0.0101250082141
0.027 0.00910000657131
0.027 0.00807500492848
0.027 0.00705000328566
0.027 0.00602500164283
0.027 0.005
0.027 0.005
0.026 0.005
0.025 0.005
0.025 0.005
0.025 0.00601449203536
0.025 0.00702898407072
0.025 0.00804347610608
0.025 0.00905796814144
0.025 0.0100724601768
0.025 0.0110869522122
0.025 0.0121014442475
0.025 0.0131159362829
0.025 0.0141304283182
0.025 0.0151449203536
0.025 0.0161594123889
0.025 0.0171739044243
0.025 0.0181883964597
0.025 0.019202888495
0.025 0.019202888495
0.024 0.019202888495
0.024 0.019202888495
0.024 0.0181883964597
0.024 0.0171739044243
0.024 0.0161594123889
0.024 0.0151449203536
0.024 0.0141304283182
0.024 0.0131159362829
0.024 0.0121014442475
0.024 0.0110869522122
0.024 0.0100724601768
0.024 0.00905796814144
0.024 0.00804347610608
0.024 0.00702898407072
0.024 0.00601449203536
0.024 0.005
0.024 0.005
0.023 0.005
0.022 0.005
0.022 0.005
0.022 0.00601365611383
0.022 0.00702731222766
0.022 0.00804096834149
0.022 0.00905462445531
0.022 0.0100682805691
0.022 0.011081936683
0.022 0.0120955927968
0.022 0.0131092489106
0.022 0.0141229050245
0.022 0.0151365611383
0.022 0.0161502172521
0.022 0.0171638733659
0.022 0.0181775294798
0.022 0.0191911855936
0.022 0.0202048417074
0.022 0.0212184978213
0.022 0.0222321539351
0.022 0.0222321539351
0.021 0.0222321539351
0.021 0.0222321539351
0.021 0.0212184978213
0.021 0.0202048417074
0.021 0.0191911855936
0.021 0.0181775294798
0.021 0.0171638733659
0.021 0.0161502172521
0.021 0.0151365611383
0.021 0.0141229050245
0.021 0.0131092489106
0.021 0.0120955927968
0.021 0.011081936683
0.021 0.0100682805691
0.021 0.00905462445531
0.021 0.00804096834149
0.021 0.00702731222766
0.021 0.00601365611383
0.021 0.005
0.021 0.005
0.02 0.005
0.019 0.005
0.019 0.005
0.019 0.00598084698099
0.019 0.00696169396199
0.019 0.00794254094298
0.019 0.00892338792397
0.019 0.00990423490496
0.019 0.010885081886
0.019 0.0118659288669
0.019 0.0128467758479
0.019 0.0138276228289
0.019 0.0148084698099
0.019 0.0148084698099
0.018 0.0148084698099
0.018 0.0148084698099
0.018 0.0138276228289
0.018 0.0128467758479
0.018 0.0118659288669
0.018 0.010885081886
0.018 0.00990423490496
0.018 0.00892338792397
0.018 0.00794254094298
0.018 0.00696169396199
0.018 0.00598084698099
0.018 0.005
0.018 0.005
0.017 0.005
0.016 0.005
0.016 0.005
0.016 0.0059878624406
0.016 0.0069757248812
0.016 0.0079635873218
0.016 0.0089514497624
0.016 0.009939312203
0.016 0.0109271746436
0.016 0.0119150370842
0.016 0.0129028995248
0.016 0.0138907619654
0.016 0.014878624406
0.016 0.0158664868466
0.016 0.0158664868466
0.015 0.0158664868466
0.015 0.0158664868466
0.015 0.014878624406
0.015 0.0138907619654
0.015 0.0129028995248
0.015 0.0119150370842
0.015 0.0109271746436
0.015 0.009939312203
0.015 0.0089514497624
0.015 0.0079635873218
0.015 0.0069757248812
0.015 0.0059878624406
0.015 0.005
0.015 0.005
0.014 0.005
0.013 0.005
0.013 0.005
0.013 0.00595627292451
0.013 0.00691254584902
0.013 0.00786881877353
0.013 0.00882509169804
0.013 0.00978136462255
0.013 0.0107376375471
0.013 0.0116939104716
0.013 0.0126501833961
0.013 0.0126501833961
0.012 0.0126501833961
0.012 0.0126501833961
0.012 0.0116939104716
0.012 0.0107376375471
0.012 0.00978136462255
0.012 0.00882509169804
0.012 0.00786881877353
0.012 0.00691254584902
0.012 0.00595627292451
0.012 0.005
0.012 0.005
0.011 0.005
0.01 0.005
0.01 0.005
0.01 0.00594517004323
0.01 0.00689034008646
0.01 0.00783551012969
0.01 0.00878068017292
0.01 0.00972585021615
0.01 0.0106710202594
0.01 0.0116161903026
0.01 0.0125613603458
0.01 0.0135065303891
0.01 0.0135065303891
0.009 0.0135065303891
0.009 0.0135065303891
0.009 0.0125613603458
0.009 0.0116161903026
0.009 0.0106710202594
0.009 0.00972585021615
0.009 0.00878068017292
0.009 0.00783551012969
0.009 0.00689034008646
0.009 0.00594517004323
0.009 0.005
0.009 0.005
0.008 0.005
0.007 0.005
0.007 0.005
0.007 0.00597692340993
0.007 0.00695384681986
0.007 0.0079307702298
0.007 0.00890769363973
0.007 0.00988461704966
0.007 0.0108615404596
0.007 0.0118384638695
0.007 0.0128153872795
0.007 0.0137923106894
0.007 0.0147692340993
0.007 0.0157461575093
0.007 0.0167230809192
0.007 0.0177000043291
0.007 0.018676927739
0.007 0.019653851149
0.007 0.0206307745589
0.007 0.0216076979688
0.007 0.0225846213788
0.007 0.0235615447887
0.007 0.0235615447887
0.006 0.0235615447887
0.006 0.0235615447887
0.006 0.0225846213788
0.006 0.0216076979688
0.006 0.0206307745589
0.006 0.019653851149
0.006 0.018676927739
0.006 0.0177000043291
0.006 0.0167230809192
0.006 0.0157461575093
0.006 0.0147692340993
0.006 0.0137923106894
0.006 0.0128153872795
0.006 0.0118384638695
0.006 0.0108615404596
0.006 0.00988461704966
0.006 0.00890769363973
0.006 0.0079307702298
0.006 0.00695384681986
0.006 0.00597692340993
0.006 0.005
0.006 0.005
0.005 0.005
0.004 0.005
0.004 0.005
0.004 0.00598327572547
0.004 0.00696655145093
0.004 0.0079498271764
0.004 0.00893310290186
0.004 0.00991637862733
0.004 0.0108996543528
0.004 0.0118829300783
0.004 0.0128662058037
0.004 0.0138494815292
0.004 0.0148327572547
0.004 0.0158160329801
0.004 0.0167993087056
0.004 0.017782584431
0.004 0.0187658601565
0.004 0.019749135882
0.004 0.0207324116074
0.004 0.0217156873329
0.004 0.0217156873329
0.003 0.0217156873329
0.003 0.0217156873329
0.003 0.0207324116074
0.003 0.019749135882
0.003 0.0187658601565
0.003 0.017782584431
0.003 0.0167993087056
0.003 0.0158160329801
0.003 0.0148327572547
0.003 0.0138494815292
0.003 0.0128662058037
0.003 0.0118829300783
0.003 0.0108996543528
0.003 0.00991637862733
0.003 0.00893310290186
0.003 0.0079498271764
0.003 0.00696655145093
0.003 0.00598327572547
0.003 0.005
0.003 0.005
0.002 0.005
0.001 0.005
0.001 0.005
0.001 0.00602575230279
0.001 0.00705150460557
0.001 0.00807725690836
0.001 0.00910300921115
0.001 0.0101287615139
0.001 0.0111545138167
0.001 0.0121802661195
0.001 0.0132060184223
0.001 0.0142317707251
0.001 0.0152575230279
0.001 0.0162832753307
0.001 0.0173090276334
0.001 0.0183347799362
0.001 0.019360532239
0.001 0.0203862845418
0.001 0.0214120368446
0.001 0.0214120368446
0 0.0214120368446
0 0.0214120368446
0 0.0203924160425
0 0.0193727952403
0 0.0183531744382
0 0.0173335536361
0 0.016313932834
0 0.0152943120318
0 0.0142746912297
0 0.0132550704276
0 0.0122354496255
0 0.0112158288234
0 0.0101962080212
0 0.00917658721911
0 0.00815696641699
0 0.00713734561486
0 0.00611772481274
0 0.00509810401062
0 0.00407848320849
0 0.00305886240637
0 0.00203924160425
0 0.00101962080212
0 0
340
1 2 3
2 3 3
3 4 3
4 5 3
5 6 3
6 7 3
7 8 3
8 9 3
9 10 3
10 11 3
11 12 3
12 13 3
13 14 3
14 15 3
15 16 3
16 17 3
17 18 3
18 19 3
19 20 3
20 21 3
21 22 3
22 23 3
23 24 3
24 25 3
25 26 3
26 27 3
27 28 3
28 29 3
30 31 1
31 32 1
32 33 1
33 34 1
34 35 1
35 36 1
36 37 1
37 38 1
38 39 1
39 40 1
40 41 1
41 42 1
42 43 1
43 44 1
44 45 1
45 46 1
46 47 1
47 48 1
48 49 1
49 50 1
50 51 1
52 53 2
54 55 2
55 56 2
56 57 2
57 58 2
58 59 2
59 60 2
60 61 2
61 62 2
62 63 2
63 64 2
64 65 2
65 66 2
66 67 2
67 68 2
68 69 2
69 70 2
71 72 2
72 73 2
74 75 2
75 76 2
76 77 2
77 78 2
78 79 2
79 80 2
80 81 2
81 82 2
82 83 2
83 84 2
84 85 2
85 86 2
86 87 2
87 88 2
89 90 2
91 92 2
92 93 2
93 94 2
94 95 2
95 96 2
96 97 2
97 98 2
98 99 2
99 100 2
100 101 2
101 102 2
102 103 2
103 104 2
104 105 2
106 107 2
107 108 2
109 110 2
110 111 2
111 112 2
112 113 2
113 114 2
114 115 2
115 116 2
116 117 2
117 118 2
118 119 2
119 120 2
120 121 2
121 122 2
122 123 2
123 124 2
124 125 2
125 126 2
127 128 2
129 130 2
130 131 2
131 132 2
132 133 2
133 134 2
134 135 2
135 136 2
136 137 2
137 138 2
138 139 2
139 140 2
140 141 2
141 142 2
142 143 2
143 144 2
144 145 2
145 146 2
147 148 2
148 149 2
150 151 2
151 152 2
152 153 2
153 154 2
154 155 2
155 156 2
156 157 2
157 158 2
158 159 2
159 160 2
161 162 2
163 164 2
164 165 2
165 166 2
166 167 2
167 168 2
168 169 2
169 170 2
170 171 2
171 172 2
172 173 2
174 175 2
175 176 2
177 178 2
178 179 2
179 180 2
180 181 2
181 182 2
182 183 2
183 184 2
184 185 2
185 186 2
186 187 2
187 188 2
189 190 2
191 192 2
192 193 2
193 194 2
194 195 2
195 196 2
196 197 2
197 198 2
198 199 2
199 200 2
200 201 2
201 202 2
203 204 2
204 205 2
206 207 2
207 208 2
208 209 2
209 210 2
210 211 2
211 212 2
212 213 2
213 214 2
215 216 2
217 218 2
218 219 2
219 220 2
220 221 2
221 222 2
222 223 2
223 224 2
224 225 2
226 227 2
227 228 2
229 230 2
230 231 2
231 232 2
232 233 2
233 234 2
234 235 2
235 236 2
236 237 2
237 238 2
239 240 2
241 242 2
242 243 2
243 244 2
244 245 2
245 246 2
246 247 2
247 248 2
248 249 2
249 250 2
251 252 2
252 253 2
254 255 2
255 256 2
256 257 2
257 258 2
258 259 2
259 260 2
260 261 2
261 262 2
262 263 2
263 264 2
264 265 2
265 266 2
266 267 2
267 268 2
268 269 2
269 270 2
270 271 2
271 272 2
272 273 2
274 275 2
276 277 2
277 278 2
278 279 2
279 280 2
280 281 2
281 282 2
282 283 2
283 284 2
284 285 2
285 286 2
286 287 2
287 288 2
288 289 2
289 290 2
290 291 2
291 292 2
292 293 2
293 294 2
294 295 2
296 297 2
297 298 2
299 300 2
300 301 2
301 302 2
302 303 2
303 304 2
304 305 2
305 306 2
306 307 2
307 308 2
308 309 2
309 310 2
310 311 2
311 312 2
312 313 2
313 314 2
314 315 2
315 316 2
317 318 2
319 320 2
320 321 2
321 322 2
322 323 2
323 324 2
324 325 2
325 326 2
326 327 2
327 328 2
328 329 2
329 330 2
330 331 2
331 332 2
332 333 2
333 334 2
334 335 2
335 336 2
337 338 2
338 339 2
340 341 2
341 342 2
342 343 2
343 344 2
344 345 2
345 346 2
346 347 2
347 348 2
348 349 2
349 350 2
350 351 2
351 352 2
352 353 2
353 354 2
354 355 2
355 356 2
357 358 2
359 360 1
360 361 1
361 362 1
362 363 1
363 364 1
364 365 1
365 366 1
366 367 1
367 368 1
368 369 1
369 370 1
370 371 1
371 372 1
372 373 1
373 374 1
374 375 1
375 376 1
376 377 1
377 378 1
378 379 1
379 380 1
30
0.014 0.0005
0.014 0.000637931034483
0.014 0.000775862068966
0.014 0.000913793103448
0.014 0.00105172413793
0.014 0.00118965517241
0.014 0.0013275862069
0.014 0.00146551724138
0.014 0.00160344827586
0.014 0.00174137931034
0.014 0.00187931034483
0.014 0.00201724137931
0.014 0.00215517241379
0.014 0.00229310344828
0.014 0.00243103448276
0.014 0.00256896551724
0.014 0.00270689655172
0.014 0.00284482758621
0.014 0.00298275862069
0.014 0.00312068965517
0.014 0.00325862068966
0.014 0.00339655172414
0.014 0.00353448275862
0.014 0.0036724137931
0.014 0.00381034482759
0.014 0.00394827586207
0.014 0.00408620689655
0.014 0.00422413793103
0.014 0.00436206896552
0.014 0.0045
