50
50
3
1 0
2 60
1 -23292
382
0 0
0.001 0
0.002 0
0.003 0
0.004 0
0.005 0
0.006 0
0.007 0
0.008 0
0.009 0
0.01 0
0.011 0
0.012 0
0.013 0
0.014 0
0.015 0
0.016 0
0.017 0
0.018 0
0.019 0
0.02 0
0.021 0
0.022 0
0.023 0
0.024 0
0.025 0
0.026 0
0.027 0
0.028 0
0.028 0
0.028 0.000980617147577
0.028 0.00196123429515
0.028 0.00294185144273
0.028 0.00392246859031
0.028 0.00490308573788
0.028 0.00588370288546
0.028 0.00686432003304
0.028 0.00784493718061
0.028 0.00882555432819
0.028 0.00980617147577
0.028 0.0107867886233
0.028 0.0117674057709
0.028 0.0127480229185
0.028 0.0137286400661
0.028 0.0147092572137
0.028 0.0156898743612
0.028 0.0166704915088
0.028 0.0176511086564
0.028 0.018631725804
0.028 0.0196123429515
0.028 0.0205929600991
0.028 0.0215735772467
0.028 0.0225541943943
0.028 0.0235348115418
0.028 0.0245154286894
0.028 0.0245154286894
0.027 0.0245154286894
0.027 0.0245154286894
0.027 0.0235396572549
0.027 0.0225638858205
0.027 0.021588114386
0.027 0.0206123429515
0.027 0.0196365715171
0.027 0.0186608000826
0.027 0.0176850286481
0.027 0.0167092572137
0.027 0.0157334857792
0.027 0.0147577143447
0.027 0.0137819429102
0.027 0.0128061714758
0.027 0.0118304000413
0.027 0.0108546286068
0.027 0.00987885717235
0.027 0.00890308573788
0.027 0.00792731430341
0.027 0.00695154286894
0.027 0.00597577143447
0.027 0.005
0.027 0.005
0.026 0.005
0.025 0.005
0.025 0.005
0.025 0.00602206138296
0.025 0.00704412276591
0.025 0.00806618414887
0.025 0.00908824553183
0.025 0.0101103069148
0.025 0.0111323682977
0.025 0.0121544296807
0.025 0.0131764910637
0.025 0.0141985524466
0.025 0.0152206138296
0.025 0.0162426752125
0.025 0.0172647365955
0.025 0.0172647365955
0.024 0.0172647365955
0.024 0.0172647365955
0.024 0.0162426752125
0.024 0.0152206138296
0.024 0.0141985524466
0.024 0.0131764910637
0.024 0.0121544296807
0.024 0.0111323682977
0.024 0.0101103069148
0.024 0.00908824553183
0.024 0.00806618414887
0.024 0.00704412276591
0.024 0.00602206138296
0.024 0.005
0.024 0.005
0.023 0.005
0.022 0.005
0.022 0.005
0.022 0.00597827500585
0.022 0.00695655001169
0.022 0.00793482501754
0.022 0.00891310002338
0.022 0.00989137502923
0.022 0.0108696500351
0.022 0.0118479250409
0.022 0.0128262000468
0.022 0.0138044750526
0.022 0.0147827500585
0.022 0.0157610250643
0.022 0.0167393000701
0.022 0.017717575076
0.022 0.0186958500818
0.022 0.0196741250877
0.022 0.0196741250877
0.021 0.0196741250877
0.021 0.0196741250877
0.021 0.0186958500818
0.021 0.017717575076
0.021 0.0167393000701
0.021 0.0157610250643
0.021 0.0147827500585
0.021 0.0138044750526
0.021 0.0128262000468
0.021 0.0118479250409
0.021 0.0108696500351
0.021 0.00989137502923
0.021 0.00891310002338
0.021 0.00793482501754
0.021 0.00695655001169
0.021 0.00597827500585
0.021 0.005
0.021 0.005
0.02 0.005
0.019 0.005
0.019 0.005
0.019 0.00602414560586
0.019 0.00704829121172
0.019 0.00807243681758
0.019 0.00909658242344
0.019 0.0101207280293
0.019 0.0111448736352
0.019 0.012169019241
0.019 0.0131931648469
0.019 0.0142173104527
0.019 0.0152414560586
0.019 0.0162656016645
0.019 0.0172897472703
0.019 0.0183138928762
0.019 0.0193380384821
0.019 0.0203621840879
0.019 0.0213863296938
0.019 0.0224104752996
0.019 0.0234346209055
0.019 0.0244587665114
0.019 0.0244587665114
0.018 0.0244587665114
0.018 0.0244587665114
0.018 0.0234346209055
0.018 0.0224104752996
0.018 0.0213863296938
0.018 0.0203621840879
0.018 0.0193380384821
0.018 0.0183138928762
0.018 0.0172897472703
0.018 0.0162656016645
0.018 0.0152414560586
0.018 0.0142173104527
0.018 0.0131931648469
0.018 0.012169019241
0.018 0.0111448736352
0.018 0.0101207280293
0.018 0.00909658242344
0.018 0.00807243681758
0.018 0.00704829121172
0.018 0.00602414560586
0.018 0.005
0.018 0.005
0.017 0.005
0.016 0.005
0.016 0.005
0.016 0.00603394748853
0.016 0.00706789497706
0.016 0.00810184246559
0.016 0.00913578995412
0.016 0.0101697374427
0.016 0.0112036849312
0.016 0.0122376324197
0.016 0.0132715799082
0.016 0.0143055273968
0.016 0.0153394748853
0.016 0.0163734223738
0.016 0.0174073698624
0.016 0.0174073698624
0.015 0.0174073698624
0.015 0.0174073698624
0.015 0.0163734223738
0.015 0.0153394748853
0.015 0.0143055273968
0.015 0.0132715799082
0.015 0.0122376324197
0.015 0.0112036849312
0.015 0.0101697374427
0.015 0.00913578995412
0.015 0.00810184246559
0.015 0.00706789497706
0.015 0.00603394748853
0.015 0.005
0.015 0.005
0.014 0.005
0.013 0.005
0.013 0.005
0.013 0.00601108625102
0.013 0.00702217250203
0.013 0.00803325875305
0.013 0.00904434500407
0.013 0.0100554312551
0.013 0.0110665175061
0.013 0.0120776037571
0.013 0.0130886900081
0.013 0.0140997762591
0.013 0.0151108625102
0.013 0.0161219487612
0.013 0.0171330350122
0.013 0.0181441212632
0.013 0.0191552075142
0.013 0.0201662937652
0.013 0.0211773800163
0.013 0.0221884662673
0.013 0.0231995525183
0.013 0.0242106387693
0.013 0.0242106387693
0.012 0.0242106387693
0.012 0.0242106387693
0.012 0.0231995525183
0.012 0.0221884662673
0.012 0.0211773800163
0.012 0.0201662937652
0.012 0.0191552075142
0.012 0.0181441212632
0.012 0.0171330350122
0.012 0.0161219487612
0.012 0.0151108625102
0.012 0.0140997762591
0.012 0.0130886900081
0.012 0.0120776037571
0.012 0.0110665175061
0.012 0.0100554312551
0.012 0.00904434500407
0.012 0.00803325875305
0.012 0.00702217250203
0.012 0.00601108625102
0.012 0.005
0.012 0.005
0.011 0.005
0.01 0.005
0.01 0.005
0.01 0.00597247058613
0.01 0.00694494117227
0.01 0.0079174117584
0.01 0.00888988234453
0.01 0.00986235293067
0.01 0.0108348235168
0.01 0.0118072941029
0.01 0.0127797646891
0.01 0.0127797646891
0.009 0.0127797646891
0.009 0.0127797646891
0.009 0.0118072941029
0.009 0.0108348235168
0.009 0.00986235293067
0.009 0.00888988234453
0.009 0.0079174117584
0.009 0.00694494117227
0.009 0.00597247058613
0.009 0.005
0.009 0.005
0.008 0.005
0.007 0.005
0.007 0.005
0.007 0.00596929305495
0.007 0.0069385861099
0.007 0.00790787916485
0.007 0.0088771722198
0.007 0.00984646527475
0.007 0.0108157583297
0.007 0.0117850513847
0.007 0.0127543444396
0.007 0.0137236374946
0.007 0.0146929305495
0.007 0.0156622236045
0.007 0.0166315166594
0.007 0.0166315166594
0.006 0.0166315166594
0.006 0.0166315166594
0.006 0.0156622236045
0.006 0.0146929305495
0.006 0.0137236374946
0.006 0.0127543444396
0.006 0.0117850513847
0.006 0.0108157583297
0.006 0.00984646527475
0.006 0.0088771722198
0.006 0.00790787916485
0.006 0.0069385861099
0.006 0.00596929305495
0.006 0.005
0.006 0.005
0.005 0.005
0.004 0.005
0.004 0.005
0.004 0.00597241732382
0.004 0.00694483464763
0.004 0.00791725197145
0.004 0.00888966929526
0.004 0.00986208661908
0.004 0.0108345039429
0.004 0.0118069212667
0.004 0.0127793385905
0.004 0.0127793385905
0.003 0.0127793385905
0.003 0.0127793385905
0.003 0.0118069212667
0.003 0.0108345039429
0.003 0.00986208661908
0.003 0.00888966929526
0.003 0.00791725197145
0.003 0.00694483464763
0.003 0.00597241732382
0.003 0.005
0.003 0.005
0.002 0.005
0.001 0.005
0.001 0.005
0.001 0.00602088258501
0.001 0.00704176517002
0.001 0.00806264775502
0.001 0.00908353034003
0.001 0.010104412925
0.001 0.01112529551
0.001 0.0121461780951
0.001 0.0131670606801
0.001 0.0141879432651
0.001 0.0152088258501
0.001 0.0162297084351
0.001 0.0172505910201
0.001 0.0182714736051
0.001 0.0182714736051
0 0.0182714736051
0 0.0182714736051
0 0.0172563917382
0 0.0162413098712
0 0.0152262280043
0 0.0142111461373
0 0.0131960642704
0 0.0121809824034
0 0.0111659005365
0 0.0101508186695
0 0.00913573680255
0 0.0081206549356
0 0.00710557306865
0 0.0060904912017
0 0.00507540933475
0 0.0040603274678
0 0.00304524560085
0 0.0020301637339
0 0.00101508186695
0 0
342
1 2 3
2 3 3
3 4 3
4 5 3
5 6 3
6 7 3
7 8 3
8 9 3
9 10 3
10 11 3
11 12 3
12 13 3
13 14 3
14 15 3
15 16 3
16 17 3
17 18 3
18 19 3
19 20 3
20 21 3
21 22 3
22 23 3
23 24 3
24 25 3
25 26 3
26 27 3
27 28 3
28 29 3
30 31 1
31 32 1
32 33 1
33 34 1
34 35 1
35 36 1
36 37 1
37 38 1
38 39 1
39 40 1
40 41 1
41 42 1
42 43 1
43 44 1
44 45 1
45 46 1
46 47 1
47 48 1
48 49 1
49 50 1
50 51 1
51 52 1
52 53 1
53 54 1
54 55 1
56 57 2
58 59 2
59 60 2
60 61 2
61 62 2
62 63 2
63 64 2
64 65 2
65 66 2
66 67 2
67 68 2
68 69 2
69 70 2
70 71 2
71 72 2
72 73 2
73 74 2
74 75 2
75 76 2
76 77 2
77 78 2
79 80 2
80 81 2
82 83 2
83 84 2
84 85 2
85 86 2
86 87 2
87 88 2
88 89 2
89 90 2
90 91 2
91 92 2
92 93 2
93 94 2
95 96 2
97 98 2
98 99 2
99 100 2
100 101 2
101 102 2
102 103 2
103 104 2
104 105 2
105 106 2
106 107 2
107 108 2
108 109 2
110 111 2
111 112 2
113 114 2
114 115 2
115 116 2
116 117 2
117 118 2
118 119 2
119 120 2
120 121 2
121 122 2
122 123 2
123 124 2
124 125 2
125 126 2
126 127 2
127 128 2
129 130 2
131 132 2
132 133 2
133 134 2
134 135 2
135 136 2
136 137 2
137 138 2
138 139 2
139 140 2
140 141 2
141 142 2
142 143 2
143 144 2
144 145 2
145 146 2
147 148 2
148 149 2
150 151 2
151 152 2
152 153 2
153 154 2
154 155 2
155 156 2
156 157 2
157 158 2
158 159 2
159 160 2
160 161 2
161 162 2
162 163 2
163 164 2
164 165 2
165 166 2
166 167 2
167 168 2
168 169 2
170 171 2
172 173 2
173 174 2
174 175 2
175 176 2
176 177 2
177 178 2
178 179 2
179 180 2
180 181 2
181 182 2
182 183 2
183 184 2
184 185 2
185 186 2
186 187 2
187 188 2
188 189 2
189 190 2
190 191 2
192 193 2
193 194 2
195 196 2
196 197 2
197 198 2
198 199 2
199 200 2
200 201 2
201 202 2
202 203 2
203 204 2
204 205 2
205 206 2
206 207 2
208 209 2
210 211 2
211 212 2
212 213 2
213 214 2
214 215 2
215 216 2
216 217 2
217 218 2
218 219 2
219 220 2
220 221 2
221 222 2
223 224 2
224 225 2
226 227 2
227 228 2
228 229 2
229 230 2
230 231 2
231 232 2
232 233 2
233 234 2
234 235 2
235 236 2
236 237 2
237 238 2
238 239 2
239 240 2
240 241 2
241 242 2
242 243 2
243 244 2
244 245 2
246 247 2
248 249 2
249 250 2
250 251 2
251 252 2
252 253 2
253 254 2
254 255 2
255 256 2
256 257 2
257 258 2
258 259 2
259 260 2
260 261 2
261 262 2
262 263 2
263 264 2
264 265 2
265 266 2
266 267 2
268 269 2
269 270 2
271 272 2
272 273 2
273 274 2
274 275 2
275 276 2
276 277 2
277 278 2
278 279 2
280 281 2
282 283 2
283 284 2
284 285 2
285 286 2
286 287 2
287 288 2
288 289 2
289 290 2
291 292 2
292 293 2
294 295 2
295 296 2
296 297 2
297 298 2
298 299 2
299 300 2
300 301 2
301 302 2
302 303 2
303 304 2
304 305 2
305 306 2
307 308 2
309 310 2
310 311 2
311 312 2
312 313 2
313 314 2
314 315 2
315 316 2
316 317 2
317 318 2
318 319 2
319 320 2
320 321 2
322 323 2
323 324 2
325 326 2
326 327 2
327 328 2
328 329 2
329 330 2
330 331 2
331 332 2
332 333 2
334 335 2
336 337 2
337 338 2
338 339 2
339 340 2
340 341 2
341 342 2
342 343 2
343 344 2
345 346 2
346 347 2
348 349 2
349 350 2
350 351 2
351 352 2
352 353 2
353 354 2
354 355 2
355 356 2
356 357 2
357 358 2
358 359 2
359 360 2
360 361 2
362 363 2
364 365 1
365 366 1
366 367 1
367 368 1
368 369 1
369 370 1
370 371 1
371 372 1
372 373 1
373 374 1
374 375 1
375 376 1
376 377 1
377 378 1
378 379 1
379 380 1
380 381 1
381 382 1
30
0.014 0.0005
0.014 0.000637931034483
0.014 0.000775862068966
0.014 0.000913793103448
0.014 0.00105172413793
0.014 0.00118965517241
0.014 0.0013275862069
0.014 0.00146551724138
0.014 0.00160344827586
0.014 0.00174137931034
0.014 0.00187931034483
0.014 0.00201724137931
0.014 0.00215517241379
0.014 0.00229310344828
0.014 0.00243103448276
0.014 0.00256896551724
0.014 0.00270689655172
0.014 0.00284482758621
0.014 0.00298275862069
0.014 0.00312068965517
0.014 0.00325862068966
0.014 0.00339655172414
0.014 0.00353448275862
0.014 0.0036724137931
0.014 0.00381034482759
0.014 0.00394827586207
0.014 0.00408620689655
0.014 0.00422413793103
0.014 0.00436206896552
0.014 0.0045
