50
200
3
1 0
2 60
1 -23292
336
0 0
0.001 0
0.002 0
0.003 0
0.004 0
0.005 0
0.006 0
0.007 0
0.008 0
0.009 0
0.01 0
0.011 0
0.012 0
0.013 0
0.014 0
0.015 0
0.016 0
0.017 0
0.018 0
0.019 0
0.02 0
0.021 0
0.022 0
0.023 0
0.024 0
0.025 0
0.026 0
0.027 0
0.028 0
0.028 0
0.028 0.000981416620963
0.028 0.00196283324193
0.028 0.00294424986289
0.028 0.00392566648385
0.028 0.00490708310482
0.028 0.00588849972578
0.028 0.00686991634674
0.028 0.0078513329677
0.028 0.00883274958867
0.028 0.00981416620963
0.028 0.0107955828306
0.028 0.0117769994516
0.028 0.0127584160725
0.028 0.0137398326935
0.028 0.0147212493144
0.028 0.0157026659354
0.028 0.0166840825564
0.028 0.0176654991773
0.028 0.0186469157983
0.028 0.0196283324193
0.028 0.0206097490402
0.028 0.0206097490402
0.027 0.0206097490402
0.027 0.0206097490402
0.027 0.0196341397252
0.027 0.0186585304102
0.027 0.0176829210952
0.027 0.0167073117802
0.027 0.0157317024652
0.027 0.0147560931501
0.027 0.0137804838351
0.027 0.0128048745201
0.027 0.0118292652051
0.027 0.0108536558901
0.027 0.00987804657507
0.027 0.00890243726006
0.027 0.00792682794504
0.027 0.00695121863003
0.027 0.00597560931501
0.027 0.005
0.027 0.005
0.026 0.005
0.025 0.005
0.025 0.005
0.025 0.00603390710021
0.025 0.00706781420043
0.025 0.00810172130064
0.025 0.00913562840085
0.025 0.0101695355011
0.025 0.0112034426013
0.025 0.0122373497015
0.025 0.0132712568017
0.025 0.0143051639019
0.025 0.0153390710021
0.025 0.0163729781023
0.025 0.0174068852026
0.025 0.0184407923028
0.025 0.019474699403
0.025 0.019474699403
0.024 0.019474699403
0.024 0.019474699403
0.024 0.0184407923028
0.024 0.0174068852026
0.024 0.0163729781023
0.024 0.0153390710021
0.024 0.0143051639019
0.024 0.0132712568017
0.024 0.0122373497015
0.024 0.0112034426013
0.024 0.0101695355011
0.024 0.00913562840085
0.024 0.00810172130064
0.024 0.00706781420043
0.024 0.00603390710021
0.024 0.005
0.024 0.005
0.023 0.005
0.022 0.005
0.022 0.005
0.022 0.00597747035144
0.022 0.00695494070287
0.022 0.00793241105431
0.022 0.00890988140575
0.022 0.00988735175718
0.022 0.0108648221086
0.022 0.0108648221086
0.021 0.0108648221086
0.021 0.0108648221086
0.021 0.00988735175718
0.021 0.00890988140575
0.021 0.00793241105431
0.021 0.00695494070287
0.021 0.00597747035144
0.021 0.005
0.021 0.005
0.02 0.005
0.019 0.005
0.019 0.005
0.019 0.00603296186743
0.019 0.00706592373486
0.019 0.00809888560229
0.019 0.00913184746972
0.019 0.0101648093372
0.019 0.0111977712046
0.019 0.012230733072
0.019 0.0132636949394
0.019 0.0142966568069
0.019 0.0153296186743
0.019 0.0153296186743
0.018 0.0153296186743
0.018 0.0153296186743
0.018 0.0142966568069
0.018 0.0132636949394
0.018 0.012230733072
0.018 0.0111977712046
0.018 0.0101648093372
0.018 0.00913184746972
0.018 0.00809888560229
0.018 0.00706592373486
0.018 0.00603296186743
0.018 0.005
0.018 0.005
0.017 0.005
0.016 0.005
0.016 0.005
0.016 0.00596171198409
0.016 0.00692342396818
0.016 0.00788513595228
0.016 0.00884684793637
0.016 0.00980855992046
0.016 0.0107702719046
0.016 0.0117319838886
0.016 0.0126936958727
0.016 0.0136554078568
0.016 0.0146171198409
0.016 0.015578831825
0.016 0.015578831825
0.015 0.015578831825
0.015 0.015578831825
0.015 0.0146171198409
0.015 0.0136554078568
0.015 0.0126936958727
0.015 0.0117319838886
0.015 0.0107702719046
0.015 0.00980855992046
0.015 0.00884684793637
0.015 0.00788513595228
0.015 0.00692342396818
0.015 0.00596171198409
0.015 0.005
0.015 0.005
0.014 0.005
0.013 0.005
0.013 0.005
0.013 0.00603361243082
0.013 0.00706722486163
0.013 0.00810083729245
0.013 0.00913444972326
0.013 0.0101680621541
0.013 0.0112016745849
0.013 0.0122352870157
0.013 0.0132688994465
0.013 0.0143025118773
0.013 0.0153361243082
0.013 0.016369736739
0.013 0.016369736739
0.012 0.016369736739
0.012 0.016369736739
0.012 0.0153361243082
0.012 0.0143025118773
0.012 0.0132688994465
0.012 0.0122352870157
0.012 0.0112016745849
0.012 0.0101680621541
0.012 0.00913444972326
0.012 0.00810083729245
0.012 0.00706722486163
0.012 0.00603361243082
0.012 0.005
0.012 0.005
0.011 0.005
0.01 0.005
0.01 0.005
0.01 0.00605118288922
0.01 0.00710236577843
0.01 0.00815354866765
0.01 0.00920473155687
0.01 0.0102559144461
0.01 0.0113070973353
0.01 0.0123582802245
0.01 0.0134094631137
0.01 0.0134094631137
0.009 0.0134094631137
0.009 0.0134094631137
0.009 0.0123582802245
0.009 0.0113070973353
0.009 0.0102559144461
0.009 0.00920473155687
0.009 0.00815354866765
0.009 0.00710236577843
0.009 0.00605118288922
0.009 0.005
0.009 0.005
0.008 0.005
0.007 0.005
0.007 0.005
0.007 0.00602569345496
0.007 0.00705138690991
0.007 0.00807708036487
0.007 0.00910277381983
0.007 0.0101284672748
0.007 0.0111541607297
0.007 0.0121798541847
0.007 0.0132055476397
0.007 0.0142312410946
0.007 0.0152569345496
0.007 0.0162826280045
0.007 0.0173083214595
0.007 0.0183340149144
0.007 0.0193597083694
0.007 0.0203854018244
0.007 0.0203854018244
0.006 0.0203854018244
0.006 0.0203854018244
0.006 0.0193597083694
0.006 0.0183340149144
0.006 0.0173083214595
0.006 0.0162826280045
0.006 0.0152569345496
0.006 0.0142312410946
0.006 0.0132055476397
0.006 0.0121798541847
0.006 0.0111541607297
0.006 0.0101284672748
0.006 0.00910277381983
0.006 0.00807708036487
0.006 0.00705138690991
0.006 0.00602569345496
0.006 0.005
0.006 0.005
0.005 0.005
0.004 0.005
0.004 0.005
0.004 0.0059778822797
0.004 0.0069557645594
0.004 0.0079336468391
0.004 0.0089115291188
0.004 0.0098894113985
0.004 0.0108672936782
0.004 0.0118451759579
0.004 0.0128230582376
0.004 0.0138009405173
0.004 0.0138009405173
0.003 0.0138009405173
0.003 0.0138009405173
0.003 0.0128230582376
0.003 0.0118451759579
0.003 0.0108672936782
0.003 0.0098894113985
0.003 0.0089115291188
0.003 0.0079336468391
0.003 0.0069557645594
0.003 0.0059778822797
0.003 0.005
0.003 0.005
0.002 0.005
0.001 0.005
0.001 0.005
0.001 0.00602183065128
0.001 0.00704366130256
0.001 0.00806549195385
0.001 0.00908732260513
0.001 0.0101091532564
0.001 0.0111309839077
0.001 0.012152814559
0.001 0.0131746452103
0.001 0.0141964758615
0.001 0.0152183065128
0.001 0.0162401371641
0.001 0.0172619678154
0.001 0.0182837984667
0.001 0.019305629118
0.001 0.0203274597692
0.001 0.0203274597692
0 0.0203274597692
0 0.0203274597692
0 0.0193110867808
0 0.0182947137923
0 0.0172783408038
0 0.0162619678154
0 0.0152455948269
0 0.0142292218385
0 0.01321284885
0 0.0121964758615
0 0.0111801028731
0 0.0101637298846
0 0.00914735689616
0 0.00813098390769
0 0.00711461091923
0 0.00609823793077
0 0.00508186494231
0 0.00406549195385
0 0.00304911896539
0 0.00203274597692
0 0.00101637298846
0 0
296
1 2 3
2 3 3
3 4 3
4 5 3
5 6 3
6 7 3
7 8 3
8 9 3
9 10 3
10 11 3
11 12 3
12 13 3
13 14 3
14 15 3
15 16 3
16 17 3
17 18 3
18 19 3
19 20 3
20 21 3
21 22 3
22 23 3
23 24 3
24 25 3
25 26 3
26 27 3
27 28 3
28 29 3
30 31 1
31 32 1
32 33 1
33 34 1
34 35 1
35 36 1
36 37 1
37 38 1
38 39 1
39 40 1
40 41 1
41 42 1
42 43 1
43 44 1
44 45 1
45 46 1
46 47 1
47 48 1
48 49 1
49 50 1
50 51 1
52 53 2
54 55 2
55 56 2
56 57 2
57 58 2
58 59 2
59 60 2
60 61 2
61 62 2
62 63 2
63 64 2
64 65 2
65 66 2
66 67 2
67 68 2
68 69 2
69 70 2
71 72 2
72 73 2
74 75 2
75 76 2
76 77 2
77 78 2
78 79 2
79 80 2
80 81 2
81 82 2
82 83 2
83 84 2
84 85 2
85 86 2
86 87 2
87 88 2
89 90 2
91 92 2
92 93 2
93 94 2
94 95 2
95 96 2
96 97 2
97 98 2
98 99 2
99 100 2
100 101 2
101 102 2
102 103 2
103 104 2
104 105 2
106 107 2
107 108 2
109 110 2
110 111 2
111 112 2
112 113 2
113 114 2
114 115 2
116 117 2
118 119 2
119 120 2
120 121 2
121 122 2
122 123 2
123 124 2
125 126 2
126 127 2
128 129 2
129 130 2
130 131 2
131 132 2
132 133 2
133 134 2
134 135 2
135 136 2
136 137 2
137 138 2
139 140 2
141 142 2
142 143 2
143 144 2
144 145 2
145 146 2
146 147 2
147 148 2
148 149 2
149 150 2
150 151 2
152 153 2
153 154 2
155 156 2
156 157 2
157 158 2
158 159 2
159 160 2
160 161 2
161 162 2
162 163 2
163 164 2
164 165 2
165 166 2
167 168 2
169 170 2
170 171 2
171 172 2
172 173 2
173 174 2
174 175 2
175 176 2
176 177 2
177 178 2
178 179 2
179 180 2
181 182 2
182 183 2
184 185 2
185 186 2
186 187 2
187 188 2
188 189 2
189 190 2
190 191 2
191 192 2
192 193 2
193 194 2
194 195 2
196 197 2
198 199 2
199 200 2
200 201 2
201 202 2
202 203 2
203 204 2
204 205 2
205 206 2
206 207 2
207 208 2
208 209 2
210 211 2
211 212 2
213 214 2
214 215 2
215 216 2
216 217 2
217 218 2
218 219 2
219 220 2
220 221 2
222 223 2
224 225 2
225 226 2
226 227 2
227 228 2
228 229 2
229 230 2
230 231 2
231 232 2
233 234 2
234 235 2
236 237 2
237 238 2
238 239 2
239 240 2
240 241 2
241 242 2
242 243 2
243 244 2
244 245 2
245 246 2
246 247 2
247 248 2
248 249 2
249 250 2
250 251 2
252 253 2
254 255 2
255 256 2
256 257 2
257 258 2
258 259 2
259 260 2
260 261 2
261 262 2
262 263 2
263 264 2
264 265 2
265 266 2
266 267 2
267 268 2
268 269 2
270 271 2
271 272 2
273 274 2
274 275 2
275 276 2
276 277 2
277 278 2
278 279 2
279 280 2
280 281 2
281 282 2
283 284 2
285 286 2
286 287 2
287 288 2
288 289 2
289 290 2
290 291 2
291 292 2
292 293 2
293 294 2
295 296 2
296 297 2
298 299 2
299 300 2
300 301 2
301 302 2
302 303 2
303 304 2
304 305 2
305 306 2
306 307 2
307 308 2
308 309 2
309 310 2
310 311 2
311 312 2
312 313 2
314 315 2
316 317 1
317 318 1
318 319 1
319 320 1
320 321 1
321 322 1
322 323 1
323 324 1
324 325 1
325 326 1
326 327 1
327 328 1
328 329 1
329 330 1
330 331 1
331 332 1
332 333 1
333 334 1
334 335 1
335 336 1
30
0.014 0.0005
0.014 0.000637931034483
0.014 0.000775862068966
0.014 0.000913793103448
0.014 0.00105172413793
0.014 0.00118965517241
0.014 0.0013275862069
0.014 0.00146551724138
0.014 0.00160344827586
0.014 0.00174137931034
0.014 0.00187931034483
0.014 0.00201724137931
0.014 0.00215517241379
0.014 0.00229310344828
0.014 0.00243103448276
0.014 0.00256896551724
0.014 0.00270689655172
0.014 0.00284482758621
0.014 0.00298275862069
0.014 0.00312068965517
0.014 0.00325862068966
0.014 0.00339655172414
0.014 0.00353448275862
0.014 0.0036724137931
0.014 0.00381034482759
0.014 0.00394827586207
0.014 0.00408620689655
0.014 0.00422413793103
0.014 0.00436206896552
0.014 0.0045
