50
50
3
1 0
2 60
1 -23292
326
0 0
0.001 0
0.002 0
0.003 0
0.004 0
0.005 0
0.006 0
0.007 0
0.008 0
0.009 0
0.01 0
0.011 0
0.012 0
0.013 0
0.014 0
0.015 0
0.016 0
0.017 0
0.018 0
0.019 0
0.02 0
0.021 0
0.022 0
0.023 0
0.024 0
0.025 0
0.026 0
0.027 0
0.028 0
0.028 0
0.028 0.00102316544791
0.028 0.00204633089583
0.028 0.00306949634374
0.028 0.00409266179166
0.028 0.00511582723957
0.028 0.00613899268748
0.028 0.0071621581354
0.028 0.00818532358331
0.028 0.00920848903123
0.028 0.0102316544791
0.028 0.0102316544791
0.027 0.0102316544791
0.027 0.0102316544791
0.027 0.00918532358331
0.027 0.00813899268748
0.027 0.00709266179166
0.027 0.00604633089583
0.027 0.005
0.027 0.005
0.026 0.005
0.025 0.005
0.025 0.005
0.025 0.00599807558468
0.025 0.00699615116935
0.025 0.00799422675403
0.025 0.0089923023387
0.025 0.00999037792338
0.025 0.0109884535081
0.025 0.0119865290927
0.025 0.0129846046774
0.025 0.0139826802621
0.025 0.0139826802621
0.024 0.0139826802621
0.024 0.0139826802621
0.024 0.0129846046774
0.024 0.0119865290927
0.024 0.0109884535081
0.024 0.00999037792338
0.024 0.0089923023387
0.024 0.00799422675403
0.024 0.00699615116935
0.024 0.00599807558468
0.024 0.005
0.024 0.005
0.023 0.005
0.022 0.005
0.022 0.005
0.022 0.00604434626023
0.022 0.00708869252045
0.022 0.00813303878068
0.022 0.00917738504091
0.022 0.0102217313011
0.022 0.0102217313011
0.021 0.0102217313011
0.021 0.0102217313011
0.021 0.00917738504091
0.021 0.00813303878068
0.021 0.00708869252045
0.021 0.00604434626023
0.021 0.005
0.021 0.005
0.02 0.005
0.019 0.005
0.019 0.005
0.019 0.00605292536064
0.019 0.00710585072127
0.019 0.00815877608191
0.019 0.00921170144255
0.019 0.0102646268032
0.019 0.0113175521638
0.019 0.0123704775245
0.019 0.0123704775245
0.018 0.0123704775245
0.018 0.0123704775245
0.018 0.0113175521638
0.018 0.0102646268032
0.018 0.00921170144255
0.018 0.00815877608191
0.018 0.00710585072127
0.018 0.00605292536064
0.018 0.005
0.018 0.005
0.017 0.005
0.016 0.005
0.016 0.005
0.016 0.00603198538027
0.016 0.00706397076054
0.016 0.0080959561408
0.016 0.00912794152107
0.016 0.0101599269013
0.016 0.0111919122816
0.016 0.0122238976619
0.016 0.0132558830421
0.016 0.0142878684224
0.016 0.0153198538027
0.016 0.0163518391829
0.016 0.0173838245632
0.016 0.0184158099435
0.016 0.0194477953238
0.016 0.0194477953238
0.015 0.0194477953238
0.015 0.0194477953238
0.015 0.0184158099435
0.015 0.0173838245632
0.015 0.0163518391829
0.015 0.0153198538027
0.015 0.0142878684224
0.015 0.0132558830421
0.015 0.0122238976619
0.015 0.0111919122816
0.015 0.0101599269013
0.015 0.00912794152107
0.015 0.0080959561408
0.015 0.00706397076054
0.015 0.00603198538027
0.015 0.005
0.015 0.005
0.014 0.005
0.013 0.005
0.013 0.005
0.013 0.00600172861025
0.013 0.0070034572205
0.013 0.00800518583075
0.013 0.009006914441
0.013 0.0100086430512
0.013 0.0110103716615
0.013 0.0120121002717
0.013 0.013013828882
0.013 0.0140155574922
0.013 0.0150172861025
0.013 0.0160190147127
0.013 0.017020743323
0.013 0.017020743323
0.012 0.017020743323
0.012 0.017020743323
0.012 0.0160190147127
0.012 0.0150172861025
0.012 0.0140155574922
0.012 0.013013828882
0.012 0.0120121002717
0.012 0.0110103716615
0.012 0.0100086430512
0.012 0.009006914441
0.012 0.00800518583075
0.012 0.0070034572205
0.012 0.00600172861025
0.012 0.005
0.012 0.005
0.011 0.005
0.01 0.005
0.01 0.005
0.01 0.00595998515926
0.01 0.00691997031851
0.01 0.00787995547777
0.01 0.00883994063703
0.01 0.00979992579628
0.01 0.0107599109555
0.01 0.0117198961148
0.01 0.0126798812741
0.01 0.0136398664333
0.01 0.0145998515926
0.01 0.0155598367518
0.01 0.0165198219111
0.01 0.0165198219111
0.009 0.0165198219111
0.009 0.0165198219111
0.009 0.0155598367518
0.009 0.0145998515926
0.009 0.0136398664333
0.009 0.0126798812741
0.009 0.0117198961148
0.009 0.0107599109555
0.009 0.00979992579628
0.009 0.00883994063703
0.009 0.00787995547777
0.009 0.00691997031851
0.009 0.00595998515926
0.009 0.005
0.009 0.005
0.008 0.005
0.007 0.005
0.007 0.005
0.007 0.0059860532238
0.007 0.00697210644761
0.007 0.00795815967141
0.007 0.00894421289522
0.007 0.00993026611902
0.007 0.0109163193428
0.007 0.0119023725666
0.007 0.0128884257904
0.007 0.0138744790142
0.007 0.014860532238
0.007 0.0158465854618
0.007 0.0168326386856
0.007 0.0178186919095
0.007 0.0188047451333
0.007 0.0197907983571
0.007 0.0207768515809
0.007 0.0217629048047
0.007 0.0227489580285
0.007 0.0227489580285
0.006 0.0227489580285
0.006 0.0227489580285
0.006 0.0217629048047
0.006 0.0207768515809
0.006 0.0197907983571
0.006 0.0188047451333
0.006 0.0178186919095
0.006 0.0168326386856
0.006 0.0158465854618
0.006 0.014860532238
0.006 0.0138744790142
0.006 0.0128884257904
0.006 0.0119023725666
0.006 0.0109163193428
0.006 0.00993026611902
0.006 0.00894421289522
0.006 0.00795815967141
0.006 0.00697210644761
0.006 0.0059860532238
0.006 0.005
0.006 0.005
0.005 0.005
0.004 0.005
0.004 0.005
0.004 0.00601139268376
0.004 0.00702278536753
0.004 0.00803417805129
0.004 0.00904557073506
0.004 0.0100569634188
0.004 0.0110683561026
0.004 0.0120797487864
0.004 0.0130911414701
0.004 0.0141025341539
0.004 0.0151139268376
0.004 0.0161253195214
0.004 0.0171367122052
0.004 0.0181481048889
0.004 0.0191594975727
0.004 0.0201708902565
0.004 0.0211822829402
0.004 0.022193675624
0.004 0.0232050683078
0.004 0.0242164609915
0.004 0.0242164609915
0.003 0.0242164609915
0.003 0.0242164609915
0.003 0.0232050683078
0.003 0.022193675624
0.003 0.0211822829402
0.003 0.0201708902565
0.003 0.0191594975727
0.003 0.0181481048889
0.003 0.0171367122052
0.003 0.0161253195214
0.003 0.0151139268376
0.003 0.0141025341539
0.003 0.0130911414701
0.003 0.0120797487864
0.003 0.0110683561026
0.003 0.0100569634188
0.003 0.00904557073506
0.003 0.00803417805129
0.003 0.00702278536753
0.003 0.00601139268376
0.003 0.005
0.003 0.005
0.002 0.005
0.001 0.005
0.001 0.005
0.001 0.00603765638136
0.001 0.00707531276272
0.001 0.00811296914408
0.001 0.00915062552544
0.001 0.0101882819068
0.001 0.0112259382882
0.001 0.0122635946695
0.001 0.0133012510509
0.001 0.0143389074322
0.001 0.0143389074322
0 0.0143389074322
0 0.0143389074322
0 0.0133146997585
0 0.0122904920848
0 0.011266284411
0 0.0102420767373
0 0.00921786906359
0 0.00819366138985
0 0.00716945371612
0 0.00614524604239
0 0.00512103836866
0 0.00409683069493
0 0.0030726230212
0 0.00204841534746
0 0.00102420767373
0 0
286
1 2 3
2 3 3
3 4 3
4 5 3
5 6 3
6 7 3
7 8 3
8 9 3
9 10 3
10 11 3
11 12 3
12 13 3
13 14 3
14 15 3
15 16 3
16 17 3
17 18 3
18 19 3
19 20 3
20 21 3
21 22 3
22 23 3
23 24 3
24 25 3
25 26 3
26 27 3
27 28 3
28 29 3
30 31 1
31 32 1
32 33 1
33 34 1
34 35 1
35 36 1
36 37 1
37 38 1
38 39 1
39 40 1
41 42 2
43 44 2
44 45 2
45 46 2
46 47 2
47 48 2
49 50 2
50 51 2
52 53 2
53 54 2
54 55 2
55 56 2
56 57 2
57 58 2
58 59 2
59 60 2
60 61 2
62 63 2
64 65 2
65 66 2
66 67 2
67 68 2
68 69 2
69 70 2
70 71 2
71 72 2
72 73 2
74 75 2
75 76 2
77 78 2
78 79 2
79 80 2
80 81 2
81 82 2
83 84 2
85 86 2
86 87 2
87 88 2
88 89 2
89 90 2
91 92 2
92 93 2
94 95 2
95 96 2
96 97 2
97 98 2
98 99 2
99 100 2
100 101 2
102 103 2
104 105 2
105 106 2
106 107 2
107 108 2
108 109 2
109 110 2
110 111 2
112 113 2
113 114 2
115 116 2
116 117 2
117 118 2
118 119 2
119 120 2
120 121 2
121 122 2
122 123 2
123 124 2
124 125 2
125 126 2
126 127 2
127 128 2
128 129 2
130 131 2
132 133 2
133 134 2
134 135 2
135 136 2
136 137 2
137 138 2
138 139 2
139 140 2
140 141 2
141 142 2
142 143 2
143 144 2
144 145 2
145 146 2
147 148 2
148 149 2
150 151 2
151 152 2
152 153 2
153 154 2
154 155 2
155 156 2
156 157 2
157 158 2
158 159 2
159 160 2
160 161 2
161 162 2
163 164 2
165 166 2
166 167 2
167 168 2
168 169 2
169 170 2
170 171 2
171 172 2
172 173 2
173 174 2
174 175 2
175 176 2
176 177 2
178 179 2
179 180 2
181 182 2
182 183 2
183 184 2
184 185 2
185 186 2
186 187 2
187 188 2
188 189 2
189 190 2
190 191 2
191 192 2
192 193 2
194 195 2
196 197 2
197 198 2
198 199 2
199 200 2
200 201 2
201 202 2
202 203 2
203 204 2
204 205 2
205 206 2
206 207 2
207 208 2
209 210 2
210 211 2
212 213 2
213 214 2
214 215 2
215 216 2
216 217 2
217 218 2
218 219 2
219 220 2
220 221 2
221 222 2
222 223 2
223 224 2
224 225 2
225 226 2
226 227 2
227 228 2
228 229 2
229 230 2
231 232 2
233 234 2
234 235 2
235 236 2
236 237 2
237 238 2
238 239 2
239 240 2
240 241 2
241 242 2
242 243 2
243 244 2
244 245 2
245 246 2
246 247 2
247 248 2
248 249 2
249 250 2
250 251 2
252 253 2
253 254 2
255 256 2
256 257 2
257 258 2
258 259 2
259 260 2
260 261 2
261 262 2
262 263 2
263 264 2
264 265 2
265 266 2
266 267 2
267 268 2
268 269 2
269 270 2
270 271 2
271 272 2
272 273 2
273 274 2
275 276 2
277 278 2
278 279 2
279 280 2
280 281 2
281 282 2
282 283 2
283 284 2
284 285 2
285 286 2
286 287 2
287 288 2
288 289 2
289 290 2
290 291 2
291 292 2
292 293 2
293 294 2
294 295 2
295 296 2
297 298 2
298 299 2
300 301 2
301 302 2
302 303 2
303 304 2
304 305 2
305 306 2
306 307 2
307 308 2
308 309 2
310 311 2
312 313 1
313 314 1
314 315 1
315 316 1
316 317 1
317 318 1
318 319 1
319 320 1
320 321 1
321 322 1
322 323 1
323 324 1
324 325 1
325 326 1
30
0.014 0.0005
0.014 0.000637931034483
0.014 0.000775862068966
0.014 0.000913793103448
0.014 0.00105172413793
0.014 0.00118965517241
0.014 0.0013275862069
0.014 0.00146551724138
0.014 0.00160344827586
0.014 0.00174137931034
0.014 0.00187931034483
0.014 0.00201724137931
0.014 0.00215517241379
0.014 0.00229310344828
0.014 0.00243103448276
0.014 0.00256896551724
0.014 0.00270689655172
0.014 0.00284482758621
0.014 0.00298275862069
0.014 0.00312068965517
0.014 0.00325862068966
0.014 0.00339655172414
0.014 0.00353448275862
0.014 0.0036724137931
0.014 0.00381034482759
0.014 0.00394827586207
0.014 0.00408620689655
0.014 0.00422413793103
0.014 0.00436206896552
0.014 0.0045
