50
50
3
1 0
2 60
1 -23292
384
0 0
0.001 0
0.002 0
0.003 0
0.004 0
0.005 0
0.006 0
0.007 0
0.008 0
0.009 0
0.01 0
0.011 0
0.012 0
0.013 0
0.014 0
0.015 0
0.016 0
0.017 0
0.018 0
0.019 0
0.02 0
0.021 0
0.022 0
0.023 0
0.024 0
0.025 0
0.026 0
0.027 0
0.028 0
0.028 0
0.028 0.000971701447125
0.028 0.00194340289425
0.028 0.00291510434138
0.028 0.0038868057885
0.028 0.00485850723563
0.028 0.00583020868275
0.028 0.00680191012988
0.028 0.007773611577
0.028 0.00874531302413
0.028 0.00971701447125
0.028 0.0106887159184
0.028 0.0116604173655
0.028 0.0126321188126
0.028 0.0136038202598
0.028 0.0145755217069
0.028 0.015547223154
0.028 0.0165189246011
0.028 0.0165189246011
0.027 0.0165189246011
0.027 0.0165189246011
0.027 0.0155590142177
0.027 0.0145991038343
0.027 0.0136391934508
0.027 0.0126792830674
0.027 0.011719372684
0.027 0.0107594623006
0.027 0.00979955191714
0.027 0.00883964153371
0.027 0.00787973115028
0.027 0.00691982076685
0.027 0.00595991038343
0.027 0.005
0.027 0.005
0.026 0.005
0.025 0.005
0.025 0.005
0.025 0.00602598670917
0.025 0.00705197341834
0.025 0.0080779601275
0.025 0.00910394683667
0.025 0.0101299335458
0.025 0.011155920255
0.025 0.0121819069642
0.025 0.0132078936733
0.025 0.0142338803825
0.025 0.0152598670917
0.025 0.0162858538008
0.025 0.01731184051
0.025 0.0183378272192
0.025 0.0193638139283
0.025 0.0203898006375
0.025 0.0214157873467
0.025 0.0224417740558
0.025 0.023467760765
0.025 0.023467760765
0.024 0.023467760765
0.024 0.023467760765
0.024 0.0224417740558
0.024 0.0214157873467
0.024 0.0203898006375
0.024 0.0193638139283
0.024 0.0183378272192
0.024 0.01731184051
0.024 0.0162858538008
0.024 0.0152598670917
0.024 0.0142338803825
0.024 0.0132078936733
0.024 0.0121819069642
0.024 0.011155920255
0.024 0.0101299335458
0.024 0.00910394683667
0.024 0.0080779601275
0.024 0.00705197341834
0.024 0.00602598670917
0.024 0.005
0.024 0.005
0.023 0.005
0.022 0.005
0.022 0.005
0.022 0.00601729201557
0.022 0.00703458403115
0.022 0.00805187604672
0.022 0.0090691680623
0.022 0.0100864600779
0.022 0.0111037520934
0.022 0.012121044109
0.022 0.0131383361246
0.022 0.0141556281402
0.022 0.0151729201557
0.022 0.0151729201557
0.021 0.0151729201557
0.021 0.0151729201557
0.021 0.0141556281402
0.021 0.0131383361246
0.021 0.012121044109
0.021 0.0111037520934
0.021 0.0100864600779
0.021 0.0090691680623
0.021 0.00805187604672
0.021 0.00703458403115
0.021 0.00601729201557
0.021 0.005
0.021 0.005
0.02 0.005
0.019 0.005
0.019 0.005
0.019 0.00598011554799
0.019 0.00696023109599
0.019 0.00794034664398
0.019 0.00892046219198
0.019 0.00990057773997
0.019 0.010880693288
0.019 0.011860808836
0.019 0.012840924384
0.019 0.0138210399319
0.019 0.0148011554799
0.019 0.0157812710279
0.019 0.0167613865759
0.019 0.0177415021239
0.019 0.0187216176719
0.019 0.0197017332199
0.019 0.0206818487679
0.019 0.0216619643159
0.019 0.0226420798639
0.019 0.0236221954119
0.019 0.0246023109599
0.019 0.0246023109599
0.018 0.0246023109599
0.018 0.0246023109599
0.018 0.0236221954119
0.018 0.0226420798639
0.018 0.0216619643159
0.018 0.0206818487679
0.018 0.0197017332199
0.018 0.0187216176719
0.018 0.0177415021239
0.018 0.0167613865759
0.018 0.0157812710279
0.018 0.0148011554799
0.018 0.0138210399319
0.018 0.012840924384
0.018 0.011860808836
0.018 0.010880693288
0.018 0.00990057773997
0.018 0.00892046219198
0.018 0.00794034664398
0.018 0.00696023109599
0.018 0.00598011554799
0.018 0.005
0.018 0.005
0.017 0.005
0.016 0.005
0.016 0.005
0.016 0.00601492928827
0.016 0.00702985857654
0.016 0.00804478786481
0.016 0.00905971715308
0.016 0.0100746464413
0.016 0.0110895757296
0.016 0.0121045050179
0.016 0.0131194343062
0.016 0.0141343635944
0.016 0.0151492928827
0.016 0.016164222171
0.016 0.0171791514592
0.016 0.0181940807475
0.016 0.0192090100358
0.016 0.0192090100358
0.015 0.0192090100358
0.015 0.0192090100358
0.015 0.0181940807475
0.015 0.0171791514592
0.015 0.016164222171
0.015 0.0151492928827
0.015 0.0141343635944
0.015 0.0131194343062
0.015 0.0121045050179
0.015 0.0110895757296
0.015 0.0100746464413
0.015 0.00905971715308
0.015 0.00804478786481
0.015 0.00702985857654
0.015 0.00601492928827
0.015 0.005
0.015 0.005
0.014 0.005
0.013 0.005
0.013 0.005
0.013 0.00600833628509
0.013 0.00701667257018
0.013 0.00802500885528
0.013 0.00903334514037
0.013 0.0100416814255
0.013 0.0110500177106
0.013 0.0120583539956
0.013 0.0130666902807
0.013 0.0140750265658
0.013 0.0150833628509
0.013 0.016091699136
0.013 0.0171000354211
0.013 0.0181083717062
0.013 0.0191167079913
0.013 0.0201250442764
0.013 0.0211333805615
0.013 0.0221417168466
0.013 0.0231500531317
0.013 0.0241583894168
0.013 0.0241583894168
0.012 0.0241583894168
0.012 0.0241583894168
0.012 0.0231500531317
0.012 0.0221417168466
0.012 0.0211333805615
0.012 0.0201250442764
0.012 0.0191167079913
0.012 0.0181083717062
0.012 0.0171000354211
0.012 0.016091699136
0.012 0.0150833628509
0.012 0.0140750265658
0.012 0.0130666902807
0.012 0.0120583539956
0.012 0.0110500177106
0.012 0.0100416814255
0.012 0.00903334514037
0.012 0.00802500885528
0.012 0.00701667257018
0.012 0.00600833628509
0.012 0.005
0.012 0.005
0.011 0.005
0.01 0.005
0.01 0.005
0.01 0.00601511088028
0.01 0.00703022176057
0.01 0.00804533264085
0.01 0.00906044352114
0.01 0.0100755544014
0.01 0.0110906652817
0.01 0.012105776162
0.01 0.0131208870423
0.01 0.0141359979226
0.01 0.0151511088028
0.01 0.0161662196831
0.01 0.0171813305634
0.01 0.0181964414437
0.01 0.019211552324
0.01 0.0202266632043
0.01 0.0212417740845
0.01 0.0222568849648
0.01 0.0232719958451
0.01 0.0242871067254
0.01 0.0242871067254
0.009 0.0242871067254
0.009 0.0242871067254
0.009 0.0232719958451
0.009 0.0222568849648
0.009 0.0212417740845
0.009 0.0202266632043
0.009 0.019211552324
0.009 0.0181964414437
0.009 0.0171813305634
0.009 0.0161662196831
0.009 0.0151511088028
0.009 0.0141359979226
0.009 0.0131208870423
0.009 0.012105776162
0.009 0.0110906652817
0.009 0.0100755544014
0.009 0.00906044352114
0.009 0.00804533264085
0.009 0.00703022176057
0.009 0.00601511088028
0.009 0.005
0.009 0.005
0.008 0.005
0.007 0.005
0.007 0.005
0.007 0.00595457396245
0.007 0.0069091479249
0.007 0.00786372188736
0.007 0.00881829584981
0.007 0.00977286981226
0.007 0.0107274437747
0.007 0.0116820177372
0.007 0.0126365916996
0.007 0.0135911656621
0.007 0.0135911656621
0.006 0.0135911656621
0.006 0.0135911656621
0.006 0.0126365916996
0.006 0.0116820177372
0.006 0.0107274437747
0.006 0.00977286981226
0.006 0.00881829584981
0.006 0.00786372188736
0.006 0.0069091479249
0.006 0.00595457396245
0.006 0.005
0.006 0.005
0.005 0.005
0.004 0.005
0.004 0.005
0.004 0.00602471759563
0.004 0.00704943519126
0.004 0.00807415278689
0.004 0.00909887038252
0.004 0.0101235879781
0.004 0.0111483055738
0.004 0.0121730231694
0.004 0.013197740765
0.004 0.0142224583607
0.004 0.0152471759563
0.004 0.0162718935519
0.004 0.0172966111476
0.004 0.0172966111476
0.003 0.0172966111476
0.003 0.0172966111476
0.003 0.0162718935519
0.003 0.0152471759563
0.003 0.0142224583607
0.003 0.013197740765
0.003 0.0121730231694
0.003 0.0111483055738
0.003 0.0101235879781
0.003 0.00909887038252
0.003 0.00807415278689
0.003 0.00704943519126
0.003 0.00602471759563
0.003 0.005
0.003 0.005
0.002 0.005
0.001 0.005
0.001 0.005
0.001 0.0059415606788
0.001 0.0068831213576
0.001 0.0078246820364
0.001 0.00876624271519
0.001 0.00970780339399
0.001 0.0106493640728
0.001 0.0106493640728
0 0.0106493640728
0 0.0106493640728
0 0.00968124006617
0 0.00871311605956
0 0.00774499205294
0 0.00677686804632
0 0.0058087440397
0 0.00484062003309
0 0.00387249602647
0 0.00290437201985
0 0.00193624801323
0 0.000968124006617
0 0
344
1 2 3
2 3 3
3 4 3
4 5 3
5 6 3
6 7 3
7 8 3
8 9 3
9 10 3
10 11 3
11 12 3
12 13 3
13 14 3
14 15 3
15 16 3
16 17 3
17 18 3
18 19 3
19 20 3
20 21 3
21 22 3
22 23 3
23 24 3
24 25 3
25 26 3
26 27 3
27 28 3
28 29 3
30 31 1
31 32 1
32 33 1
33 34 1
34 35 1
35 36 1
36 37 1
37 38 1
38 39 1
39 40 1
40 41 1
41 42 1
42 43 1
43 44 1
44 45 1
45 46 1
46 47 1
48 49 2
50 51 2
51 52 2
52 53 2
53 54 2
54 55 2
55 56 2
56 57 2
57 58 2
58 59 2
59 60 2
60 61 2
61 62 2
63 64 2
64 65 2
66 67 2
67 68 2
68 69 2
69 70 2
70 71 2
71 72 2
72 73 2
73 74 2
74 75 2
75 76 2
76 77 2
77 78 2
78 79 2
79 80 2
80 81 2
81 82 2
82 83 2
83 84 2
85 86 2
87 88 2
88 89 2
89 90 2
90 91 2
91 92 2
92 93 2
93 94 2
94 95 2
95 96 2
96 97 2
97 98 2
98 99 2
99 100 2
100 101 2
101 102 2
102 103 2
103 104 2
104 105 2
106 107 2
107 108 2
109 110 2
110 111 2
111 112 2
112 113 2
113 114 2
114 115 2
115 116 2
116 117 2
117 118 2
118 119 2
120 121 2
122 123 2
123 124 2
124 125 2
125 126 2
126 127 2
127 128 2
128 129 2
129 130 2
130 131 2
131 132 2
133 134 2
134 135 2
136 137 2
137 138 2
138 139 2
139 140 2
140 141 2
141 142 2
142 143 2
143 144 2
144 145 2
145 146 2
146 147 2
147 148 2
148 149 2
149 150 2
150 151 2
151 152 2
152 153 2
153 154 2
154 155 2
155 156 2
157 158 2
159 160 2
160 161 2
161 162 2
162 163 2
163 164 2
164 165 2
165 166 2
166 167 2
167 168 2
168 169 2
169 170 2
170 171 2
171 172 2
172 173 2
173 174 2
174 175 2
175 176 2
176 177 2
177 178 2
178 179 2
180 181 2
181 182 2
183 184 2
184 185 2
185 186 2
186 187 2
187 188 2
188 189 2
189 190 2
190 191 2
191 192 2
192 193 2
193 194 2
194 195 2
195 196 2
196 197 2
198 199 2
200 201 2
201 202 2
202 203 2
203 204 2
204 205 2
205 206 2
206 207 2
207 208 2
208 209 2
209 210 2
210 211 2
211 212 2
212 213 2
213 214 2
215 216 2
216 217 2
218 219 2
219 220 2
220 221 2
221 222 2
222 223 2
223 224 2
224 225 2
225 226 2
226 227 2
227 228 2
228 229 2
229 230 2
230 231 2
231 232 2
232 233 2
233 234 2
234 235 2
235 236 2
236 237 2
238 239 2
240 241 2
241 242 2
242 243 2
243 244 2
244 245 2
245 246 2
246 247 2
247 248 2
248 249 2
249 250 2
250 251 2
251 252 2
252 253 2
253 254 2
254 255 2
255 256 2
256 257 2
257 258 2
258 259 2
260 261 2
261 262 2
263 264 2
264 265 2
265 266 2
266 267 2
267 268 2
268 269 2
269 270 2
270 271 2
271 272 2
272 273 2
273 274 2
274 275 2
275 276 2
276 277 2
277 278 2
278 279 2
279 280 2
280 281 2
281 282 2
283 284 2
285 286 2
286 287 2
287 288 2
288 289 2
289 290 2
290 291 2
291 292 2
292 293 2
293 294 2
294 295 2
295 296 2
296 297 2
297 298 2
298 299 2
299 300 2
300 301 2
301 302 2
302 303 2
303 304 2
305 306 2
306 307 2
308 309 2
309 310 2
310 311 2
311 312 2
312 313 2
313 314 2
314 315 2
315 316 2
316 317 2
318 319 2
320 321 2
321 322 2
322 323 2
323 324 2
324 325 2
325 326 2
326 327 2
327 328 2
328 329 2
330 331 2
331 332 2
333 334 2
334 335 2
335 336 2
336 337 2
337 338 2
338 339 2
339 340 2
340 341 2
341 342 2
342 343 2
343 344 2
344 345 2
346 347 2
348 349 2
349 350 2
350 351 2
351 352 2
352 353 2
353 354 2
354 355 2
355 356 2
356 357 2
357 358 2
358 359 2
359 360 2
361 362 2
362 363 2
364 365 2
365 366 2
366 367 2
367 368 2
368 369 2
369 370 2
371 372 2
373 374 1
374 375 1
375 376 1
376 377 1
377 378 1
378 379 1
379 380 1
380 381 1
381 382 1
382 383 1
383 384 1
30
0.014 0.0005
0.014 0.000637931034483
0.014 0.000775862068966
0.014 0.000913793103448
0.014 0.00105172413793
0.014 0.00118965517241
0.014 0.0013275862069
0.014 0.00146551724138
0.014 0.00160344827586
0.014 0.00174137931034
0.014 0.00187931034483
0.014 0.00201724137931
0.014 0.00215517241379
0.014 0.00229310344828
0.014 0.00243103448276
0.014 0.00256896551724
0.014 0.00270689655172
0.014 0.00284482758621
0.014 0.00298275862069
0.014 0.00312068965517
0.014 0.00325862068966
0.014 0.00339655172414
0.014 0.00353448275862
0.014 0.0036724137931
0.014 0.00381034482759
0.014 0.00394827586207
0.014 0.00408620689655
0.014 0.00422413793103
0.014 0.00436206896552
0.014 0.0045
