50
200
3
1 0
2 60
1 -23292
364
0 0
0.001 0
0.002 0
0.003 0
0.004 0
0.005 0
0.006 0
0.007 0
0.008 0
0.009 0
0.01 0
0.011 0
0.012 0
0.013 0
0.014 0
0.015 0
0.016 0
0.017 0
0.018 0
0.019 0
0.02 0
0.021 0
0.022 0
0.023 0
0.024 0
0.025 0
0.026 0
0.027 0
0.028 0
0.028 0
0.028 0.000988672035799
0.028 0.0019773440716
0.028 0.0029660161074
0.028 0.00395468814319
0.028 0.00494336017899
0.028 0.00593203221479
0.028 0.00692070425059
0.028 0.00790937628639
0.028 0.00889804832219
0.028 0.00988672035799
0.028 0.0108753923938
0.028 0.0118640644296
0.028 0.0118640644296
0.027 0.0118640644296
0.027 0.0118640644296
0.027 0.0108834837968
0.027 0.00990290316399
0.027 0.00892232253119
0.027 0.00794174189839
0.027 0.00696116126559
0.027 0.0059805806328
0.027 0.005
0.027 0.005
0.026 0.005
0.025 0.005
0.025 0.005
0.025 0.00597955446121
0.025 0.00695910892243
0.025 0.00793866338364
0.025 0.00891821784486
0.025 0.00989777230607
0.025 0.0108773267673
0.025 0.0118568812285
0.025 0.0128364356897
0.025 0.0138159901509
0.025 0.0147955446121
0.025 0.0157750990734
0.025 0.0167546535346
0.025 0.0177342079958
0.025 0.018713762457
0.025 0.0196933169182
0.025 0.0206728713794
0.025 0.0206728713794
0.024 0.0206728713794
0.024 0.0206728713794
0.024 0.0196933169182
0.024 0.018713762457
0.024 0.0177342079958
0.024 0.0167546535346
0.024 0.0157750990734
0.024 0.0147955446121
0.024 0.0138159901509
0.024 0.0128364356897
0.024 0.0118568812285
0.024 0.0108773267673
0.024 0.00989777230607
0.024 0.00891821784486
0.024 0.00793866338364
0.024 0.00695910892243
0.024 0.00597955446121
0.024 0.005
0.024 0.005
0.023 0.005
0.022 0.005
0.022 0.005
0.022 0.00599186147543
0.022 0.00698372295086
0.022 0.00797558442629
0.022 0.00896744590173
0.022 0.00995930737716
0.022 0.0109511688526
0.022 0.011943030328
0.022 0.0129348918035
0.022 0.0139267532789
0.022 0.0149186147543
0.022 0.0159104762297
0.022 0.0169023377052
0.022 0.0178941991806
0.022 0.018886060656
0.022 0.0198779221315
0.022 0.0208697836069
0.022 0.0218616450823
0.022 0.0228535065578
0.022 0.0238453680332
0.022 0.0238453680332
0.021 0.0238453680332
0.021 0.0238453680332
0.021 0.0228535065578
0.021 0.0218616450823
0.021 0.0208697836069
0.021 0.0198779221315
0.021 0.018886060656
0.021 0.0178941991806
0.021 0.0169023377052
0.021 0.0159104762297
0.021 0.0149186147543
0.021 0.0139267532789
0.021 0.0129348918035
0.021 0.011943030328
0.021 0.0109511688526
0.021 0.00995930737716
0.021 0.00896744590173
0.021 0.00797558442629
0.021 0.00698372295086
0.021 0.00599186147543
0.021 0.005
0.021 0.005
0.02 0.005
0.019 0.005
0.019 0.005
0.019 0.00601925892668
0.019 0.00703851785336
0.019 0.00805777678005
0.019 0.00907703570673
0.019 0.0100962946334
0.019 0.0111155535601
0.019 0.0121348124868
0.019 0.0131540714135
0.019 0.0141733303401
0.019 0.0151925892668
0.019 0.0162118481935
0.019 0.0172311071202
0.019 0.0182503660469
0.019 0.0192696249736
0.019 0.0202888839002
0.019 0.0213081428269
0.019 0.0213081428269
0.018 0.0213081428269
0.018 0.0213081428269
0.018 0.0202888839002
0.018 0.0192696249736
0.018 0.0182503660469
0.018 0.0172311071202
0.018 0.0162118481935
0.018 0.0151925892668
0.018 0.0141733303401
0.018 0.0131540714135
0.018 0.0121348124868
0.018 0.0111155535601
0.018 0.0100962946334
0.018 0.00907703570673
0.018 0.00805777678005
0.018 0.00703851785336
0.018 0.00601925892668
0.018 0.005
0.018 0.005
0.017 0.005
0.016 0.005
0.016 0.005
0.016 0.00602074661181
0.016 0.00704149322363
0.016 0.00806223983544
0.016 0.00908298644726
0.016 0.0101037330591
0.016 0.0111244796709
0.016 0.0121452262827
0.016 0.0131659728945
0.016 0.0141867195063
0.016 0.0152074661181
0.016 0.01622821273
0.016 0.0172489593418
0.016 0.0182697059536
0.016 0.0192904525654
0.016 0.0203111991772
0.016 0.021331945789
0.016 0.021331945789
0.015 0.021331945789
0.015 0.021331945789
0.015 0.0203111991772
0.015 0.0192904525654
0.015 0.0182697059536
0.015 0.0172489593418
0.015 0.01622821273
0.015 0.0152074661181
0.015 0.0141867195063
0.015 0.0131659728945
0.015 0.0121452262827
0.015 0.0111244796709
0.015 0.0101037330591
0.015 0.00908298644726
0.015 0.00806223983544
0.015 0.00704149322363
0.015 0.00602074661181
0.015 0.005
0.015 0.005
0.014 0.005
0.013 0.005
0.013 0.005
0.013 0.00599833376514
0.013 0.00699666753028
0.013 0.00799500129542
0.013 0.00899333506055
0.013 0.00999166882569
0.013 0.0109900025908
0.013 0.0109900025908
0.012 0.0109900025908
0.012 0.0109900025908
0.012 0.00999166882569
0.012 0.00899333506055
0.012 0.00799500129542
0.012 0.00699666753028
0.012 0.00599833376514
0.012 0.005
0.012 0.005
0.011 0.005
0.01 0.005
0.01 0.005
0.01 0.00603015149482
0.01 0.00706030298965
0.01 0.00809045448447
0.01 0.00912060597929
0.01 0.0101507574741
0.01 0.0111809089689
0.01 0.0122110604638
0.01 0.0132412119586
0.01 0.0142713634534
0.01 0.0153015149482
0.01 0.0163316664431
0.01 0.0173618179379
0.01 0.0183919694327
0.01 0.0194221209275
0.01 0.0204522724223
0.01 0.0204522724223
0.009 0.0204522724223
0.009 0.0204522724223
0.009 0.0194221209275
0.009 0.0183919694327
0.009 0.0173618179379
0.009 0.0163316664431
0.009 0.0153015149482
0.009 0.0142713634534
0.009 0.0132412119586
0.009 0.0122110604638
0.009 0.0111809089689
0.009 0.0101507574741
0.009 0.00912060597929
0.009 0.00809045448447
0.009 0.00706030298965
0.009 0.00603015149482
0.009 0.005
0.009 0.005
0.008 0.005
0.007 0.005
0.007 0.005
0.007 0.00599941747082
0.007 0.00699883494164
0.007 0.00799825241246
0.007 0.00899766988328
0.007 0.00999708735409
0.007 0.0109965048249
0.007 0.0119959222957
0.007 0.0129953397666
0.007 0.0139947572374
0.007 0.0149941747082
0.007 0.015993592179
0.007 0.0169930096498
0.007 0.0179924271206
0.007 0.0189918445915
0.007 0.0199912620623
0.007 0.0209906795331
0.007 0.0219900970039
0.007 0.0229895144747
0.007 0.0239889319456
0.007 0.0239889319456
0.006 0.0239889319456
0.006 0.0239889319456
0.006 0.0229895144747
0.006 0.0219900970039
0.006 0.0209906795331
0.006 0.0199912620623
0.006 0.0189918445915
0.006 0.0179924271206
0.006 0.0169930096498
0.006 0.015993592179
0.006 0.0149941747082
0.006 0.0139947572374
0.006 0.0129953397666
0.006 0.0119959222957
0.006 0.0109965048249
0.006 0.00999708735409
0.006 0.00899766988328
0.006 0.00799825241246
0.006 0.00699883494164
0.006 0.00599941747082
0.006 0.005
0.006 0.005
0.005 0.005
0.004 0.005
0.004 0.005
0.004 0.00600814803492
0.004 0.00701629606984
0.004 0.00802444410476
0.004 0.00903259213968
0.004 0.0100407401746
0.004 0.0110488882095
0.004 0.0120570362444
0.004 0.0120570362444
0.003 0.0120570362444
0.003 0.0120570362444
0.003 0.0110488882095
0.003 0.0100407401746
0.003 0.00903259213968
0.003 0.00802444410476
0.003 0.00701629606984
0.003 0.00600814803492
0.003 0.005
0.003 0.005
0.002 0.005
0.001 0.005
0.001 0.005
0.001 0.00594813845315
0.001 0.00689627690629
0.001 0.00784441535944
0.001 0.00879255381259
0.001 0.00974069226574
0.001 0.0106888307189
0.001 0.011636969172
0.001 0.0125851076252
0.001 0.0125851076252
0 0.0125851076252
0 0.0125851076252
0 0.0116170224232
0 0.0106489372213
0 0.00968085201937
0 0.00871276681743
0 0.0077446816155
0 0.00677659641356
0 0.00580851121162
0 0.00484042600968
0 0.00387234080775
0 0.00290425560581
0 0.00193617040387
0 0.000968085201937
0 0
324
1 2 3
2 3 3
3 4 3
4 5 3
5 6 3
6 7 3
7 8 3
8 9 3
9 10 3
10 11 3
11 12 3
12 13 3
13 14 3
14 15 3
15 16 3
16 17 3
17 18 3
18 19 3
19 20 3
20 21 3
21 22 3
22 23 3
23 24 3
24 25 3
25 26 3
26 27 3
27 28 3
28 29 3
30 31 1
31 32 1
32 33 1
33 34 1
34 35 1
35 36 1
36 37 1
37 38 1
38 39 1
39 40 1
40 41 1
41 42 1
43 44 2
45 46 2
46 47 2
47 48 2
48 49 2
49 50 2
50 51 2
51 52 2
53 54 2
54 55 2
56 57 2
57 58 2
58 59 2
59 60 2
60 61 2
61 62 2
62 63 2
63 64 2
64 65 2
65 66 2
66 67 2
67 68 2
68 69 2
69 70 2
70 71 2
71 72 2
73 74 2
75 76 2
76 77 2
77 78 2
78 79 2
79 80 2
80 81 2
81 82 2
82 83 2
83 84 2
84 85 2
85 86 2
86 87 2
87 88 2
88 89 2
89 90 2
90 91 2
92 93 2
93 94 2
95 96 2
96 97 2
97 98 2
98 99 2
99 100 2
100 101 2
101 102 2
102 103 2
103 104 2
104 105 2
105 106 2
106 107 2
107 108 2
108 109 2
109 110 2
110 111 2
111 112 2
112 113 2
113 114 2
115 116 2
117 118 2
118 119 2
119 120 2
120 121 2
121 122 2
122 123 2
123 124 2
124 125 2
125 126 2
126 127 2
127 128 2
128 129 2
129 130 2
130 131 2
131 132 2
132 133 2
133 134 2
134 135 2
135 136 2
137 138 2
138 139 2
140 141 2
141 142 2
142 143 2
143 144 2
144 145 2
145 146 2
146 147 2
147 148 2
148 149 2
149 150 2
150 151 2
151 152 2
152 153 2
153 154 2
154 155 2
155 156 2
157 158 2
159 160 2
160 161 2
161 162 2
162 163 2
163 164 2
164 165 2
165 166 2
166 167 2
167 168 2
168 169 2
169 170 2
170 171 2
171 172 2
172 173 2
173 174 2
174 175 2
176 177 2
177 178 2
179 180 2
180 181 2
181 182 2
182 183 2
183 184 2
184 185 2
185 186 2
186 187 2
187 188 2
188 189 2
189 190 2
190 191 2
191 192 2
192 193 2
193 194 2
194 195 2
196 197 2
198 199 2
199 200 2
200 201 2
201 202 2
202 203 2
203 204 2
204 205 2
205 206 2
206 207 2
207 208 2
208 209 2
209 210 2
210 211 2
211 212 2
212 213 2
213 214 2
215 216 2
216 217 2
218 219 2
219 220 2
220 221 2
221 222 2
222 223 2
223 224 2
225 226 2
227 228 2
228 229 2
229 230 2
230 231 2
231 232 2
232 233 2
234 235 2
235 236 2
237 238 2
238 239 2
239 240 2
240 241 2
241 242 2
242 243 2
243 244 2
244 245 2
245 246 2
246 247 2
247 248 2
248 249 2
249 250 2
250 251 2
251 252 2
253 254 2
255 256 2
256 257 2
257 258 2
258 259 2
259 260 2
260 261 2
261 262 2
262 263 2
263 264 2
264 265 2
265 266 2
266 267 2
267 268 2
268 269 2
269 270 2
271 272 2
272 273 2
274 275 2
275 276 2
276 277 2
277 278 2
278 279 2
279 280 2
280 281 2
281 282 2
282 283 2
283 284 2
284 285 2
285 286 2
286 287 2
287 288 2
288 289 2
289 290 2
290 291 2
291 292 2
292 293 2
294 295 2
296 297 2
297 298 2
298 299 2
299 300 2
300 301 2
301 302 2
302 303 2
303 304 2
304 305 2
305 306 2
306 307 2
307 308 2
308 309 2
309 310 2
310 311 2
311 312 2
312 313 2
313 314 2
314 315 2
316 317 2
317 318 2
319 320 2
320 321 2
321 322 2
322 323 2
323 324 2
324 325 2
325 326 2
327 328 2
329 330 2
330 331 2
331 332 2
332 333 2
333 334 2
334 335 2
335 336 2
337 338 2
338 339 2
340 341 2
341 342 2
342 343 2
343 344 2
344 345 2
345 346 2
346 347 2
347 348 2
349 350 2
351 352 1
352 353 1
353 354 1
354 355 1
355 356 1
356 357 1
357 358 1
358 359 1
359 360 1
360 361 1
361 362 1
362 363 1
363 364 1
30
0.014 0.0005
0.014 0.000637931034483
0.014 0.000775862068966
0.014 0.000913793103448
0.014 0.00105172413793
0.014 0.00118965517241
0.014 0.0013275862069
0.014 0.00146551724138
0.014 0.00160344827586
0.014 0.00174137931034
0.014 0.00187931034483
0.014 0.00201724137931
0.014 0.00215517241379
0.014 0.00229310344828
0.014 0.00243103448276
0.014 0.00256896551724
0.014 0.00270689655172
0.014 0.00284482758621
0.014 0.00298275862069
0.014 0.00312068965517
0.014 0.00325862068966
0.014 0.00339655172414
0.014 0.00353448275862
0.014 0.0036724137931
0.014 0.00381034482759
0.014 0.00394827586207
0.014 0.00408620689655
0.014 0.00422413793103
0.014 0.00436206896552
0.014 0.0045
