50
200
3
1 0
2 60
1 -23292
354
0 0
0.001 0
0.002 0
0.003 0
0.004 0
0.005 0
0.006 0
0.007 0
0.008 0
0.009 0
0.01 0
0.011 0
0.012 0
0.013 0
0.014 0
0.015 0
0.016 0
0.017 0
0.018 0
0.019 0
0.02 0
0.021 0
0.022 0
0.023 0
0.024 0
0.025 0
0.026 0
0.027 0
0.028 0
0.028 0
0.028 0.00100634872636
0.028 0.00201269745271
0.028 0.00301904617907
0.028 0.00402539490543
0.028 0.00503174363179
0.028 0.00603809235814
0.028 0.0070444410845
0.028 0.00805078981086
0.028 0.00905713853722
0.028 0.0100634872636
0.028 0.0110698359899
0.028 0.0120761847163
0.028 0.0130825334426
0.028 0.014088882169
0.028 0.0150952308954
0.028 0.0161015796217
0.028 0.0171079283481
0.028 0.0181142770744
0.028 0.0181142770744
0.027 0.0181142770744
0.027 0.0181142770744
0.027 0.0171054865302
0.027 0.0160966959861
0.027 0.0150879054419
0.027 0.0140791148977
0.027 0.0130703243535
0.027 0.0120615338093
0.027 0.0110527432651
0.027 0.0100439527209
0.027 0.00903516217675
0.027 0.00802637163256
0.027 0.00701758108837
0.027 0.00600879054419
0.027 0.005
0.027 0.005
0.026 0.005
0.025 0.005
0.025 0.005
0.025 0.00597439401342
0.025 0.00694878802684
0.025 0.00792318204026
0.025 0.00889757605368
0.025 0.0098719700671
0.025 0.0108463640805
0.025 0.0118207580939
0.025 0.0127951521074
0.025 0.0137695461208
0.025 0.0147439401342
0.025 0.0157183341476
0.025 0.016692728161
0.025 0.0176671221745
0.025 0.0176671221745
0.024 0.0176671221745
0.024 0.0176671221745
0.024 0.016692728161
0.024 0.0157183341476
0.024 0.0147439401342
0.024 0.0137695461208
0.024 0.0127951521074
0.024 0.0118207580939
0.024 0.0108463640805
0.024 0.0098719700671
0.024 0.00889757605368
0.024 0.00792318204026
0.024 0.00694878802684
0.024 0.00597439401342
0.024 0.005
0.024 0.005
0.023 0.005
0.022 0.005
0.022 0.005
0.022 0.00601549216631
0.022 0.00703098433261
0.022 0.00804647649892
0.022 0.00906196866522
0.022 0.0100774608315
0.022 0.0110929529978
0.022 0.0121084451641
0.022 0.0131239373304
0.022 0.0141394294968
0.022 0.0151549216631
0.022 0.0161704138294
0.022 0.0171859059957
0.022 0.018201398162
0.022 0.0192168903283
0.022 0.0202323824946
0.022 0.0212478746609
0.022 0.0212478746609
0.021 0.0212478746609
0.021 0.0212478746609
0.021 0.0202323824946
0.021 0.0192168903283
0.021 0.018201398162
0.021 0.0171859059957
0.021 0.0161704138294
0.021 0.0151549216631
0.021 0.0141394294968
0.021 0.0131239373304
0.021 0.0121084451641
0.021 0.0110929529978
0.021 0.0100774608315
0.021 0.00906196866522
0.021 0.00804647649892
0.021 0.00703098433261
0.021 0.00601549216631
0.021 0.005
0.021 0.005
0.02 0.005
0.019 0.005
0.019 0.005
0.019 0.00597411289645
0.019 0.0069482257929
0.019 0.00792233868935
0.019 0.00889645158579
0.019 0.00987056448224
0.019 0.0108446773787
0.019 0.0118187902751
0.019 0.0127929031716
0.019 0.013767016068
0.019 0.0147411289645
0.019 0.0157152418609
0.019 0.0157152418609
0.018 0.0157152418609
0.018 0.0157152418609
0.018 0.0147411289645
0.018 0.013767016068
0.018 0.0127929031716
0.018 0.0118187902751
0.018 0.0108446773787
0.018 0.00987056448224
0.018 0.00889645158579
0.018 0.00792233868935
0.018 0.0069482257929
0.018 0.00597411289645
0.018 0.005
0.018 0.005
0.017 0.005
0.016 0.005
0.016 0.005
0.016 0.00598097813522
0.016 0.00696195627044
0.016 0.00794293440566
0.016 0.00892391254088
0.016 0.0099048906761
0.016 0.0108858688113
0.016 0.0118668469465
0.016 0.0128478250818
0.016 0.013828803217
0.016 0.0148097813522
0.016 0.0157907594874
0.016 0.0167717376226
0.016 0.0177527157579
0.016 0.0187336938931
0.016 0.0197146720283
0.016 0.0206956501635
0.016 0.0216766282987
0.016 0.022657606434
0.016 0.022657606434
0.015 0.022657606434
0.015 0.022657606434
0.015 0.0216766282987
0.015 0.0206956501635
0.015 0.0197146720283
0.015 0.0187336938931
0.015 0.0177527157579
0.015 0.0167717376226
0.015 0.0157907594874
0.015 0.0148097813522
0.015 0.013828803217
0.015 0.0128478250818
0.015 0.0118668469465
0.015 0.0108858688113
0.015 0.0099048906761
0.015 0.00892391254088
0.015 0.00794293440566
0.015 0.00696195627044
0.015 0.00598097813522
0.015 0.005
0.015 0.005
0.014 0.005
0.013 0.005
0.013 0.005
0.013 0.00599296333871
0.013 0.00698592667742
0.013 0.00797889001614
0.013 0.00897185335485
0.013 0.00996481669356
0.013 0.0109577800323
0.013 0.011950743371
0.013 0.0129437067097
0.013 0.0139366700484
0.013 0.0149296333871
0.013 0.0159225967258
0.013 0.0169155600645
0.013 0.0179085234033
0.013 0.018901486742
0.013 0.018901486742
0.012 0.018901486742
0.012 0.018901486742
0.012 0.0179085234033
0.012 0.0169155600645
0.012 0.0159225967258
0.012 0.0149296333871
0.012 0.0139366700484
0.012 0.0129437067097
0.012 0.011950743371
0.012 0.0109577800323
0.012 0.00996481669356
0.012 0.00897185335485
0.012 0.00797889001614
0.012 0.00698592667742
0.012 0.00599296333871
0.012 0.005
0.012 0.005
0.011 0.005
0.01 0.005
0.01 0.005
0.01 0.00608281803586
0.01 0.00716563607173
0.01 0.00824845410759
0.01 0.00933127214345
0.01 0.0104140901793
0.01 0.0104140901793
0.009 0.0104140901793
0.009 0.0104140901793
0.009 0.00933127214345
0.009 0.00824845410759
0.009 0.00716563607173
0.009 0.00608281803586
0.009 0.005
0.009 0.005
0.008 0.005
0.007 0.005
0.007 0.005
0.007 0.00605110785807
0.007 0.00710221571614
0.007 0.0081533235742
0.007 0.00920443143227
0.007 0.0102555392903
0.007 0.0113066471484
0.007 0.0123577550065
0.007 0.0134088628645
0.007 0.0144599707226
0.007 0.0144599707226
0.006 0.0144599707226
0.006 0.0144599707226
0.006 0.0134088628645
0.006 0.0123577550065
0.006 0.0113066471484
0.006 0.0102555392903
0.006 0.00920443143227
0.006 0.0081533235742
0.006 0.00710221571614
0.006 0.00605110785807
0.006 0.005
0.006 0.005
0.005 0.005
0.004 0.005
0.004 0.005
0.004 0.00599876845126
0.004 0.00699753690252
0.004 0.00799630535378
0.004 0.00899507380504
0.004 0.0099938422563
0.004 0.0109926107076
0.004 0.0119913791588
0.004 0.0129901476101
0.004 0.0139889160613
0.004 0.0149876845126
0.004 0.0159864529638
0.004 0.0169852214151
0.004 0.0179839898664
0.004 0.0189827583176
0.004 0.0199815267689
0.004 0.0209802952201
0.004 0.0219790636714
0.004 0.0219790636714
0.003 0.0219790636714
0.003 0.0219790636714
0.003 0.0209802952201
0.003 0.0199815267689
0.003 0.0189827583176
0.003 0.0179839898664
0.003 0.0169852214151
0.003 0.0159864529638
0.003 0.0149876845126
0.003 0.0139889160613
0.003 0.0129901476101
0.003 0.0119913791588
0.003 0.0109926107076
0.003 0.0099938422563
0.003 0.00899507380504
0.003 0.00799630535378
0.003 0.00699753690252
0.003 0.00599876845126
0.003 0.005
0.003 0.005
0.002 0.005
0.001 0.005
0.001 0.005
0.001 0.00602242530871
0.001 0.00704485061741
0.001 0.00806727592612
0.001 0.00908970123483
0.001 0.0101121265435
0.001 0.0111345518522
0.001 0.0121569771609
0.001 0.0131794024697
0.001 0.0131794024697
0 0.0131794024697
0 0.0131794024697
0 0.0121656022797
0 0.0111518020897
0 0.0101380018997
0 0.00912420170976
0 0.00811040151979
0 0.00709660132981
0 0.00608280113984
0 0.00506900094987
0 0.00405520075989
0 0.00304140056992
0 0.00202760037995
0 0.00101380018997
0 -1.73472347598e-18
314
1 2 3
2 3 3
3 4 3
4 5 3
5 6 3
6 7 3
7 8 3
8 9 3
9 10 3
10 11 3
11 12 3
12 13 3
13 14 3
14 15 3
15 16 3
16 17 3
17 18 3
18 19 3
19 20 3
20 21 3
21 22 3
22 23 3
23 24 3
24 25 3
25 26 3
26 27 3
27 28 3
28 29 3
30 31 1
31 32 1
32 33 1
33 34 1
34 35 1
35 36 1
36 37 1
37 38 1
38 39 1
39 40 1
40 41 1
41 42 1
42 43 1
43 44 1
44 45 1
45 46 1
46 47 1
47 48 1
49 50 2
51 52 2
52 53 2
53 54 2
54 55 2
55 56 2
56 57 2
57 58 2
58 59 2
59 60 2
60 61 2
61 62 2
62 63 2
63 64 2
65 66 2
66 67 2
68 69 2
69 70 2
70 71 2
71 72 2
72 73 2
73 74 2
74 75 2
75 76 2
76 77 2
77 78 2
78 79 2
79 80 2
80 81 2
82 83 2
84 85 2
85 86 2
86 87 2
87 88 2
88 89 2
89 90 2
90 91 2
91 92 2
92 93 2
93 94 2
94 95 2
95 96 2
96 97 2
98 99 2
99 100 2
101 102 2
102 103 2
103 104 2
104 105 2
105 106 2
106 107 2
107 108 2
108 109 2
109 110 2
110 111 2
111 112 2
112 113 2
113 114 2
114 115 2
115 116 2
116 117 2
118 119 2
120 121 2
121 122 2
122 123 2
123 124 2
124 125 2
125 126 2
126 127 2
127 128 2
128 129 2
129 130 2
130 131 2
131 132 2
132 133 2
133 134 2
134 135 2
135 136 2
137 138 2
138 139 2
140 141 2
141 142 2
142 143 2
143 144 2
144 145 2
145 146 2
146 147 2
147 148 2
148 149 2
149 150 2
150 151 2
152 153 2
154 155 2
155 156 2
156 157 2
157 158 2
158 159 2
159 160 2
160 161 2
161 162 2
162 163 2
163 164 2
164 165 2
166 167 2
167 168 2
169 170 2
170 171 2
171 172 2
172 173 2
173 174 2
174 175 2
175 176 2
176 177 2
177 178 2
178 179 2
179 180 2
180 181 2
181 182 2
182 183 2
183 184 2
184 185 2
185 186 2
186 187 2
188 189 2
190 191 2
191 192 2
192 193 2
193 194 2
194 195 2
195 196 2
196 197 2
197 198 2
198 199 2
199 200 2
200 201 2
201 202 2
202 203 2
203 204 2
204 205 2
205 206 2
206 207 2
207 208 2
209 210 2
210 211 2
212 213 2
213 214 2
214 215 2
215 216 2
216 217 2
217 218 2
218 219 2
219 220 2
220 221 2
221 222 2
222 223 2
223 224 2
224 225 2
225 226 2
227 228 2
229 230 2
230 231 2
231 232 2
232 233 2
233 234 2
234 235 2
235 236 2
236 237 2
237 238 2
238 239 2
239 240 2
240 241 2
241 242 2
242 243 2
244 245 2
245 246 2
247 248 2
248 249 2
249 250 2
250 251 2
251 252 2
253 254 2
255 256 2
256 257 2
257 258 2
258 259 2
259 260 2
261 262 2
262 263 2
264 265 2
265 266 2
266 267 2
267 268 2
268 269 2
269 270 2
270 271 2
271 272 2
272 273 2
274 275 2
276 277 2
277 278 2
278 279 2
279 280 2
280 281 2
281 282 2
282 283 2
283 284 2
284 285 2
286 287 2
287 288 2
289 290 2
290 291 2
291 292 2
292 293 2
293 294 2
294 295 2
295 296 2
296 297 2
297 298 2
298 299 2
299 300 2
300 301 2
301 302 2
302 303 2
303 304 2
304 305 2
305 306 2
307 308 2
309 310 2
310 311 2
311 312 2
312 313 2
313 314 2
314 315 2
315 316 2
316 317 2
317 318 2
318 319 2
319 320 2
320 321 2
321 322 2
322 323 2
323 324 2
324 325 2
325 326 2
327 328 2
328 329 2
330 331 2
331 332 2
332 333 2
333 334 2
334 335 2
335 336 2
336 337 2
337 338 2
339 340 2
341 342 1
342 343 1
343 344 1
344 345 1
345 346 1
346 347 1
347 348 1
348 349 1
349 350 1
350 351 1
351 352 1
352 353 1
353 354 1
30
0.014 0.0005
0.014 0.000637931034483
0.014 0.000775862068966
0.014 0.000913793103448
0.014 0.00105172413793
0.014 0.00118965517241
0.014 0.0013275862069
0.014 0.00146551724138
0.014 0.00160344827586
0.014 0.00174137931034
0.014 0.00187931034483
0.014 0.00201724137931
0.014 0.00215517241379
0.014 0.00229310344828
0.014 0.00243103448276
0.014 0.00256896551724
0.014 0.00270689655172
0.014 0.00284482758621
0.014 0.00298275862069
0.014 0.00312068965517
0.014 0.00325862068966
0.014 0.00339655172414
0.014 0.00353448275862
0.014 0.0036724137931
0.014 0.00381034482759
0.014 0.00394827586207
0.014 0.00408620689655
0.014 0.00422413793103
0.014 0.00436206896552
0.014 0.0045
