50
50
3
1 0
2 60
1 -23292
358
0 0
0.001 0
0.002 0
0.003 0
0.004 0
0.005 0
0.006 0
0.007 0
0.008 0
0.009 0
0.01 0
0.011 0
0.012 0
0.013 0
0.014 0
0.015 0
0.016 0
0.017 0
0.018 0
0.019 0
0.02 0
0.021 0
0.022 0
0.023 0
0.024 0
0.025 0
0.026 0
0.027 0
0.028 0
0.028 0
0.028 0.000987819088696
0.028 0.00197563817739
0.028 0.00296345726609
0.028 0.00395127635478
0.028 0.00493909544348
0.028 0.00592691453217
0.028 0.00691473362087
0.028 0.00790255270957
0.028 0.00889037179826
0.028 0.00987819088696
0.028 0.0108660099757
0.028 0.0118538290643
0.028 0.012841648153
0.028 0.0138294672417
0.028 0.0148172863304
0.028 0.0158051054191
0.028 0.0167929245078
0.028 0.0177807435965
0.028 0.0187685626852
0.028 0.0197563817739
0.028 0.0207442008626
0.028 0.0217320199513
0.028 0.02271983904
0.028 0.0237076581287
0.028 0.0237076581287
0.027 0.0237076581287
0.027 0.0237076581287
0.027 0.022723044543
0.027 0.0217384309573
0.027 0.0207538173715
0.027 0.0197692037858
0.027 0.0187845902001
0.027 0.0177999766144
0.027 0.0168153630287
0.027 0.0158307494429
0.027 0.0148461358572
0.027 0.0138615222715
0.027 0.0128769086858
0.027 0.0118922951
0.027 0.0109076815143
0.027 0.00992306792861
0.027 0.00893845434288
0.027 0.00795384075716
0.027 0.00696922717144
0.027 0.00598461358572
0.027 0.005
0.027 0.005
0.026 0.005
0.025 0.005
0.025 0.005
0.025 0.00596046743184
0.025 0.00692093486368
0.025 0.00788140229552
0.025 0.00884186972736
0.025 0.0098023371592
0.025 0.010762804591
0.025 0.0117232720229
0.025 0.0126837394547
0.025 0.0136442068866
0.025 0.0136442068866
0.024 0.0136442068866
0.024 0.0136442068866
0.024 0.0126837394547
0.024 0.0117232720229
0.024 0.010762804591
0.024 0.0098023371592
0.024 0.00884186972736
0.024 0.00788140229552
0.024 0.00692093486368
0.024 0.00596046743184
0.024 0.005
0.024 0.005
0.023 0.005
0.022 0.005
0.022 0.005
0.022 0.0060288385893
0.022 0.0070576771786
0.022 0.0080865157679
0.022 0.0091153543572
0.022 0.0101441929465
0.022 0.0111730315358
0.022 0.0122018701251
0.022 0.0132307087144
0.022 0.0142595473037
0.022 0.015288385893
0.022 0.0163172244823
0.022 0.0173460630716
0.022 0.0183749016609
0.022 0.0194037402502
0.022 0.0194037402502
0.021 0.0194037402502
0.021 0.0194037402502
0.021 0.0183749016609
0.021 0.0173460630716
0.021 0.0163172244823
0.021 0.015288385893
0.021 0.0142595473037
0.021 0.0132307087144
0.021 0.0122018701251
0.021 0.0111730315358
0.021 0.0101441929465
0.021 0.0091153543572
0.021 0.0080865157679
0.021 0.0070576771786
0.021 0.0060288385893
0.021 0.005
0.021 0.005
0.02 0.005
0.019 0.005
0.019 0.005
0.019 0.00601206249038
0.019 0.00702412498076
0.019 0.00803618747114
0.019 0.00904824996153
0.019 0.0100603124519
0.019 0.0110723749423
0.019 0.0120844374327
0.019 0.0130964999231
0.019 0.0141085624134
0.019 0.0151206249038
0.019 0.0161326873942
0.019 0.0171447498846
0.019 0.018156812375
0.019 0.018156812375
0.018 0.018156812375
0.018 0.018156812375
0.018 0.0171447498846
0.018 0.0161326873942
0.018 0.0151206249038
0.018 0.0141085624134
0.018 0.0130964999231
0.018 0.0120844374327
0.018 0.0110723749423
0.018 0.0100603124519
0.018 0.00904824996153
0.018 0.00803618747114
0.018 0.00702412498076
0.018 0.00601206249038
0.018 0.005
0.018 0.005
0.017 0.005
0.016 0.005
0.016 0.005
0.016 0.00594784650128
0.016 0.00689569300256
0.016 0.00784353950383
0.016 0.00879138600511
0.016 0.00973923250639
0.016 0.0106870790077
0.016 0.0116349255089
0.016 0.0116349255089
0.015 0.0116349255089
0.015 0.0116349255089
0.015 0.0106870790077
0.015 0.00973923250639
0.015 0.00879138600511
0.015 0.00784353950383
0.015 0.00689569300256
0.015 0.00594784650128
0.015 0.005
0.015 0.005
0.014 0.005
0.013 0.005
0.013 0.005
0.013 0.00599065097912
0.013 0.00698130195824
0.013 0.00797195293736
0.013 0.00896260391648
0.013 0.0099532548956
0.013 0.0109439058747
0.013 0.0119345568538
0.013 0.012925207833
0.013 0.0139158588121
0.013 0.0149065097912
0.013 0.0158971607703
0.013 0.0168878117494
0.013 0.0178784627286
0.013 0.0188691137077
0.013 0.0198597646868
0.013 0.0208504156659
0.013 0.0208504156659
0.012 0.0208504156659
0.012 0.0208504156659
0.012 0.0198597646868
0.012 0.0188691137077
0.012 0.0178784627286
0.012 0.0168878117494
0.012 0.0158971607703
0.012 0.0149065097912
0.012 0.0139158588121
0.012 0.012925207833
0.012 0.0119345568538
0.012 0.0109439058747
0.012 0.0099532548956
0.012 0.00896260391648
0.012 0.00797195293736
0.012 0.00698130195824
0.012 0.00599065097912
0.012 0.005
0.012 0.005
0.011 0.005
0.01 0.005
0.01 0.005
0.01 0.00601066428139
0.01 0.00702132856279
0.01 0.00803199284418
0.01 0.00904265712557
0.01 0.010053321407
0.01 0.010053321407
0.009 0.010053321407
0.009 0.010053321407
0.009 0.00904265712557
0.009 0.00803199284418
0.009 0.00702132856279
0.009 0.00601066428139
0.009 0.005
0.009 0.005
0.008 0.005
0.007 0.005
0.007 0.005
0.007 0.00602136616965
0.007 0.00704273233929
0.007 0.00806409850894
0.007 0.00908546467859
0.007 0.0101068308482
0.007 0.0111281970179
0.007 0.0121495631875
0.007 0.0131709293572
0.007 0.0141922955268
0.007 0.0152136616965
0.007 0.0162350278661
0.007 0.0172563940358
0.007 0.0182777602054
0.007 0.0192991263751
0.007 0.0203204925447
0.007 0.0213418587144
0.007 0.022363224884
0.007 0.0233845910537
0.007 0.0244059572233
0.007 0.0244059572233
0.006 0.0244059572233
0.006 0.0244059572233
0.006 0.0233845910537
0.006 0.022363224884
0.006 0.0213418587144
0.006 0.0203204925447
0.006 0.0192991263751
0.006 0.0182777602054
0.006 0.0172563940358
0.006 0.0162350278661
0.006 0.0152136616965
0.006 0.0141922955268
0.006 0.0131709293572
0.006 0.0121495631875
0.006 0.0111281970179
0.006 0.0101068308482
0.006 0.00908546467859
0.006 0.00806409850894
0.006 0.00704273233929
0.006 0.00602136616965
0.006 0.005
0.006 0.005
0.005 0.005
0.004 0.005
0.004 0.005
0.004 0.00598909410124
0.004 0.00697818820247
0.004 0.00796728230371
0.004 0.00895637640495
0.004 0.00994547050618
0.004 0.0109345646074
0.004 0.0119236587087
0.004 0.0129127528099
0.004 0.0139018469111
0.004 0.0148909410124
0.004 0.0158800351136
0.004 0.0168691292148
0.004 0.0178582233161
0.004 0.0188473174173
0.004 0.0198364115186
0.004 0.0198364115186
0.003 0.0198364115186
0.003 0.0198364115186
0.003 0.0188473174173
0.003 0.0178582233161
0.003 0.0168691292148
0.003 0.0158800351136
0.003 0.0148909410124
0.003 0.0139018469111
0.003 0.0129127528099
0.003 0.0119236587087
0.003 0.0109345646074
0.003 0.00994547050618
0.003 0.00895637640495
0.003 0.00796728230371
0.003 0.00697818820247
0.003 0.00598909410124
0.003 0.005
0.003 0.005
0.002 0.005
0.001 0.005
0.001 0.005
0.001 0.0059742275278
0.001 0.00694845505561
0.001 0.00792268258341
0.001 0.00889691011122
0.001 0.00987113763902
0.001 0.0108453651668
0.001 0.0118195926946
0.001 0.0127938202224
0.001 0.0137680477502
0.001 0.0137680477502
0 0.0137680477502
0 0.0137680477502
0 0.0127846157681
0 0.0118011837859
0 0.0108177518038
0 0.0098343198216
0 0.00885088783944
0 0.00786745585728
0 0.00688402387512
0 0.00590059189296
0 0.0049171599108
0 0.00393372792864
0 0.00295029594648
0 0.00196686396432
0 0.00098343198216
0 -1.73472347598e-18
318
1 2 3
2 3 3
3 4 3
4 5 3
5 6 3
6 7 3
7 8 3
8 9 3
9 10 3
10 11 3
11 12 3
12 13 3
13 14 3
14 15 3
15 16 3
16 17 3
17 18 3
18 19 3
19 20 3
20 21 3
21 22 3
22 23 3
23 24 3
24 25 3
25 26 3
26 27 3
27 28 3
28 29 3
30 31 1
31 32 1
32 33 1
33 34 1
34 35 1
35 36 1
36 37 1
37 38 1
38 39 1
39 40 1
40 41 1
41 42 1
42 43 1
43 44 1
44 45 1
45 46 1
46 47 1
47 48 1
48 49 1
49 50 1
50 51 1
51 52 1
52 53 1
53 54 1
55 56 2
57 58 2
58 59 2
59 60 2
60 61 2
61 62 2
62 63 2
63 64 2
64 65 2
65 66 2
66 67 2
67 68 2
68 69 2
69 70 2
70 71 2
71 72 2
72 73 2
73 74 2
74 75 2
75 76 2
77 78 2
78 79 2
80 81 2
81 82 2
82 83 2
83 84 2
84 85 2
85 86 2
86 87 2
87 88 2
88 89 2
90 91 2
92 93 2
93 94 2
94 95 2
95 96 2
96 97 2
97 98 2
98 99 2
99 100 2
100 101 2
102 103 2
103 104 2
105 106 2
106 107 2
107 108 2
108 109 2
109 110 2
110 111 2
111 112 2
112 113 2
113 114 2
114 115 2
115 116 2
116 117 2
117 118 2
118 119 2
120 121 2
122 123 2
123 124 2
124 125 2
125 126 2
126 127 2
127 128 2
128 129 2
129 130 2
130 131 2
131 132 2
132 133 2
133 134 2
134 135 2
135 136 2
137 138 2
138 139 2
140 141 2
141 142 2
142 143 2
143 144 2
144 145 2
145 146 2
146 147 2
147 148 2
148 149 2
149 150 2
150 151 2
151 152 2
152 153 2
154 155 2
156 157 2
157 158 2
158 159 2
159 160 2
160 161 2
161 162 2
162 163 2
163 164 2
164 165 2
165 166 2
166 167 2
167 168 2
168 169 2
170 171 2
171 172 2
173 174 2
174 175 2
175 176 2
176 177 2
177 178 2
178 179 2
179 180 2
181 182 2
183 184 2
184 185 2
185 186 2
186 187 2
187 188 2
188 189 2
189 190 2
191 192 2
192 193 2
194 195 2
195 196 2
196 197 2
197 198 2
198 199 2
199 200 2
200 201 2
201 202 2
202 203 2
203 204 2
204 205 2
205 206 2
206 207 2
207 208 2
208 209 2
209 210 2
211 212 2
213 214 2
214 215 2
215 216 2
216 217 2
217 218 2
218 219 2
219 220 2
220 221 2
221 222 2
222 223 2
223 224 2
224 225 2
225 226 2
226 227 2
227 228 2
228 229 2
230 231 2
231 232 2
233 234 2
234 235 2
235 236 2
236 237 2
237 238 2
239 240 2
241 242 2
242 243 2
243 244 2
244 245 2
245 246 2
247 248 2
248 249 2
250 251 2
251 252 2
252 253 2
253 254 2
254 255 2
255 256 2
256 257 2
257 258 2
258 259 2
259 260 2
260 261 2
261 262 2
262 263 2
263 264 2
264 265 2
265 266 2
266 267 2
267 268 2
268 269 2
270 271 2
272 273 2
273 274 2
274 275 2
275 276 2
276 277 2
277 278 2
278 279 2
279 280 2
280 281 2
281 282 2
282 283 2
283 284 2
284 285 2
285 286 2
286 287 2
287 288 2
288 289 2
289 290 2
290 291 2
292 293 2
293 294 2
295 296 2
296 297 2
297 298 2
298 299 2
299 300 2
300 301 2
301 302 2
302 303 2
303 304 2
304 305 2
305 306 2
306 307 2
307 308 2
308 309 2
309 310 2
311 312 2
313 314 2
314 315 2
315 316 2
316 317 2
317 318 2
318 319 2
319 320 2
320 321 2
321 322 2
322 323 2
323 324 2
324 325 2
325 326 2
326 327 2
327 328 2
329 330 2
330 331 2
332 333 2
333 334 2
334 335 2
335 336 2
336 337 2
337 338 2
338 339 2
339 340 2
340 341 2
342 343 2
344 345 1
345 346 1
346 347 1
347 348 1
348 349 1
349 350 1
350 351 1
351 352 1
352 353 1
353 354 1
354 355 1
355 356 1
356 357 1
357 358 1
30
0.014 0.0005
0.014 0.000637931034483
0.014 0.000775862068966
0.014 0.000913793103448
0.014 0.00105172413793
0.014 0.00118965517241
0.014 0.0013275862069
0.014 0.00146551724138
0.014 0.00160344827586
0.014 0.00174137931034
0.014 0.00187931034483
0.014 0.00201724137931
0.014 0.00215517241379
0.014 0.00229310344828
0.014 0.00243103448276
0.014 0.00256896551724
0.014 0.00270689655172
0.014 0.00284482758621
0.014 0.00298275862069
0.014 0.00312068965517
0.014 0.00325862068966
0.014 0.00339655172414
0.014 0.00353448275862
0.014 0.0036724137931
0.014 0.00381034482759
0.014 0.00394827586207
0.014 0.00408620689655
0.014 0.00422413793103
0.014 0.00436206896552
0.014 0.0045
