50
200
3
1 0
2 60
1 -23292
350
0 0
0.001 0
0.002 0
0.003 0
0.004 0
0.005 0
0.006 0
0.007 0
0.008 0
0.009 0
0.01 0
0.011 0
0.012 0
0.013 0
0.014 0
0.015 0
0.016 0
0.017 0
0.018 0
0.019 0
0.02 0
0.021 0
0.022 0
0.023 0
0.024 0
0.025 0
0.026 0
0.027 0
0.028 0
0.028 0
0.028 0.00102683015187
0.028 0.00205366030374
0.028 0.00308049045562
0.028 0.00410732060749
0.028 0.00513415075936
0.028 0.00616098091123
0.028 0.00718781106311
0.028 0.00821464121498
0.028 0.00924147136685
0.028 0.0102683015187
0.028 0.0112951316706
0.028 0.0123219618225
0.028 0.0133487919743
0.028 0.0143756221262
0.028 0.0154024522781
0.028 0.01642928243
0.028 0.01642928243
0.027 0.01642928243
0.027 0.01642928243
0.027 0.0153902567545
0.027 0.0143512310791
0.027 0.0133122054036
0.027 0.0122731797282
0.027 0.0112341540527
0.027 0.0101951283773
0.027 0.0091561027018
0.027 0.00811707702635
0.027 0.0070780513509
0.027 0.00603902567545
0.027 0.005
0.027 0.005
0.026 0.005
0.025 0.005
0.025 0.005
0.025 0.00603701824553
0.025 0.00707403649105
0.025 0.00811105473658
0.025 0.00914807298211
0.025 0.0101850912276
0.025 0.0112221094732
0.025 0.0112221094732
0.024 0.0112221094732
0.024 0.0112221094732
0.024 0.0101850912276
0.024 0.00914807298211
0.024 0.00811105473658
0.024 0.00707403649105
0.024 0.00603701824553
0.024 0.005
0.024 0.005
0.023 0.005
0.022 0.005
0.022 0.005
0.022 0.00600067558836
0.022 0.00700135117673
0.022 0.00800202676509
0.022 0.00900270235345
0.022 0.0100033779418
0.022 0.0110040535302
0.022 0.0120047291185
0.022 0.0130054047069
0.022 0.0140060802953
0.022 0.0140060802953
0.021 0.0140060802953
0.021 0.0140060802953
0.021 0.0130054047069
0.021 0.0120047291185
0.021 0.0110040535302
0.021 0.0100033779418
0.021 0.00900270235345
0.021 0.00800202676509
0.021 0.00700135117673
0.021 0.00600067558836
0.021 0.005
0.021 0.005
0.02 0.005
0.019 0.005
0.019 0.005
0.019 0.00604018637686
0.019 0.00708037275371
0.019 0.00812055913057
0.019 0.00916074550743
0.019 0.0102009318843
0.019 0.0112411182611
0.019 0.012281304638
0.019 0.0133214910149
0.019 0.0133214910149
0.018 0.0133214910149
0.018 0.0133214910149
0.018 0.012281304638
0.018 0.0112411182611
0.018 0.0102009318843
0.018 0.00916074550743
0.018 0.00812055913057
0.018 0.00708037275371
0.018 0.00604018637686
0.018 0.005
0.018 0.005
0.017 0.005
0.016 0.005
0.016 0.005
0.016 0.00601122284847
0.016 0.00702244569694
0.016 0.00803366854541
0.016 0.00904489139388
0.016 0.0100561142423
0.016 0.0110673370908
0.016 0.0120785599393
0.016 0.0130897827878
0.016 0.0141010056362
0.016 0.0151122284847
0.016 0.0161234513332
0.016 0.0171346741816
0.016 0.0181458970301
0.016 0.0191571198786
0.016 0.020168342727
0.016 0.0211795655755
0.016 0.022190788424
0.016 0.0232020112725
0.016 0.0242132341209
0.016 0.0242132341209
0.015 0.0242132341209
0.015 0.0242132341209
0.015 0.0232020112725
0.015 0.022190788424
0.015 0.0211795655755
0.015 0.020168342727
0.015 0.0191571198786
0.015 0.0181458970301
0.015 0.0171346741816
0.015 0.0161234513332
0.015 0.0151122284847
0.015 0.0141010056362
0.015 0.0130897827878
0.015 0.0120785599393
0.015 0.0110673370908
0.015 0.0100561142423
0.015 0.00904489139388
0.015 0.00803366854541
0.015 0.00702244569694
0.015 0.00601122284847
0.015 0.005
0.015 0.005
0.014 0.005
0.013 0.005
0.013 0.005
0.013 0.00599791851862
0.013 0.00699583703724
0.013 0.00799375555586
0.013 0.00899167407448
0.013 0.00998959259311
0.013 0.0109875111117
0.013 0.0119854296303
0.013 0.012983348149
0.013 0.0139812666676
0.013 0.0149791851862
0.013 0.0159771037048
0.013 0.0169750222235
0.013 0.0169750222235
0.012 0.0169750222235
0.012 0.0169750222235
0.012 0.0159771037048
0.012 0.0149791851862
0.012 0.0139812666676
0.012 0.012983348149
0.012 0.0119854296303
0.012 0.0109875111117
0.012 0.00998959259311
0.012 0.00899167407448
0.012 0.00799375555586
0.012 0.00699583703724
0.012 0.00599791851862
0.012 0.005
0.012 0.005
0.011 0.005
0.01 0.005
0.01 0.005
0.01 0.00597755054803
0.01 0.00695510109606
0.01 0.00793265164409
0.01 0.00891020219212
0.01 0.00988775274015
0.01 0.0108653032882
0.01 0.0118428538362
0.01 0.0128204043842
0.01 0.0137979549323
0.01 0.0147755054803
0.01 0.0157530560283
0.01 0.0167306065764
0.01 0.0177081571244
0.01 0.0186857076724
0.01 0.0196632582204
0.01 0.0206408087685
0.01 0.0206408087685
0.009 0.0206408087685
0.009 0.0206408087685
0.009 0.0196632582204
0.009 0.0186857076724
0.009 0.0177081571244
0.009 0.0167306065764
0.009 0.0157530560283
0.009 0.0147755054803
0.009 0.0137979549323
0.009 0.0128204043842
0.009 0.0118428538362
0.009 0.0108653032882
0.009 0.00988775274015
0.009 0.00891020219212
0.009 0.00793265164409
0.009 0.00695510109606
0.009 0.00597755054803
0.009 0.005
0.009 0.005
0.008 0.005
0.007 0.005
0.007 0.005
0.007 0.00609696919987
0.007 0.00719393839974
0.007 0.00829090759961
0.007 0.00938787679948
0.007 0.0104848459994
0.007 0.0104848459994
0.006 0.0104848459994
0.006 0.0104848459994
0.006 0.00938787679948
0.006 0.00829090759961
0.006 0.00719393839974
0.006 0.00609696919987
0.006 0.005
0.006 0.005
0.005 0.005
0.004 0.005
0.004 0.005
0.004 0.00600349490426
0.004 0.00700698980853
0.004 0.00801048471279
0.004 0.00901397961705
0.004 0.0100174745213
0.004 0.0110209694256
0.004 0.0120244643298
0.004 0.0130279592341
0.004 0.0140314541384
0.004 0.0150349490426
0.004 0.0160384439469
0.004 0.0170419388512
0.004 0.0180454337554
0.004 0.0190489286597
0.004 0.020052423564
0.004 0.0210559184682
0.004 0.0220594133725
0.004 0.0220594133725
0.003 0.0220594133725
0.003 0.0220594133725
0.003 0.0210559184682
0.003 0.020052423564
0.003 0.0190489286597
0.003 0.0180454337554
0.003 0.0170419388512
0.003 0.0160384439469
0.003 0.0150349490426
0.003 0.0140314541384
0.003 0.0130279592341
0.003 0.0120244643298
0.003 0.0110209694256
0.003 0.0100174745213
0.003 0.00901397961705
0.003 0.00801048471279
0.003 0.00700698980853
0.003 0.00600349490426
0.003 0.005
0.003 0.005
0.002 0.005
0.001 0.005
0.001 0.005
0.001 0.00602060604294
0.001 0.00704121208589
0.001 0.00806181812883
0.001 0.00908242417177
0.001 0.0101030302147
0.001 0.0111236362577
0.001 0.0121442423006
0.001 0.0131648483435
0.001 0.0141854543865
0.001 0.0152060604294
0.001 0.0162266664724
0.001 0.0172472725153
0.001 0.0182678785583
0.001 0.0192884846012
0.001 0.0203090906442
0.001 0.0213296966871
0.001 0.02235030273
0.001 0.023370908773
0.001 0.0243915148159
0.001 0.0243915148159
0 0.0243915148159
0 0.0243915148159
0 0.0233752016986
0 0.0223588885813
0 0.0213425754639
0 0.0203262623466
0 0.0193099492293
0 0.0182936361119
0 0.0172773229946
0 0.0162610098773
0 0.01524469676
0 0.0142283836426
0 0.0132120705253
0 0.012195757408
0 0.0111794442906
0 0.0101631311733
0 0.00914681805597
0 0.00813050493864
0 0.00711419182131
0 0.00609787870398
0 0.00508156558665
0 0.00406525246932
0 0.00304893935199
0 0.00203262623466
0 0.00101631311733
0 0
310
1 2 3
2 3 3
3 4 3
4 5 3
5 6 3
6 7 3
7 8 3
8 9 3
9 10 3
10 11 3
11 12 3
12 13 3
13 14 3
14 15 3
15 16 3
16 17 3
17 18 3
18 19 3
19 20 3
20 21 3
21 22 3
22 23 3
23 24 3
24 25 3
25 26 3
26 27 3
27 28 3
28 29 3
30 31 1
31 32 1
32 33 1
33 34 1
34 35 1
35 36 1
36 37 1
37 38 1
38 39 1
39 40 1
40 41 1
41 42 1
42 43 1
43 44 1
44 45 1
45 46 1
47 48 2
49 50 2
50 51 2
51 52 2
52 53 2
53 54 2
54 55 2
55 56 2
56 57 2
57 58 2
58 59 2
59 60 2
61 62 2
62 63 2
64 65 2
65 66 2
66 67 2
67 68 2
68 69 2
69 70 2
71 72 2
73 74 2
74 75 2
75 76 2
76 77 2
77 78 2
78 79 2
80 81 2
81 82 2
83 84 2
84 85 2
85 86 2
86 87 2
87 88 2
88 89 2
89 90 2
90 91 2
91 92 2
93 94 2
95 96 2
96 97 2
97 98 2
98 99 2
99 100 2
100 101 2
101 102 2
102 103 2
103 104 2
105 106 2
106 107 2
108 109 2
109 110 2
110 111 2
111 112 2
112 113 2
113 114 2
114 115 2
115 116 2
117 118 2
119 120 2
120 121 2
121 122 2
122 123 2
123 124 2
124 125 2
125 126 2
126 127 2
128 129 2
129 130 2
131 132 2
132 133 2
133 134 2
134 135 2
135 136 2
136 137 2
137 138 2
138 139 2
139 140 2
140 141 2
141 142 2
142 143 2
143 144 2
144 145 2
145 146 2
146 147 2
147 148 2
148 149 2
149 150 2
151 152 2
153 154 2
154 155 2
155 156 2
156 157 2
157 158 2
158 159 2
159 160 2
160 161 2
161 162 2
162 163 2
163 164 2
164 165 2
165 166 2
166 167 2
167 168 2
168 169 2
169 170 2
170 171 2
171 172 2
173 174 2
174 175 2
176 177 2
177 178 2
178 179 2
179 180 2
180 181 2
181 182 2
182 183 2
183 184 2
184 185 2
185 186 2
186 187 2
187 188 2
189 190 2
191 192 2
192 193 2
193 194 2
194 195 2
195 196 2
196 197 2
197 198 2
198 199 2
199 200 2
200 201 2
201 202 2
202 203 2
204 205 2
205 206 2
207 208 2
208 209 2
209 210 2
210 211 2
211 212 2
212 213 2
213 214 2
214 215 2
215 216 2
216 217 2
217 218 2
218 219 2
219 220 2
220 221 2
221 222 2
222 223 2
224 225 2
226 227 2
227 228 2
228 229 2
229 230 2
230 231 2
231 232 2
232 233 2
233 234 2
234 235 2
235 236 2
236 237 2
237 238 2
238 239 2
239 240 2
240 241 2
241 242 2
243 244 2
244 245 2
246 247 2
247 248 2
248 249 2
249 250 2
250 251 2
252 253 2
254 255 2
255 256 2
256 257 2
257 258 2
258 259 2
260 261 2
261 262 2
263 264 2
264 265 2
265 266 2
266 267 2
267 268 2
268 269 2
269 270 2
270 271 2
271 272 2
272 273 2
273 274 2
274 275 2
275 276 2
276 277 2
277 278 2
278 279 2
279 280 2
281 282 2
283 284 2
284 285 2
285 286 2
286 287 2
287 288 2
288 289 2
289 290 2
290 291 2
291 292 2
292 293 2
293 294 2
294 295 2
295 296 2
296 297 2
297 298 2
298 299 2
299 300 2
301 302 2
302 303 2
304 305 2
305 306 2
306 307 2
307 308 2
308 309 2
309 310 2
310 311 2
311 312 2
312 313 2
313 314 2
314 315 2
315 316 2
316 317 2
317 318 2
318 319 2
319 320 2
320 321 2
321 322 2
322 323 2
324 325 2
326 327 1
327 328 1
328 329 1
329 330 1
330 331 1
331 332 1
332 333 1
333 334 1
334 335 1
335 336 1
336 337 1
337 338 1
338 339 1
339 340 1
340 341 1
341 342 1
342 343 1
343 344 1
344 345 1
345 346 1
346 347 1
347 348 1
348 349 1
349 350 1
30
0.014 0.0005
0.014 0.000637931034483
0.014 0.000775862068966
0.014 0.000913793103448
0.014 0.00105172413793
0.014 0.00118965517241
0.014 0.0013275862069
0.014 0.00146551724138
0.014 0.00160344827586
0.014 0.00174137931034
0.014 0.00187931034483
0.014 0.00201724137931
0.014 0.00215517241379
0.014 0.00229310344828
0.014 0.00243103448276
0.014 0.00256896551724
0.014 0.00270689655172
0.014 0.00284482758621
0.014 0.00298275862069
0.014 0.00312068965517
0.014 0.00325862068966
0.014 0.00339655172414
0.014 0.00353448275862
0.014 0.0036724137931
0.014 0.00381034482759
0.014 0.00394827586207
0.014 0.00408620689655
0.014 0.00422413793103
0.014 0.00436206896552
0.014 0.0045
