50
200
3
1 0
2 60
1 -23292
386
0 0
0.001 0
0.002 0
0.003 0
0.004 0
0.005 0
0.006 0
0.007 0
0.008 0
0.009 0
0.01 0
0.011 0
0.012 0
0.013 0
0.014 0
0.015 0
0.016 0
0.017 0
0.018 0
0.019 0
0.02 0
0.021 0
0.022 0
0.023 0
0.024 0
0.025 0
0.026 0
0.027 0
0.028 0
0.028 0
0.028 0.00102091801997
0.028 0.00204183603993
0.028 0.0030627540599
0.028 0.00408367207987
0.028 0.00510459009983
0.028 0.0061255081198
0.028 0.00714642613977
0.028 0.00816734415973
0.028 0.0091882621797
0.028 0.0102091801997
0.028 0.0112300982196
0.028 0.0122510162396
0.028 0.0132719342596
0.028 0.0142928522795
0.028 0.0153137702995
0.028 0.0163346883195
0.028 0.0173556063394
0.028 0.0183765243594
0.028 0.0193974423794
0.028 0.0193974423794
0.027 0.0193974423794
0.027 0.0193974423794
0.027 0.018369053638
0.027 0.0173406648966
0.027 0.0163122761552
0.027 0.0152838874138
0.027 0.0142554986724
0.027 0.0132271099311
0.027 0.0121987211897
0.027 0.0111703324483
0.027 0.0101419437069
0.027 0.00911355496553
0.027 0.00808516622415
0.027 0.00705677748277
0.027 0.00602838874138
0.027 0.005
0.027 0.005
0.026 0.005
0.025 0.005
0.025 0.005
0.025 0.00602118517978
0.025 0.00704237035955
0.025 0.00806355553933
0.025 0.0090847407191
0.025 0.0101059258989
0.025 0.0111271110787
0.025 0.0121482962584
0.025 0.0131694814382
0.025 0.014190666618
0.025 0.0152118517978
0.025 0.0162330369775
0.025 0.0172542221573
0.025 0.0182754073371
0.025 0.0192965925169
0.025 0.0203177776966
0.025 0.0213389628764
0.025 0.0223601480562
0.025 0.0223601480562
0.024 0.0223601480562
0.024 0.0223601480562
0.024 0.0213389628764
0.024 0.0203177776966
0.024 0.0192965925169
0.024 0.0182754073371
0.024 0.0172542221573
0.024 0.0162330369775
0.024 0.0152118517978
0.024 0.014190666618
0.024 0.0131694814382
0.024 0.0121482962584
0.024 0.0111271110787
0.024 0.0101059258989
0.024 0.0090847407191
0.024 0.00806355553933
0.024 0.00704237035955
0.024 0.00602118517978
0.024 0.005
0.024 0.005
0.023 0.005
0.022 0.005
0.022 0.005
0.022 0.00603923014773
0.022 0.00707846029545
0.022 0.00811769044318
0.022 0.00915692059091
0.022 0.0101961507386
0.022 0.0112353808864
0.022 0.0122746110341
0.022 0.0133138411818
0.022 0.0143530713295
0.022 0.0153923014773
0.022 0.016431531625
0.022 0.016431531625
0.021 0.016431531625
0.021 0.016431531625
0.021 0.0153923014773
0.021 0.0143530713295
0.021 0.0133138411818
0.021 0.0122746110341
0.021 0.0112353808864
0.021 0.0101961507386
0.021 0.00915692059091
0.021 0.00811769044318
0.021 0.00707846029545
0.021 0.00603923014773
0.021 0.005
0.021 0.005
0.02 0.005
0.019 0.005
0.019 0.005
0.019 0.00598265401363
0.019 0.00696530802727
0.019 0.0079479620409
0.019 0.00893061605454
0.019 0.00991327006817
0.019 0.0108959240818
0.019 0.0118785780954
0.019 0.0128612321091
0.019 0.0138438861227
0.019 0.0148265401363
0.019 0.01580919415
0.019 0.0167918481636
0.019 0.0177745021772
0.019 0.0187571561909
0.019 0.0197398102045
0.019 0.0207224642181
0.019 0.0217051182318
0.019 0.0226877722454
0.019 0.0226877722454
0.018 0.0226877722454
0.018 0.0226877722454
0.018 0.0217051182318
0.018 0.0207224642181
0.018 0.0197398102045
0.018 0.0187571561909
0.018 0.0177745021772
0.018 0.0167918481636
0.018 0.01580919415
0.018 0.0148265401363
0.018 0.0138438861227
0.018 0.0128612321091
0.018 0.0118785780954
0.018 0.0108959240818
0.018 0.00991327006817
0.018 0.00893061605454
0.018 0.0079479620409
0.018 0.00696530802727
0.018 0.00598265401363
0.018 0.005
0.018 0.005
0.017 0.005
0.016 0.005
0.016 0.005
0.016 0.00601368117977
0.016 0.00702736235953
0.016 0.0080410435393
0.016 0.00905472471906
0.016 0.0100684058988
0.016 0.0110820870786
0.016 0.0120957682584
0.016 0.0131094494381
0.016 0.0141231306179
0.016 0.0151368117977
0.016 0.0151368117977
0.015 0.0151368117977
0.015 0.0151368117977
0.015 0.0141231306179
0.015 0.0131094494381
0.015 0.0120957682584
0.015 0.0110820870786
0.015 0.0100684058988
0.015 0.00905472471906
0.015 0.0080410435393
0.015 0.00702736235953
0.015 0.00601368117977
0.015 0.005
0.015 0.005
0.014 0.005
0.013 0.005
0.013 0.005
0.013 0.00603082316976
0.013 0.00706164633952
0.013 0.00809246950928
0.013 0.00912329267903
0.013 0.0101541158488
0.013 0.0111849390186
0.013 0.0122157621883
0.013 0.0132465853581
0.013 0.0142774085278
0.013 0.0153082316976
0.013 0.0163390548673
0.013 0.0173698780371
0.013 0.0184007012069
0.013 0.0194315243766
0.013 0.0204623475464
0.013 0.0214931707161
0.013 0.0214931707161
0.012 0.0214931707161
0.012 0.0214931707161
0.012 0.0204623475464
0.012 0.0194315243766
0.012 0.0184007012069
0.012 0.0173698780371
0.012 0.0163390548673
0.012 0.0153082316976
0.012 0.0142774085278
0.012 0.0132465853581
0.012 0.0122157621883
0.012 0.0111849390186
0.012 0.0101541158488
0.012 0.00912329267903
0.012 0.00809246950928
0.012 0.00706164633952
0.012 0.00603082316976
0.012 0.005
0.012 0.005
0.011 0.005
0.01 0.005
0.01 0.005
0.01 0.00603013382945
0.01 0.00706026765891
0.01 0.00809040148836
0.01 0.00912053531781
0.01 0.0101506691473
0.01 0.0111808029767
0.01 0.0122109368062
0.01 0.0132410706356
0.01 0.0142712044651
0.01 0.0153013382945
0.01 0.016331472124
0.01 0.0173616059534
0.01 0.0183917397829
0.01 0.0194218736123
0.01 0.0204520074418
0.01 0.0204520074418
0.009 0.0204520074418
0.009 0.0204520074418
0.009 0.0194218736123
0.009 0.0183917397829
0.009 0.0173616059534
0.009 0.016331472124
0.009 0.0153013382945
0.009 0.0142712044651
0.009 0.0132410706356
0.009 0.0122109368062
0.009 0.0111808029767
0.009 0.0101506691473
0.009 0.00912053531781
0.009 0.00809040148836
0.009 0.00706026765891
0.009 0.00603013382945
0.009 0.005
0.009 0.005
0.008 0.005
0.007 0.005
0.007 0.005
0.007 0.00600261462121
0.007 0.00700522924242
0.007 0.00800784386364
0.007 0.00901045848485
0.007 0.0100130731061
0.007 0.0110156877273
0.007 0.0120183023485
0.007 0.0130209169697
0.007 0.0140235315909
0.007 0.0150261462121
0.007 0.0160287608333
0.007 0.0170313754545
0.007 0.0180339900758
0.007 0.019036604697
0.007 0.0200392193182
0.007 0.0210418339394
0.007 0.0220444485606
0.007 0.0220444485606
0.006 0.0220444485606
0.006 0.0220444485606
0.006 0.0210418339394
0.006 0.0200392193182
0.006 0.019036604697
0.006 0.0180339900758
0.006 0.0170313754545
0.006 0.0160287608333
0.006 0.0150261462121
0.006 0.0140235315909
0.006 0.0130209169697
0.006 0.0120183023485
0.006 0.0110156877273
0.006 0.0100130731061
0.006 0.00901045848485
0.006 0.00800784386364
0.006 0.00700522924242
0.006 0.00600261462121
0.006 0.005
0.006 0.005
0.005 0.005
0.004 0.005
0.004 0.005
0.004 0.00596712009395
0.004 0.00693424018789
0.004 0.00790136028184
0.004 0.00886848037578
0.004 0.00983560046973
0.004 0.0108027205637
0.004 0.0117698406576
0.004 0.0127369607516
0.004 0.0137040808455
0.004 0.0146712009395
0.004 0.0156383210334
0.004 0.0166054411273
0.004 0.0175725612213
0.004 0.0185396813152
0.004 0.0195068014092
0.004 0.0195068014092
0.003 0.0195068014092
0.003 0.0195068014092
0.003 0.0185396813152
0.003 0.0175725612213
0.003 0.0166054411273
0.003 0.0156383210334
0.003 0.0146712009395
0.003 0.0137040808455
0.003 0.0127369607516
0.003 0.0117698406576
0.003 0.0108027205637
0.003 0.00983560046973
0.003 0.00886848037578
0.003 0.00790136028184
0.003 0.00693424018789
0.003 0.00596712009395
0.003 0.005
0.003 0.005
0.002 0.005
0.001 0.005
0.001 0.005
0.001 0.00594789735147
0.001 0.00689579470294
0.001 0.00784369205441
0.001 0.00879158940588
0.001 0.00973948675735
0.001 0.0106873841088
0.001 0.0116352814603
0.001 0.0116352814603
0 0.0116352814603
0 0.0116352814603
0 0.0106656746719
0 0.00969606788357
0 0.00872646109521
0 0.00775685430686
0 0.0067872475185
0 0.00581764073014
0 0.00484803394179
0 0.00387842715343
0 0.00290882036507
0 0.00193921357671
0 0.000969606788357
0 1.73472347598e-18
346
1 2 3
2 3 3
3 4 3
4 5 3
5 6 3
6 7 3
7 8 3
8 9 3
9 10 3
10 11 3
11 12 3
12 13 3
13 14 3
14 15 3
15 16 3
16 17 3
17 18 3
18 19 3
19 20 3
20 21 3
21 22 3
22 23 3
23 24 3
24 25 3
25 26 3
26 27 3
27 28 3
28 29 3
30 31 1
31 32 1
32 33 1
33 34 1
34 35 1
35 36 1
36 37 1
37 38 1
38 39 1
39 40 1
40 41 1
41 42 1
42 43 1
43 44 1
44 45 1
45 46 1
46 47 1
47 48 1
48 49 1
50 51 2
52 53 2
53 54 2
54 55 2
55 56 2
56 57 2
57 58 2
58 59 2
59 60 2
60 61 2
61 62 2
62 63 2
63 64 2
64 65 2
65 66 2
67 68 2
68 69 2
70 71 2
71 72 2
72 73 2
73 74 2
74 75 2
75 76 2
76 77 2
77 78 2
78 79 2
79 80 2
80 81 2
81 82 2
82 83 2
83 84 2
84 85 2
85 86 2
86 87 2
88 89 2
90 91 2
91 92 2
92 93 2
93 94 2
94 95 2
95 96 2
96 97 2
97 98 2
98 99 2
99 100 2
100 101 2
101 102 2
102 103 2
103 104 2
104 105 2
105 106 2
106 107 2
108 109 2
109 110 2
111 112 2
112 113 2
113 114 2
114 115 2
115 116 2
116 117 2
117 118 2
118 119 2
119 120 2
120 121 2
121 122 2
123 124 2
125 126 2
126 127 2
127 128 2
128 129 2
129 130 2
130 131 2
131 132 2
132 133 2
133 134 2
134 135 2
135 136 2
137 138 2
138 139 2
140 141 2
141 142 2
142 143 2
143 144 2
144 145 2
145 146 2
146 147 2
147 148 2
148 149 2
149 150 2
150 151 2
151 152 2
152 153 2
153 154 2
154 155 2
155 156 2
156 157 2
157 158 2
159 160 2
161 162 2
162 163 2
163 164 2
164 165 2
165 166 2
166 167 2
167 168 2
168 169 2
169 170 2
170 171 2
171 172 2
172 173 2
173 174 2
174 175 2
175 176 2
176 177 2
177 178 2
178 179 2
180 181 2
181 182 2
183 184 2
184 185 2
185 186 2
186 187 2
187 188 2
188 189 2
189 190 2
190 191 2
191 192 2
192 193 2
194 195 2
196 197 2
197 198 2
198 199 2
199 200 2
200 201 2
201 202 2
202 203 2
203 204 2
204 205 2
205 206 2
207 208 2
208 209 2
210 211 2
211 212 2
212 213 2
213 214 2
214 215 2
215 216 2
216 217 2
217 218 2
218 219 2
219 220 2
220 221 2
221 222 2
222 223 2
223 224 2
224 225 2
225 226 2
227 228 2
229 230 2
230 231 2
231 232 2
232 233 2
233 234 2
234 235 2
235 236 2
236 237 2
237 238 2
238 239 2
239 240 2
240 241 2
241 242 2
242 243 2
243 244 2
244 245 2
246 247 2
247 248 2
249 250 2
250 251 2
251 252 2
252 253 2
253 254 2
254 255 2
255 256 2
256 257 2
257 258 2
258 259 2
259 260 2
260 261 2
261 262 2
262 263 2
263 264 2
265 266 2
267 268 2
268 269 2
269 270 2
270 271 2
271 272 2
272 273 2
273 274 2
274 275 2
275 276 2
276 277 2
277 278 2
278 279 2
279 280 2
280 281 2
281 282 2
283 284 2
284 285 2
286 287 2
287 288 2
288 289 2
289 290 2
290 291 2
291 292 2
292 293 2
293 294 2
294 295 2
295 296 2
296 297 2
297 298 2
298 299 2
299 300 2
300 301 2
301 302 2
302 303 2
304 305 2
306 307 2
307 308 2
308 309 2
309 310 2
310 311 2
311 312 2
312 313 2
313 314 2
314 315 2
315 316 2
316 317 2
317 318 2
318 319 2
319 320 2
320 321 2
321 322 2
322 323 2
324 325 2
325 326 2
327 328 2
328 329 2
329 330 2
330 331 2
331 332 2
332 333 2
333 334 2
334 335 2
335 336 2
336 337 2
337 338 2
338 339 2
339 340 2
340 341 2
341 342 2
343 344 2
345 346 2
346 347 2
347 348 2
348 349 2
349 350 2
350 351 2
351 352 2
352 353 2
353 354 2
354 355 2
355 356 2
356 357 2
357 358 2
358 359 2
359 360 2
361 362 2
362 363 2
364 365 2
365 366 2
366 367 2
367 368 2
368 369 2
369 370 2
370 371 2
372 373 2
374 375 1
375 376 1
376 377 1
377 378 1
378 379 1
379 380 1
380 381 1
381 382 1
382 383 1
383 384 1
384 385 1
385 386 1
30
0.014 0.0005
0.014 0.000637931034483
0.014 0.000775862068966
0.014 0.000913793103448
0.014 0.00105172413793
0.014 0.00118965517241
0.014 0.0013275862069
0.014 0.00146551724138
0.014 0.00160344827586
0.014 0.00174137931034
0.014 0.00187931034483
0.014 0.00201724137931
0.014 0.00215517241379
0.014 0.00229310344828
0.014 0.00243103448276
0.014 0.00256896551724
0.014 0.00270689655172
0.014 0.00284482758621
0.014 0.00298275862069
0.014 0.00312068965517
0.014 0.00325862068966
0.014 0.00339655172414
0.014 0.00353448275862
0.014 0.0036724137931
0.014 0.00381034482759
0.014 0.00394827586207
0.014 0.00408620689655
0.014 0.00422413793103
0.014 0.00436206896552
0.014 0.0045
