50
200
3
1 0
2 60
1 -23292
368
0 0
0.001 0
0.002 0
0.003 0
0.004 0
0.005 0
0.006 0
0.007 0
0.008 0
0.009 0
0.01 0
0.011 0
0.012 0
0.013 0
0.014 0
0.015 0
0.016 0
0.017 0
0.018 0
0.019 0
0.02 0
0.021 0
0.022 0
0.023 0
0.024 0
0.025 0
0.026 0
0.027 0
0.028 0
0.028 0
0.028 0.000977693983015
0.028 0.00195538796603
0.028 0.00293308194904
0.028 0.00391077593206
0.028 0.00488846991507
0.028 0.00586616389809
0.028 0.0068438578811
0.028 0.00782155186412
0.028 0.00879924584713
0.028 0.00977693983015
0.028 0.0107546338132
0.028 0.0117323277962
0.028 0.0127100217792
0.028 0.0136877157622
0.028 0.0146654097452
0.028 0.0156431037282
0.028 0.0166207977113
0.028 0.0175984916943
0.028 0.0185761856773
0.028 0.0195538796603
0.028 0.0205315736433
0.028 0.0215092676263
0.028 0.0215092676263
0.027 0.0215092676263
0.027 0.0215092676263
0.027 0.0205381342365
0.027 0.0195670008468
0.027 0.018595867457
0.027 0.0176247340672
0.027 0.0166536006774
0.027 0.0156824672876
0.027 0.0147113338978
0.027 0.0137402005081
0.027 0.0127690671183
0.027 0.0117979337285
0.027 0.0108268003387
0.027 0.00985566694892
0.027 0.00888453355914
0.027 0.00791340016935
0.027 0.00694226677957
0.027 0.00597113338978
0.027 0.005
0.027 0.005
0.026 0.005
0.025 0.005
0.025 0.005
0.025 0.00602567482056
0.025 0.00705134964111
0.025 0.00807702446167
0.025 0.00910269928222
0.025 0.0101283741028
0.025 0.0111540489233
0.025 0.0121797237439
0.025 0.0132053985644
0.025 0.0132053985644
0.024 0.0132053985644
0.024 0.0132053985644
0.024 0.0121797237439
0.024 0.0111540489233
0.024 0.0101283741028
0.024 0.00910269928222
0.024 0.00807702446167
0.024 0.00705134964111
0.024 0.00602567482056
0.024 0.005
0.024 0.005
0.023 0.005
0.022 0.005
0.022 0.005
0.022 0.006030302294
0.022 0.007060604588
0.022 0.00809090688201
0.022 0.00912120917601
0.022 0.01015151147
0.022 0.011181813764
0.022 0.012212116058
0.022 0.013242418352
0.022 0.014272720646
0.022 0.01530302294
0.022 0.01530302294
0.021 0.01530302294
0.021 0.01530302294
0.021 0.014272720646
0.021 0.013242418352
0.021 0.012212116058
0.021 0.011181813764
0.021 0.01015151147
0.021 0.00912120917601
0.021 0.00809090688201
0.021 0.007060604588
0.021 0.006030302294
0.021 0.005
0.021 0.005
0.02 0.005
0.019 0.005
0.019 0.005
0.019 0.00600679271392
0.019 0.00701358542785
0.019 0.00802037814177
0.019 0.00902717085569
0.019 0.0100339635696
0.019 0.0110407562835
0.019 0.0120475489975
0.019 0.0130543417114
0.019 0.0140611344253
0.019 0.0150679271392
0.019 0.0160747198531
0.019 0.0170815125671
0.019 0.018088305281
0.019 0.0190950979949
0.019 0.0201018907088
0.019 0.0211086834228
0.019 0.0221154761367
0.019 0.0221154761367
0.018 0.0221154761367
0.018 0.0221154761367
0.018 0.0211086834228
0.018 0.0201018907088
0.018 0.0190950979949
0.018 0.018088305281
0.018 0.0170815125671
0.018 0.0160747198531
0.018 0.0150679271392
0.018 0.0140611344253
0.018 0.0130543417114
0.018 0.0120475489975
0.018 0.0110407562835
0.018 0.0100339635696
0.018 0.00902717085569
0.018 0.00802037814177
0.018 0.00701358542785
0.018 0.00600679271392
0.018 0.005
0.018 0.005
0.017 0.005
0.016 0.005
0.016 0.005
0.016 0.00603782363091
0.016 0.00707564726183
0.016 0.00811347089274
0.016 0.00915129452365
0.016 0.0101891181546
0.016 0.0112269417855
0.016 0.0122647654164
0.016 0.0133025890473
0.016 0.0143404126782
0.016 0.0153782363091
0.016 0.01641605994
0.016 0.01641605994
0.015 0.01641605994
0.015 0.01641605994
0.015 0.0153782363091
0.015 0.0143404126782
0.015 0.0133025890473
0.015 0.0122647654164
0.015 0.0112269417855
0.015 0.0101891181546
0.015 0.00915129452365
0.015 0.00811347089274
0.015 0.00707564726183
0.015 0.00603782363091
0.015 0.005
0.015 0.005
0.014 0.005
0.013 0.005
0.013 0.005
0.013 0.00597688172404
0.013 0.00695376344808
0.013 0.00793064517212
0.013 0.00890752689616
0.013 0.00988440862019
0.013 0.0108612903442
0.013 0.0118381720683
0.013 0.0128150537923
0.013 0.0137919355164
0.013 0.0147688172404
0.013 0.0157456989644
0.013 0.0167225806885
0.013 0.0176994624125
0.013 0.0186763441365
0.013 0.0196532258606
0.013 0.0206301075846
0.013 0.0216069893087
0.013 0.0216069893087
0.012 0.0216069893087
0.012 0.0216069893087
0.012 0.0206301075846
0.012 0.0196532258606
0.012 0.0186763441365
0.012 0.0176994624125
0.012 0.0167225806885
0.012 0.0157456989644
0.012 0.0147688172404
0.012 0.0137919355164
0.012 0.0128150537923
0.012 0.0118381720683
0.012 0.0108612903442
0.012 0.00988440862019
0.012 0.00890752689616
0.012 0.00793064517212
0.012 0.00695376344808
0.012 0.00597688172404
0.012 0.005
0.012 0.005
0.011 0.005
0.01 0.005
0.01 0.005
0.01 0.0060382267992
0.01 0.0070764535984
0.01 0.0081146803976
0.01 0.0091529071968
0.01 0.010191133996
0.01 0.0112293607952
0.01 0.0122675875944
0.01 0.0133058143936
0.01 0.0143440411928
0.01 0.0143440411928
0.009 0.0143440411928
0.009 0.0143440411928
0.009 0.0133058143936
0.009 0.0122675875944
0.009 0.0112293607952
0.009 0.010191133996
0.009 0.0091529071968
0.009 0.0081146803976
0.009 0.0070764535984
0.009 0.0060382267992
0.009 0.005
0.009 0.005
0.008 0.005
0.007 0.005
0.007 0.005
0.007 0.00601311325969
0.007 0.00702622651937
0.007 0.00803933977906
0.007 0.00905245303874
0.007 0.0100655662984
0.007 0.0110786795581
0.007 0.0120917928178
0.007 0.0131049060775
0.007 0.0141180193372
0.007 0.0151311325969
0.007 0.0161442458565
0.007 0.0171573591162
0.007 0.0181704723759
0.007 0.0191835856356
0.007 0.0201966988953
0.007 0.021209812155
0.007 0.021209812155
0.006 0.021209812155
0.006 0.021209812155
0.006 0.0201966988953
0.006 0.0191835856356
0.006 0.0181704723759
0.006 0.0171573591162
0.006 0.0161442458565
0.006 0.0151311325969
0.006 0.0141180193372
0.006 0.0131049060775
0.006 0.0120917928178
0.006 0.0110786795581
0.006 0.0100655662984
0.006 0.00905245303874
0.006 0.00803933977906
0.006 0.00702622651937
0.006 0.00601311325969
0.006 0.005
0.006 0.005
0.005 0.005
0.004 0.005
0.004 0.005
0.004 0.00599069528627
0.004 0.00698139057253
0.004 0.0079720858588
0.004 0.00896278114507
0.004 0.00995347643133
0.004 0.0109441717176
0.004 0.0119348670039
0.004 0.0129255622901
0.004 0.0129255622901
0.003 0.0129255622901
0.003 0.0129255622901
0.003 0.0119348670039
0.003 0.0109441717176
0.003 0.00995347643133
0.003 0.00896278114507
0.003 0.0079720858588
0.003 0.00698139057253
0.003 0.00599069528627
0.003 0.005
0.003 0.005
0.002 0.005
0.001 0.005
0.001 0.005
0.001 0.00599096808382
0.001 0.00698193616765
0.001 0.00797290425147
0.001 0.00896387233529
0.001 0.00995484041911
0.001 0.0109458085029
0.001 0.0119367765868
0.001 0.0129277446706
0.001 0.0139187127544
0.001 0.0149096808382
0.001 0.015900648922
0.001 0.0168916170059
0.001 0.0178825850897
0.001 0.0188735531735
0.001 0.0198645212573
0.001 0.0208554893412
0.001 0.021846457425
0.001 0.0228374255088
0.001 0.0228374255088
0 0.0228374255088
0 0.0228374255088
0 0.0218444939649
0 0.0208515624211
0 0.0198586308772
0 0.0188656993334
0 0.0178727677895
0 0.0168798362456
0 0.0158869047018
0 0.0148939731579
0 0.0139010416141
0 0.0129081100702
0 0.0119151785263
0 0.0109222469825
0 0.00992931543861
0 0.00893638389475
0 0.00794345235089
0 0.00695052080703
0 0.00595758926317
0 0.00496465771931
0 0.00397172617545
0 0.00297879463158
0 0.00198586308772
0 0.000992931543861
0 0
328
1 2 3
2 3 3
3 4 3
4 5 3
5 6 3
6 7 3
7 8 3
8 9 3
9 10 3
10 11 3
11 12 3
12 13 3
13 14 3
14 15 3
15 16 3
16 17 3
17 18 3
18 19 3
19 20 3
20 21 3
21 22 3
22 23 3
23 24 3
24 25 3
25 26 3
26 27 3
27 28 3
28 29 3
30 31 1
31 32 1
32 33 1
33 34 1
34 35 1
35 36 1
36 37 1
37 38 1
38 39 1
39 40 1
40 41 1
41 42 1
42 43 1
43 44 1
44 45 1
45 46 1
46 47 1
47 48 1
48 49 1
49 50 1
50 51 1
51 52 1
53 54 2
55 56 2
56 57 2
57 58 2
58 59 2
59 60 2
60 61 2
61 62 2
62 63 2
63 64 2
64 65 2
65 66 2
66 67 2
67 68 2
68 69 2
69 70 2
70 71 2
71 72 2
73 74 2
74 75 2
76 77 2
77 78 2
78 79 2
79 80 2
80 81 2
81 82 2
82 83 2
83 84 2
85 86 2
87 88 2
88 89 2
89 90 2
90 91 2
91 92 2
92 93 2
93 94 2
94 95 2
96 97 2
97 98 2
99 100 2
100 101 2
101 102 2
102 103 2
103 104 2
104 105 2
105 106 2
106 107 2
107 108 2
108 109 2
110 111 2
112 113 2
113 114 2
114 115 2
115 116 2
116 117 2
117 118 2
118 119 2
119 120 2
120 121 2
121 122 2
123 124 2
124 125 2
126 127 2
127 128 2
128 129 2
129 130 2
130 131 2
131 132 2
132 133 2
133 134 2
134 135 2
135 136 2
136 137 2
137 138 2
138 139 2
139 140 2
140 141 2
141 142 2
142 143 2
144 145 2
146 147 2
147 148 2
148 149 2
149 150 2
150 151 2
151 152 2
152 153 2
153 154 2
154 155 2
155 156 2
156 157 2
157 158 2
158 159 2
159 160 2
160 161 2
161 162 2
162 163 2
164 165 2
165 166 2
167 168 2
168 169 2
169 170 2
170 171 2
171 172 2
172 173 2
173 174 2
174 175 2
175 176 2
176 177 2
177 178 2
179 180 2
181 182 2
182 183 2
183 184 2
184 185 2
185 186 2
186 187 2
187 188 2
188 189 2
189 190 2
190 191 2
191 192 2
193 194 2
194 195 2
196 197 2
197 198 2
198 199 2
199 200 2
200 201 2
201 202 2
202 203 2
203 204 2
204 205 2
205 206 2
206 207 2
207 208 2
208 209 2
209 210 2
210 211 2
211 212 2
212 213 2
214 215 2
216 217 2
217 218 2
218 219 2
219 220 2
220 221 2
221 222 2
222 223 2
223 224 2
224 225 2
225 226 2
226 227 2
227 228 2
228 229 2
229 230 2
230 231 2
231 232 2
232 233 2
234 235 2
235 236 2
237 238 2
238 239 2
239 240 2
240 241 2
241 242 2
242 243 2
243 244 2
244 245 2
245 246 2
247 248 2
249 250 2
250 251 2
251 252 2
252 253 2
253 254 2
254 255 2
255 256 2
256 257 2
257 258 2
259 260 2
260 261 2
262 263 2
263 264 2
264 265 2
265 266 2
266 267 2
267 268 2
268 269 2
269 270 2
270 271 2
271 272 2
272 273 2
273 274 2
274 275 2
275 276 2
276 277 2
277 278 2
279 280 2
281 282 2
282 283 2
283 284 2
284 285 2
285 286 2
286 287 2
287 288 2
288 289 2
289 290 2
290 291 2
291 292 2
292 293 2
293 294 2
294 295 2
295 296 2
296 297 2
298 299 2
299 300 2
301 302 2
302 303 2
303 304 2
304 305 2
305 306 2
306 307 2
307 308 2
308 309 2
310 311 2
312 313 2
313 314 2
314 315 2
315 316 2
316 317 2
317 318 2
318 319 2
319 320 2
321 322 2
322 323 2
324 325 2
325 326 2
326 327 2
327 328 2
328 329 2
329 330 2
330 331 2
331 332 2
332 333 2
333 334 2
334 335 2
335 336 2
336 337 2
337 338 2
338 339 2
339 340 2
340 341 2
341 342 2
343 344 2
345 346 1
346 347 1
347 348 1
348 349 1
349 350 1
350 351 1
351 352 1
352 353 1
353 354 1
354 355 1
355 356 1
356 357 1
357 358 1
358 359 1
359 360 1
360 361 1
361 362 1
362 363 1
363 364 1
364 365 1
365 366 1
366 367 1
367 368 1
30
0.014 0.0005
0.014 0.000637931034483
0.014 0.000775862068966
0.014 0.000913793103448
0.014 0.00105172413793
0.014 0.00118965517241
0.014 0.0013275862069
0.014 0.00146551724138
0.014 0.00160344827586
0.014 0.00174137931034
0.014 0.00187931034483
0.014 0.00201724137931
0.014 0.00215517241379
0.014 0.00229310344828
0.014 0.00243103448276
0.014 0.00256896551724
0.014 0.00270689655172
0.014 0.00284482758621
0.014 0.00298275862069
0.014 0.00312068965517
0.014 0.00325862068966
0.014 0.00339655172414
0.014 0.00353448275862
0.014 0.0036724137931
0.014 0.00381034482759
0.014 0.00394827586207
0.014 0.00408620689655
0.014 0.00422413793103
0.014 0.00436206896552
0.014 0.0045
