50
50
3
1 0
2 60
1 -23292
348
0 0
0.001 0
0.002 0
0.003 0
0.004 0
0.005 0
0.006 0
0.007 0
0.008 0
0.009 0
0.01 0
0.011 0
0.012 0
0.013 0
0.014 0
0.015 0
0.016 0
0.017 0
0.018 0
0.019 0
0.02 0
0.021 0
0.022 0
0.023 0
0.024 0
0.025 0
0.026 0
0.027 0
0.028 0
0.028 0
0.028 0.000990853195659
0.028 0.00198170639132
0.028 0.00297255958698
0.028 0.00396341278264
0.028 0.0049542659783
0.028 0.00594511917395
0.028 0.00693597236961
0.028 0.00792682556527
0.028 0.00891767876093
0.028 0.00990853195659
0.028 0.0108993851523
0.028 0.0118902383479
0.028 0.0128810915436
0.028 0.0138719447392
0.028 0.0138719447392
0.027 0.0138719447392
0.027 0.0138719447392
0.027 0.0128861731015
0.027 0.0119004014638
0.027 0.0109146298262
0.027 0.00992885818846
0.027 0.00894308655077
0.027 0.00795731491308
0.027 0.00697154327538
0.027 0.00598577163769
0.027 0.005
0.027 0.005
0.026 0.005
0.025 0.005
0.025 0.005
0.025 0.00602725219105
0.025 0.0070545043821
0.025 0.00808175657314
0.025 0.00910900876419
0.025 0.0101362609552
0.025 0.0111635131463
0.025 0.0121907653373
0.025 0.0132180175284
0.025 0.0142452697194
0.025 0.0152725219105
0.025 0.0162997741015
0.025 0.0173270262926
0.025 0.0183542784836
0.025 0.0193815306747
0.025 0.0193815306747
0.024 0.0193815306747
0.024 0.0193815306747
0.024 0.0183542784836
0.024 0.0173270262926
0.024 0.0162997741015
0.024 0.0152725219105
0.024 0.0142452697194
0.024 0.0132180175284
0.024 0.0121907653373
0.024 0.0111635131463
0.024 0.0101362609552
0.024 0.00910900876419
0.024 0.00808175657314
0.024 0.0070545043821
0.024 0.00602725219105
0.024 0.005
0.024 0.005
0.023 0.005
0.022 0.005
0.022 0.005
0.022 0.0059951733283
0.022 0.0069903466566
0.022 0.0079855199849
0.022 0.00898069331319
0.022 0.00997586664149
0.022 0.0109710399698
0.022 0.0119662132981
0.022 0.0129613866264
0.022 0.0139565599547
0.022 0.014951733283
0.022 0.014951733283
0.021 0.014951733283
0.021 0.014951733283
0.021 0.0139565599547
0.021 0.0129613866264
0.021 0.0119662132981
0.021 0.0109710399698
0.021 0.00997586664149
0.021 0.00898069331319
0.021 0.0079855199849
0.021 0.0069903466566
0.021 0.0059951733283
0.021 0.005
0.021 0.005
0.02 0.005
0.019 0.005
0.019 0.005
0.019 0.00598180753025
0.019 0.0069636150605
0.019 0.00794542259075
0.019 0.008927230121
0.019 0.00990903765125
0.019 0.0108908451815
0.019 0.0118726527118
0.019 0.012854460242
0.019 0.0138362677723
0.019 0.0148180753025
0.019 0.0157998828328
0.019 0.016781690363
0.019 0.0177634978933
0.019 0.0187453054235
0.019 0.0197271129538
0.019 0.020708920484
0.019 0.020708920484
0.018 0.020708920484
0.018 0.020708920484
0.018 0.0197271129538
0.018 0.0187453054235
0.018 0.0177634978933
0.018 0.016781690363
0.018 0.0157998828328
0.018 0.0148180753025
0.018 0.0138362677723
0.018 0.012854460242
0.018 0.0118726527118
0.018 0.0108908451815
0.018 0.00990903765125
0.018 0.008927230121
0.018 0.00794542259075
0.018 0.0069636150605
0.018 0.00598180753025
0.018 0.005
0.018 0.005
0.017 0.005
0.016 0.005
0.016 0.005
0.016 0.00599976034116
0.016 0.00699952068233
0.016 0.00799928102349
0.016 0.00899904136466
0.016 0.00999880170582
0.016 0.010998562047
0.016 0.010998562047
0.015 0.010998562047
0.015 0.010998562047
0.015 0.00999880170582
0.015 0.00899904136466
0.015 0.00799928102349
0.015 0.00699952068233
0.015 0.00599976034116
0.015 0.005
0.015 0.005
0.014 0.005
0.013 0.005
0.013 0.005
0.013 0.00599000808373
0.013 0.00698001616745
0.013 0.00797002425118
0.013 0.0089600323349
0.013 0.00995004041863
0.013 0.0109400485024
0.013 0.0119300565861
0.013 0.0129200646698
0.013 0.0139100727535
0.013 0.0149000808373
0.013 0.015890088921
0.013 0.0168800970047
0.013 0.0178701050884
0.013 0.0188601131722
0.013 0.0198501212559
0.013 0.0208401293396
0.013 0.0218301374233
0.013 0.0228201455071
0.013 0.0238101535908
0.013 0.0248001616745
0.013 0.0248001616745
0.012 0.0248001616745
0.012 0.0248001616745
0.012 0.0238101535908
0.012 0.0228201455071
0.012 0.0218301374233
0.012 0.0208401293396
0.012 0.0198501212559
0.012 0.0188601131722
0.012 0.0178701050884
0.012 0.0168800970047
0.012 0.015890088921
0.012 0.0149000808373
0.012 0.0139100727535
0.012 0.0129200646698
0.012 0.0119300565861
0.012 0.0109400485024
0.012 0.00995004041863
0.012 0.0089600323349
0.012 0.00797002425118
0.012 0.00698001616745
0.012 0.00599000808373
0.012 0.005
0.012 0.005
0.011 0.005
0.01 0.005
0.01 0.005
0.01 0.00598245691297
0.01 0.00696491382594
0.01 0.00794737073891
0.01 0.00892982765188
0.01 0.00991228456485
0.01 0.0108947414778
0.01 0.0118771983908
0.01 0.0128596553038
0.01 0.0138421122167
0.01 0.0148245691297
0.01 0.0158070260427
0.01 0.0167894829556
0.01 0.0177719398686
0.01 0.0187543967816
0.01 0.0197368536946
0.01 0.0207193106075
0.01 0.0217017675205
0.01 0.0226842244335
0.01 0.0226842244335
0.009 0.0226842244335
0.009 0.0226842244335
0.009 0.0217017675205
0.009 0.0207193106075
0.009 0.0197368536946
0.009 0.0187543967816
0.009 0.0177719398686
0.009 0.0167894829556
0.009 0.0158070260427
0.009 0.0148245691297
0.009 0.0138421122167
0.009 0.0128596553038
0.009 0.0118771983908
0.009 0.0108947414778
0.009 0.00991228456485
0.009 0.00892982765188
0.009 0.00794737073891
0.009 0.00696491382594
0.009 0.00598245691297
0.009 0.005
0.009 0.005
0.008 0.005
0.007 0.005
0.007 0.005
0.007 0.00596907466232
0.007 0.00693814932465
0.007 0.00790722398697
0.007 0.00887629864929
0.007 0.00984537331161
0.007 0.0108144479739
0.007 0.0117835226363
0.007 0.0127525972986
0.007 0.0137216719609
0.007 0.0137216719609
0.006 0.0137216719609
0.006 0.0137216719609
0.006 0.0127525972986
0.006 0.0117835226363
0.006 0.0108144479739
0.006 0.00984537331161
0.006 0.00887629864929
0.006 0.00790722398697
0.006 0.00693814932465
0.006 0.00596907466232
0.006 0.005
0.006 0.005
0.005 0.005
0.004 0.005
0.004 0.005
0.004 0.00603657456743
0.004 0.00707314913486
0.004 0.00810972370229
0.004 0.00914629826972
0.004 0.0101828728371
0.004 0.0112194474046
0.004 0.012256021972
0.004 0.0132925965394
0.004 0.0143291711069
0.004 0.0153657456743
0.004 0.0164023202417
0.004 0.0164023202417
0.003 0.0164023202417
0.003 0.0164023202417
0.003 0.0153657456743
0.003 0.0143291711069
0.003 0.0132925965394
0.003 0.012256021972
0.003 0.0112194474046
0.003 0.0101828728371
0.003 0.00914629826972
0.003 0.00810972370229
0.003 0.00707314913486
0.003 0.00603657456743
0.003 0.005
0.003 0.005
0.002 0.005
0.001 0.005
0.001 0.005
0.001 0.00605899300413
0.001 0.00711798600825
0.001 0.00817697901238
0.001 0.00923597201651
0.001 0.0102949650206
0.001 0.0113539580248
0.001 0.0124129510289
0.001 0.013471944033
0.001 0.013471944033
0 0.013471944033
0 0.013471944033
0 0.0124356406459
0 0.0113993372587
0 0.0103630338715
0 0.00932673048439
0 0.00829042709724
0 0.00725412371008
0 0.00621782032293
0 0.00518151693577
0 0.00414521354862
0 0.00310891016146
0 0.00207260677431
0 0.00103630338715
0 0
308
1 2 3
2 3 3
3 4 3
4 5 3
5 6 3
6 7 3
7 8 3
8 9 3
9 10 3
10 11 3
11 12 3
12 13 3
13 14 3
14 15 3
15 16 3
16 17 3
17 18 3
18 19 3
19 20 3
20 21 3
21 22 3
22 23 3
23 24 3
24 25 3
25 26 3
26 27 3
27 28 3
28 29 3
30 31 1
31 32 1
32 33 1
33 34 1
34 35 1
35 36 1
36 37 1
37 38 1
38 39 1
39 40 1
40 41 1
41 42 1
42 43 1
43 44 1
45 46 2
47 48 2
48 49 2
49 50 2
50 51 2
51 52 2
52 53 2
53 54 2
54 55 2
55 56 2
57 58 2
58 59 2
60 61 2
61 62 2
62 63 2
63 64 2
64 65 2
65 66 2
66 67 2
67 68 2
68 69 2
69 70 2
70 71 2
71 72 2
72 73 2
73 74 2
75 76 2
77 78 2
78 79 2
79 80 2
80 81 2
81 82 2
82 83 2
83 84 2
84 85 2
85 86 2
86 87 2
87 88 2
88 89 2
89 90 2
90 91 2
92 93 2
93 94 2
95 96 2
96 97 2
97 98 2
98 99 2
99 100 2
100 101 2
101 102 2
102 103 2
103 104 2
104 105 2
106 107 2
108 109 2
109 110 2
110 111 2
111 112 2
112 113 2
113 114 2
114 115 2
115 116 2
116 117 2
117 118 2
119 120 2
120 121 2
122 123 2
123 124 2
124 125 2
125 126 2
126 127 2
127 128 2
128 129 2
129 130 2
130 131 2
131 132 2
132 133 2
133 134 2
134 135 2
135 136 2
136 137 2
137 138 2
139 140 2
141 142 2
142 143 2
143 144 2
144 145 2
145 146 2
146 147 2
147 148 2
148 149 2
149 150 2
150 151 2
151 152 2
152 153 2
153 154 2
154 155 2
155 156 2
156 157 2
158 159 2
159 160 2
161 162 2
162 163 2
163 164 2
164 165 2
165 166 2
166 167 2
168 169 2
170 171 2
171 172 2
172 173 2
173 174 2
174 175 2
175 176 2
177 178 2
178 179 2
180 181 2
181 182 2
182 183 2
183 184 2
184 185 2
185 186 2
186 187 2
187 188 2
188 189 2
189 190 2
190 191 2
191 192 2
192 193 2
193 194 2
194 195 2
195 196 2
196 197 2
197 198 2
198 199 2
199 200 2
201 202 2
203 204 2
204 205 2
205 206 2
206 207 2
207 208 2
208 209 2
209 210 2
210 211 2
211 212 2
212 213 2
213 214 2
214 215 2
215 216 2
216 217 2
217 218 2
218 219 2
219 220 2
220 221 2
221 222 2
222 223 2
224 225 2
225 226 2
227 228 2
228 229 2
229 230 2
230 231 2
231 232 2
232 233 2
233 234 2
234 235 2
235 236 2
236 237 2
237 238 2
238 239 2
239 240 2
240 241 2
241 242 2
242 243 2
243 244 2
244 245 2
246 247 2
248 249 2
249 250 2
250 251 2
251 252 2
252 253 2
253 254 2
254 255 2
255 256 2
256 257 2
257 258 2
258 259 2
259 260 2
260 261 2
261 262 2
262 263 2
263 264 2
264 265 2
265 266 2
267 268 2
268 269 2
270 271 2
271 272 2
272 273 2
273 274 2
274 275 2
275 276 2
276 277 2
277 278 2
278 279 2
280 281 2
282 283 2
283 284 2
284 285 2
285 286 2
286 287 2
287 288 2
288 289 2
289 290 2
290 291 2
292 293 2
293 294 2
295 296 2
296 297 2
297 298 2
298 299 2
299 300 2
300 301 2
301 302 2
302 303 2
303 304 2
304 305 2
305 306 2
307 308 2
309 310 2
310 311 2
311 312 2
312 313 2
313 314 2
314 315 2
315 316 2
316 317 2
317 318 2
318 319 2
319 320 2
321 322 2
322 323 2
324 325 2
325 326 2
326 327 2
327 328 2
328 329 2
329 330 2
330 331 2
331 332 2
333 334 2
335 336 1
336 337 1
337 338 1
338 339 1
339 340 1
340 341 1
341 342 1
342 343 1
343 344 1
344 345 1
345 346 1
346 347 1
347 348 1
30
0.014 0.0005
0.014 0.000637931034483
0.014 0.000775862068966
0.014 0.000913793103448
0.014 0.00105172413793
0.014 0.00118965517241
0.014 0.0013275862069
0.014 0.00146551724138
0.014 0.00160344827586
0.014 0.00174137931034
0.014 0.00187931034483
0.014 0.00201724137931
0.014 0.00215517241379
0.014 0.00229310344828
0.014 0.00243103448276
0.014 0.00256896551724
0.014 0.00270689655172
0.014 0.00284482758621
0.014 0.00298275862069
0.014 0.00312068965517
0.014 0.00325862068966
0.014 0.00339655172414
0.014 0.00353448275862
0.014 0.0036724137931
0.014 0.00381034482759
0.014 0.00394827586207
0.014 0.00408620689655
0.014 0.00422413793103
0.014 0.00436206896552
0.014 0.0045
