50
200
3
1 0
2 60
1 -23292
352
0 0
0.001 0
0.002 0
0.003 0
0.004 0
0.005 0
0.006 0
0.007 0
0.008 0
0.009 0
0.01 0
0.011 0
0.012 0
0.013 0
0.014 0
0.015 0
0.016 0
0.017 0
0.018 0
0.019 0
0.02 0
0.021 0
0.022 0
0.023 0
0.024 0
0.025 0
0.026 0
0.027 0
0.028 0
0.028 0
0.028 0.00100393928666
0.028 0.00200787857333
0.028 0.00301181785999
0.028 0.00401575714666
0.028 0.00501969643332
0.028 0.00602363571999
0.028 0.00702757500665
0.028 0.00803151429331
0.028 0.00903545357998
0.028 0.0100393928666
0.028 0.0110433321533
0.028 0.01204727144
0.028 0.0130512107266
0.028 0.0140551500133
0.028 0.0150590893
0.028 0.0160630285866
0.028 0.0160630285866
0.027 0.0160630285866
0.027 0.0160630285866
0.027 0.0150572987151
0.027 0.0140515688436
0.027 0.0130458389721
0.027 0.0120401091006
0.027 0.0110343792291
0.027 0.0100286493576
0.027 0.00902291948605
0.027 0.00801718961453
0.027 0.00701145974302
0.027 0.00600572987151
0.027 0.005
0.027 0.005
0.026 0.005
0.025 0.005
0.025 0.005
0.025 0.00604252057522
0.025 0.00708504115044
0.025 0.00812756172566
0.025 0.00917008230087
0.025 0.0102126028761
0.025 0.0112551234513
0.025 0.0122976440265
0.025 0.0133401646017
0.025 0.014382685177
0.025 0.0154252057522
0.025 0.0164677263274
0.025 0.0164677263274
0.024 0.0164677263274
0.024 0.0164677263274
0.024 0.0154252057522
0.024 0.014382685177
0.024 0.0133401646017
0.024 0.0122976440265
0.024 0.0112551234513
0.024 0.0102126028761
0.024 0.00917008230087
0.024 0.00812756172566
0.024 0.00708504115044
0.024 0.00604252057522
0.024 0.005
0.024 0.005
0.023 0.005
0.022 0.005
0.022 0.005
0.022 0.00600487898479
0.022 0.00700975796957
0.022 0.00801463695436
0.022 0.00901951593915
0.022 0.0100243949239
0.022 0.0110292739087
0.022 0.0120341528935
0.022 0.0130390318783
0.022 0.0130390318783
0.021 0.0130390318783
0.021 0.0130390318783
0.021 0.0120341528935
0.021 0.0110292739087
0.021 0.0100243949239
0.021 0.00901951593915
0.021 0.00801463695436
0.021 0.00700975796957
0.021 0.00600487898479
0.021 0.005
0.021 0.005
0.02 0.005
0.019 0.005
0.019 0.005
0.019 0.00605678639359
0.019 0.00711357278719
0.019 0.00817035918078
0.019 0.00922714557438
0.019 0.010283931968
0.019 0.0113407183616
0.019 0.0123975047552
0.019 0.0123975047552
0.018 0.0123975047552
0.018 0.0123975047552
0.018 0.0113407183616
0.018 0.010283931968
0.018 0.00922714557438
0.018 0.00817035918078
0.018 0.00711357278719
0.018 0.00605678639359
0.018 0.005
0.018 0.005
0.017 0.005
0.016 0.005
0.016 0.005
0.016 0.00598203266285
0.016 0.0069640653257
0.016 0.00794609798855
0.016 0.0089281306514
0.016 0.00991016331425
0.016 0.0108921959771
0.016 0.01187422864
0.016 0.0128562613028
0.016 0.0138382939657
0.016 0.0148203266285
0.016 0.0158023592914
0.016 0.0167843919542
0.016 0.0177664246171
0.016 0.0187484572799
0.016 0.0197304899428
0.016 0.0207125226056
0.016 0.0216945552685
0.016 0.0226765879313
0.016 0.0236586205942
0.016 0.024640653257
0.016 0.024640653257
0.015 0.024640653257
0.015 0.024640653257
0.015 0.0236586205942
0.015 0.0226765879313
0.015 0.0216945552685
0.015 0.0207125226056
0.015 0.0197304899428
0.015 0.0187484572799
0.015 0.0177664246171
0.015 0.0167843919542
0.015 0.0158023592914
0.015 0.0148203266285
0.015 0.0138382939657
0.015 0.0128562613028
0.015 0.01187422864
0.015 0.0108921959771
0.015 0.00991016331425
0.015 0.0089281306514
0.015 0.00794609798855
0.015 0.0069640653257
0.015 0.00598203266285
0.015 0.005
0.015 0.005
0.014 0.005
0.013 0.005
0.013 0.005
0.013 0.00598473593661
0.013 0.00696947187321
0.013 0.00795420780982
0.013 0.00893894374642
0.013 0.00992367968303
0.013 0.0109084156196
0.013 0.0118931515562
0.013 0.0118931515562
0.012 0.0118931515562
0.012 0.0118931515562
0.012 0.0109084156196
0.012 0.00992367968303
0.012 0.00893894374642
0.012 0.00795420780982
0.012 0.00696947187321
0.012 0.00598473593661
0.012 0.005
0.012 0.005
0.011 0.005
0.01 0.005
0.01 0.005
0.01 0.00601420580162
0.01 0.00702841160325
0.01 0.00804261740487
0.01 0.00905682320649
0.01 0.0100710290081
0.01 0.0110852348097
0.01 0.0120994406114
0.01 0.013113646413
0.01 0.0141278522146
0.01 0.0151420580162
0.01 0.0161562638179
0.01 0.0171704696195
0.01 0.0171704696195
0.009 0.0171704696195
0.009 0.0171704696195
0.009 0.0161562638179
0.009 0.0151420580162
0.009 0.0141278522146
0.009 0.013113646413
0.009 0.0120994406114
0.009 0.0110852348097
0.009 0.0100710290081
0.009 0.00905682320649
0.009 0.00804261740487
0.009 0.00702841160325
0.009 0.00601420580162
0.009 0.005
0.009 0.005
0.008 0.005
0.007 0.005
0.007 0.005
0.007 0.00597442356656
0.007 0.00694884713313
0.007 0.00792327069969
0.007 0.00889769426626
0.007 0.00987211783282
0.007 0.0108465413994
0.007 0.011820964966
0.007 0.0127953885325
0.007 0.0137698120991
0.007 0.0147442356656
0.007 0.0157186592322
0.007 0.0166930827988
0.007 0.0176675063653
0.007 0.0186419299319
0.007 0.0196163534985
0.007 0.020590777065
0.007 0.020590777065
0.006 0.020590777065
0.006 0.020590777065
0.006 0.0196163534985
0.006 0.0186419299319
0.006 0.0176675063653
0.006 0.0166930827988
0.006 0.0157186592322
0.006 0.0147442356656
0.006 0.0137698120991
0.006 0.0127953885325
0.006 0.011820964966
0.006 0.0108465413994
0.006 0.00987211783282
0.006 0.00889769426626
0.006 0.00792327069969
0.006 0.00694884713313
0.006 0.00597442356656
0.006 0.005
0.006 0.005
0.005 0.005
0.004 0.005
0.004 0.005
0.004 0.00599220227509
0.004 0.00698440455019
0.004 0.00797660682528
0.004 0.00896880910038
0.004 0.00996101137547
0.004 0.0109532136506
0.004 0.0119454159257
0.004 0.0129376182008
0.004 0.0139298204758
0.004 0.0149220227509
0.004 0.015914225026
0.004 0.0169064273011
0.004 0.0178986295762
0.004 0.0188908318513
0.004 0.0198830341264
0.004 0.0208752364015
0.004 0.0218674386766
0.004 0.0228596409517
0.004 0.0238518432268
0.004 0.0238518432268
0.003 0.0238518432268
0.003 0.0238518432268
0.003 0.0228596409517
0.003 0.0218674386766
0.003 0.0208752364015
0.003 0.0198830341264
0.003 0.0188908318513
0.003 0.0178986295762
0.003 0.0169064273011
0.003 0.015914225026
0.003 0.0149220227509
0.003 0.0139298204758
0.003 0.0129376182008
0.003 0.0119454159257
0.003 0.0109532136506
0.003 0.00996101137547
0.003 0.00896880910038
0.003 0.00797660682528
0.003 0.00698440455019
0.003 0.00599220227509
0.003 0.005
0.003 0.005
0.002 0.005
0.001 0.005
0.001 0.005
0.001 0.0059607991137
0.001 0.00692159822741
0.001 0.00788239734111
0.001 0.00884319645481
0.001 0.00980399556852
0.001 0.0107647946822
0.001 0.0117255937959
0.001 0.0126863929096
0.001 0.0136471920233
0.001 0.014607991137
0.001 0.0155687902507
0.001 0.0165295893644
0.001 0.0165295893644
0 0.0165295893644
0 0.0165295893644
0 0.0155572605783
0 0.0145849317922
0 0.013612603006
0 0.0126402742199
0 0.0116679454337
0 0.0106956166476
0 0.00972328786144
0 0.00875095907529
0 0.00777863028915
0 0.00680630150301
0 0.00583397271686
0 0.00486164393072
0 0.00388931514457
0 0.00291698635843
0 0.00194465757229
0 0.000972328786144
0 0
312
1 2 3
2 3 3
3 4 3
4 5 3
5 6 3
6 7 3
7 8 3
8 9 3
9 10 3
10 11 3
11 12 3
12 13 3
13 14 3
14 15 3
15 16 3
16 17 3
17 18 3
18 19 3
19 20 3
20 21 3
21 22 3
22 23 3
23 24 3
24 25 3
25 26 3
26 27 3
27 28 3
28 29 3
30 31 1
31 32 1
32 33 1
33 34 1
34 35 1
35 36 1
36 37 1
37 38 1
38 39 1
39 40 1
40 41 1
41 42 1
42 43 1
43 44 1
44 45 1
45 46 1
47 48 2
49 50 2
50 51 2
51 52 2
52 53 2
53 54 2
54 55 2
55 56 2
56 57 2
57 58 2
58 59 2
59 60 2
61 62 2
62 63 2
64 65 2
65 66 2
66 67 2
67 68 2
68 69 2
69 70 2
70 71 2
71 72 2
72 73 2
73 74 2
74 75 2
76 77 2
78 79 2
79 80 2
80 81 2
81 82 2
82 83 2
83 84 2
84 85 2
85 86 2
86 87 2
87 88 2
88 89 2
90 91 2
91 92 2
93 94 2
94 95 2
95 96 2
96 97 2
97 98 2
98 99 2
99 100 2
100 101 2
102 103 2
104 105 2
105 106 2
106 107 2
107 108 2
108 109 2
109 110 2
110 111 2
111 112 2
113 114 2
114 115 2
116 117 2
117 118 2
118 119 2
119 120 2
120 121 2
121 122 2
122 123 2
124 125 2
126 127 2
127 128 2
128 129 2
129 130 2
130 131 2
131 132 2
132 133 2
134 135 2
135 136 2
137 138 2
138 139 2
139 140 2
140 141 2
141 142 2
142 143 2
143 144 2
144 145 2
145 146 2
146 147 2
147 148 2
148 149 2
149 150 2
150 151 2
151 152 2
152 153 2
153 154 2
154 155 2
155 156 2
156 157 2
158 159 2
160 161 2
161 162 2
162 163 2
163 164 2
164 165 2
165 166 2
166 167 2
167 168 2
168 169 2
169 170 2
170 171 2
171 172 2
172 173 2
173 174 2
174 175 2
175 176 2
176 177 2
177 178 2
178 179 2
179 180 2
181 182 2
182 183 2
184 185 2
185 186 2
186 187 2
187 188 2
188 189 2
189 190 2
190 191 2
192 193 2
194 195 2
195 196 2
196 197 2
197 198 2
198 199 2
199 200 2
200 201 2
202 203 2
203 204 2
205 206 2
206 207 2
207 208 2
208 209 2
209 210 2
210 211 2
211 212 2
212 213 2
213 214 2
214 215 2
215 216 2
216 217 2
218 219 2
220 221 2
221 222 2
222 223 2
223 224 2
224 225 2
225 226 2
226 227 2
227 228 2
228 229 2
229 230 2
230 231 2
231 232 2
233 234 2
234 235 2
236 237 2
237 238 2
238 239 2
239 240 2
240 241 2
241 242 2
242 243 2
243 244 2
244 245 2
245 246 2
246 247 2
247 248 2
248 249 2
249 250 2
250 251 2
251 252 2
253 254 2
255 256 2
256 257 2
257 258 2
258 259 2
259 260 2
260 261 2
261 262 2
262 263 2
263 264 2
264 265 2
265 266 2
266 267 2
267 268 2
268 269 2
269 270 2
270 271 2
272 273 2
273 274 2
275 276 2
276 277 2
277 278 2
278 279 2
279 280 2
280 281 2
281 282 2
282 283 2
283 284 2
284 285 2
285 286 2
286 287 2
287 288 2
288 289 2
289 290 2
290 291 2
291 292 2
292 293 2
293 294 2
295 296 2
297 298 2
298 299 2
299 300 2
300 301 2
301 302 2
302 303 2
303 304 2
304 305 2
305 306 2
306 307 2
307 308 2
308 309 2
309 310 2
310 311 2
311 312 2
312 313 2
313 314 2
314 315 2
315 316 2
317 318 2
318 319 2
320 321 2
321 322 2
322 323 2
323 324 2
324 325 2
325 326 2
326 327 2
327 328 2
328 329 2
329 330 2
330 331 2
331 332 2
333 334 2
335 336 1
336 337 1
337 338 1
338 339 1
339 340 1
340 341 1
341 342 1
342 343 1
343 344 1
344 345 1
345 346 1
346 347 1
347 348 1
348 349 1
349 350 1
350 351 1
351 352 1
30
0.014 0.0005
0.014 0.000637931034483
0.014 0.000775862068966
0.014 0.000913793103448
0.014 0.00105172413793
0.014 0.00118965517241
0.014 0.0013275862069
0.014 0.00146551724138
0.014 0.00160344827586
0.014 0.00174137931034
0.014 0.00187931034483
0.014 0.00201724137931
0.014 0.00215517241379
0.014 0.00229310344828
0.014 0.00243103448276
0.014 0.00256896551724
0.014 0.00270689655172
0.014 0.00284482758621
0.014 0.00298275862069
0.014 0.00312068965517
0.014 0.00325862068966
0.014 0.00339655172414
0.014 0.00353448275862
0.014 0.0036724137931
0.014 0.00381034482759
0.014 0.00394827586207
0.014 0.00408620689655
0.014 0.00422413793103
0.014 0.00436206896552
0.014 0.0045
