50
200
3
1 0
2 60
1 -23292
348
0 0
0.001 0
0.002 0
0.003 0
0.004 0
0.005 0
0.006 0
0.007 0
0.008 0
0.009 0
0.01 0
0.011 0
0.012 0
0.013 0
0.014 0
0.015 0
0.016 0
0.017 0
0.018 0
0.019 0
0.02 0
0.021 0
0.022 0
0.023 0
0.024 0
0.025 0
0.026 0
0.027 0
0.028 0
0.028 0
0.028 0.00101112642818
0.028 0.00202225285636
0.028 0.00303337928454
0.028 0.00404450571271
0.028 0.00505563214089
0.028 0.00606675856907
0.028 0.00707788499725
0.028 0.00808901142543
0.028 0.00910013785361
0.028 0.0101112642818
0.028 0.01112239071
0.028 0.0121335171381
0.028 0.0131446435663
0.028 0.0141557699945
0.028 0.0151668964227
0.028 0.0161780228509
0.028 0.017189149279
0.028 0.0182002757072
0.028 0.0192114021354
0.028 0.0202225285636
0.028 0.0212336549917
0.028 0.0222447814199
0.028 0.0232559078481
0.028 0.0242670342763
0.028 0.0242670342763
0.027 0.0242670342763
0.027 0.0242670342763
0.027 0.0232529798407
0.027 0.0222389254051
0.027 0.0212248709695
0.027 0.0202108165339
0.027 0.0191967620983
0.027 0.0181827076627
0.027 0.0171686532271
0.027 0.0161545987915
0.027 0.0151405443559
0.027 0.0141264899203
0.027 0.0131124354847
0.027 0.0120983810492
0.027 0.0110843266136
0.027 0.010070272178
0.027 0.00905621774237
0.027 0.00804216330678
0.027 0.00702810887119
0.027 0.00601405443559
0.027 0.005
0.027 0.005
0.026 0.005
0.025 0.005
0.025 0.005
0.025 0.00600621605744
0.025 0.00701243211489
0.025 0.00801864817233
0.025 0.00902486422977
0.025 0.0100310802872
0.025 0.0110372963447
0.025 0.0120435124021
0.025 0.0130497284595
0.025 0.014055944517
0.025 0.0150621605744
0.025 0.0160683766319
0.025 0.0170745926893
0.025 0.0180808087468
0.025 0.0190870248042
0.025 0.0200932408616
0.025 0.0210994569191
0.025 0.0221056729765
0.025 0.023111889034
0.025 0.023111889034
0.024 0.023111889034
0.024 0.023111889034
0.024 0.0221056729765
0.024 0.0210994569191
0.024 0.0200932408616
0.024 0.0190870248042
0.024 0.0180808087468
0.024 0.0170745926893
0.024 0.0160683766319
0.024 0.0150621605744
0.024 0.014055944517
0.024 0.0130497284595
0.024 0.0120435124021
0.024 0.0110372963447
0.024 0.0100310802872
0.024 0.00902486422977
0.024 0.00801864817233
0.024 0.00701243211489
0.024 0.00600621605744
0.024 0.005
0.024 0.005
0.023 0.005
0.022 0.005
0.022 0.005
0.022 0.00602339303194
0.022 0.00704678606388
0.022 0.00807017909582
0.022 0.00909357212775
0.022 0.0101169651597
0.022 0.0111403581916
0.022 0.0111403581916
0.021 0.0111403581916
0.021 0.0111403581916
0.021 0.0101169651597
0.021 0.00909357212775
0.021 0.00807017909582
0.021 0.00704678606388
0.021 0.00602339303194
0.021 0.005
0.021 0.005
0.02 0.005
0.019 0.005
0.019 0.005
0.019 0.00599130996533
0.019 0.00698261993066
0.019 0.00797392989599
0.019 0.00896523986131
0.019 0.00995654982664
0.019 0.010947859792
0.019 0.0119391697573
0.019 0.0129304797226
0.019 0.013921789688
0.019 0.0149130996533
0.019 0.0159044096186
0.019 0.0168957195839
0.019 0.0178870295493
0.019 0.0178870295493
0.018 0.0178870295493
0.018 0.0178870295493
0.018 0.0168957195839
0.018 0.0159044096186
0.018 0.0149130996533
0.018 0.013921789688
0.018 0.0129304797226
0.018 0.0119391697573
0.018 0.010947859792
0.018 0.00995654982664
0.018 0.00896523986131
0.018 0.00797392989599
0.018 0.00698261993066
0.018 0.00599130996533
0.018 0.005
0.018 0.005
0.017 0.005
0.016 0.005
0.016 0.005
0.016 0.00596950938506
0.016 0.00693901877013
0.016 0.00790852815519
0.016 0.00887803754025
0.016 0.00984754692531
0.016 0.0108170563104
0.016 0.0117865656954
0.016 0.0127560750805
0.016 0.0137255844656
0.016 0.0146950938506
0.016 0.0156646032357
0.016 0.0166341126208
0.016 0.0176036220058
0.016 0.0185731313909
0.016 0.0185731313909
0.015 0.0185731313909
0.015 0.0185731313909
0.015 0.0176036220058
0.015 0.0166341126208
0.015 0.0156646032357
0.015 0.0146950938506
0.015 0.0137255844656
0.015 0.0127560750805
0.015 0.0117865656954
0.015 0.0108170563104
0.015 0.00984754692531
0.015 0.00887803754025
0.015 0.00790852815519
0.015 0.00693901877013
0.015 0.00596950938506
0.015 0.005
0.015 0.005
0.014 0.005
0.013 0.005
0.013 0.005
0.013 0.00598091456049
0.013 0.00696182912097
0.013 0.00794274368146
0.013 0.00892365824194
0.013 0.00990457280243
0.013 0.0108854873629
0.013 0.0118664019234
0.013 0.0128473164839
0.013 0.0138282310444
0.013 0.0148091456049
0.013 0.0157900601653
0.013 0.0157900601653
0.012 0.0157900601653
0.012 0.0157900601653
0.012 0.0148091456049
0.012 0.0138282310444
0.012 0.0128473164839
0.012 0.0118664019234
0.012 0.0108854873629
0.012 0.00990457280243
0.012 0.00892365824194
0.012 0.00794274368146
0.012 0.00696182912097
0.012 0.00598091456049
0.012 0.005
0.012 0.005
0.011 0.005
0.01 0.005
0.01 0.005
0.01 0.00595033672815
0.01 0.0069006734563
0.01 0.00785101018445
0.01 0.0088013469126
0.01 0.00975168364075
0.01 0.0107020203689
0.01 0.0116523570971
0.01 0.0126026938252
0.01 0.0135530305534
0.01 0.0135530305534
0.009 0.0135530305534
0.009 0.0135530305534
0.009 0.0126026938252
0.009 0.0116523570971
0.009 0.0107020203689
0.009 0.00975168364075
0.009 0.0088013469126
0.009 0.00785101018445
0.009 0.0069006734563
0.009 0.00595033672815
0.009 0.005
0.009 0.005
0.008 0.005
0.007 0.005
0.007 0.005
0.007 0.00600293756628
0.007 0.00700587513256
0.007 0.00800881269885
0.007 0.00901175026513
0.007 0.0100146878314
0.007 0.0110176253977
0.007 0.012020562964
0.007 0.0130235005303
0.007 0.0140264380965
0.007 0.0150293756628
0.007 0.0160323132291
0.007 0.0170352507954
0.007 0.0180381883617
0.007 0.019041125928
0.007 0.0200440634942
0.007 0.0210470010605
0.007 0.0220499386268
0.007 0.0230528761931
0.007 0.0230528761931
0.006 0.0230528761931
0.006 0.0230528761931
0.006 0.0220499386268
0.006 0.0210470010605
0.006 0.0200440634942
0.006 0.019041125928
0.006 0.0180381883617
0.006 0.0170352507954
0.006 0.0160323132291
0.006 0.0150293756628
0.006 0.0140264380965
0.006 0.0130235005303
0.006 0.012020562964
0.006 0.0110176253977
0.006 0.0100146878314
0.006 0.00901175026513
0.006 0.00800881269885
0.006 0.00700587513256
0.006 0.00600293756628
0.006 0.005
0.006 0.005
0.005 0.005
0.004 0.005
0.004 0.005
0.004 0.00606858401958
0.004 0.00713716803916
0.004 0.00820575205875
0.004 0.00927433607833
0.004 0.0103429200979
0.004 0.0114115041175
0.004 0.0114115041175
0.003 0.0114115041175
0.003 0.0114115041175
0.003 0.0103429200979
0.003 0.00927433607833
0.003 0.00820575205875
0.003 0.00713716803916
0.003 0.00606858401958
0.003 0.005
0.003 0.005
0.002 0.005
0.001 0.005
0.001 0.005
0.001 0.00602027132029
0.001 0.00704054264058
0.001 0.00806081396088
0.001 0.00908108528117
0.001 0.0101013566015
0.001 0.0111216279218
0.001 0.012141899242
0.001 0.012141899242
0 0.012141899242
0 0.012141899242
0 0.0111300743052
0 0.0101182493684
0 0.00910642443153
0 0.0080945994947
0 0.00708277455786
0 0.00607094962102
0 0.00505912468419
0 0.00404729974735
0 0.00303547481051
0 0.00202364987367
0 0.00101182493684
0 0
308
1 2 3
2 3 3
3 4 3
4 5 3
5 6 3
6 7 3
7 8 3
8 9 3
9 10 3
10 11 3
11 12 3
12 13 3
13 14 3
14 15 3
15 16 3
16 17 3
17 18 3
18 19 3
19 20 3
20 21 3
21 22 3
22 23 3
23 24 3
24 25 3
25 26 3
26 27 3
27 28 3
28 29 3
30 31 1
31 32 1
32 33 1
33 34 1
34 35 1
35 36 1
36 37 1
37 38 1
38 39 1
39 40 1
40 41 1
41 42 1
42 43 1
43 44 1
44 45 1
45 46 1
46 47 1
47 48 1
48 49 1
49 50 1
50 51 1
51 52 1
52 53 1
53 54 1
55 56 2
57 58 2
58 59 2
59 60 2
60 61 2
61 62 2
62 63 2
63 64 2
64 65 2
65 66 2
66 67 2
67 68 2
68 69 2
69 70 2
70 71 2
71 72 2
72 73 2
73 74 2
74 75 2
75 76 2
77 78 2
78 79 2
80 81 2
81 82 2
82 83 2
83 84 2
84 85 2
85 86 2
86 87 2
87 88 2
88 89 2
89 90 2
90 91 2
91 92 2
92 93 2
93 94 2
94 95 2
95 96 2
96 97 2
97 98 2
99 100 2
101 102 2
102 103 2
103 104 2
104 105 2
105 106 2
106 107 2
107 108 2
108 109 2
109 110 2
110 111 2
111 112 2
112 113 2
113 114 2
114 115 2
115 116 2
116 117 2
117 118 2
118 119 2
120 121 2
121 122 2
123 124 2
124 125 2
125 126 2
126 127 2
127 128 2
128 129 2
130 131 2
132 133 2
133 134 2
134 135 2
135 136 2
136 137 2
137 138 2
139 140 2
140 141 2
142 143 2
143 144 2
144 145 2
145 146 2
146 147 2
147 148 2
148 149 2
149 150 2
150 151 2
151 152 2
152 153 2
153 154 2
154 155 2
156 157 2
158 159 2
159 160 2
160 161 2
161 162 2
162 163 2
163 164 2
164 165 2
165 166 2
166 167 2
167 168 2
168 169 2
169 170 2
170 171 2
172 173 2
173 174 2
175 176 2
176 177 2
177 178 2
178 179 2
179 180 2
180 181 2
181 182 2
182 183 2
183 184 2
184 185 2
185 186 2
186 187 2
187 188 2
188 189 2
190 191 2
192 193 2
193 194 2
194 195 2
195 196 2
196 197 2
197 198 2
198 199 2
199 200 2
200 201 2
201 202 2
202 203 2
203 204 2
204 205 2
205 206 2
207 208 2
208 209 2
210 211 2
211 212 2
212 213 2
213 214 2
214 215 2
215 216 2
216 217 2
217 218 2
218 219 2
219 220 2
220 221 2
222 223 2
224 225 2
225 226 2
226 227 2
227 228 2
228 229 2
229 230 2
230 231 2
231 232 2
232 233 2
233 234 2
234 235 2
236 237 2
237 238 2
239 240 2
240 241 2
241 242 2
242 243 2
243 244 2
244 245 2
245 246 2
246 247 2
247 248 2
249 250 2
251 252 2
252 253 2
253 254 2
254 255 2
255 256 2
256 257 2
257 258 2
258 259 2
259 260 2
261 262 2
262 263 2
264 265 2
265 266 2
266 267 2
267 268 2
268 269 2
269 270 2
270 271 2
271 272 2
272 273 2
273 274 2
274 275 2
275 276 2
276 277 2
277 278 2
278 279 2
279 280 2
280 281 2
281 282 2
283 284 2
285 286 2
286 287 2
287 288 2
288 289 2
289 290 2
290 291 2
291 292 2
292 293 2
293 294 2
294 295 2
295 296 2
296 297 2
297 298 2
298 299 2
299 300 2
300 301 2
301 302 2
302 303 2
304 305 2
305 306 2
307 308 2
308 309 2
309 310 2
310 311 2
311 312 2
312 313 2
314 315 2
316 317 2
317 318 2
318 319 2
319 320 2
320 321 2
321 322 2
323 324 2
324 325 2
326 327 2
327 328 2
328 329 2
329 330 2
330 331 2
331 332 2
332 333 2
334 335 2
336 337 1
337 338 1
338 339 1
339 340 1
340 341 1
341 342 1
342 343 1
343 344 1
344 345 1
345 346 1
346 347 1
347 348 1
30
0.014 0.0005
0.014 0.000637931034483
0.014 0.000775862068966
0.014 0.000913793103448
0.014 0.00105172413793
0.014 0.00118965517241
0.014 0.0013275862069
0.014 0.00146551724138
0.014 0.00160344827586
0.014 0.00174137931034
0.014 0.00187931034483
0.014 0.00201724137931
0.014 0.00215517241379
0.014 0.00229310344828
0.014 0.00243103448276
0.014 0.00256896551724
0.014 0.00270689655172
0.014 0.00284482758621
0.014 0.00298275862069
0.014 0.00312068965517
0.014 0.00325862068966
0.014 0.00339655172414
0.014 0.00353448275862
0.014 0.0036724137931
0.014 0.00381034482759
0.014 0.00394827586207
0.014 0.00408620689655
0.014 0.00422413793103
0.014 0.00436206896552
0.014 0.0045
