50
200
3
1 0
2 60
1 -23292
356
0 0
0.001 0
0.002 0
0.003 0
0.004 0
0.005 0
0.006 0
0.007 0
0.008 0
0.009 0
0.01 0
0.011 0
0.012 0
0.013 0
0.014 0
0.015 0
0.016 0
0.017 0
0.018 0
0.019 0
0.02 0
0.021 0
0.022 0
0.023 0
0.024 0
0.025 0
0.026 0
0.027 0
0.028 0
0.028 0
0.028 0.000995869048481
0.028 0.00199173809696
0.028 0.00298760714544
0.028 0.00398347619392
0.028 0.00497934524241
0.028 0.00597521429089
0.028 0.00697108333937
0.028 0.00796695238785
0.028 0.00896282143633
0.028 0.00995869048481
0.028 0.0109545595333
0.028 0.0119504285818
0.028 0.0119504285818
0.027 0.0119504285818
0.027 0.0119504285818
0.027 0.0109575102129
0.027 0.00996459184412
0.027 0.0089716734753
0.027 0.00797875510647
0.027 0.00698583673765
0.027 0.00599291836882
0.027 0.005
0.027 0.005
0.026 0.005
0.025 0.005
0.025 0.005
0.025 0.00603518111987
0.025 0.00707036223973
0.025 0.0081055433596
0.025 0.00914072447946
0.025 0.0101759055993
0.025 0.0112110867192
0.025 0.0122462678391
0.025 0.0132814489589
0.025 0.0143166300788
0.025 0.0143166300788
0.024 0.0143166300788
0.024 0.0143166300788
0.024 0.0132814489589
0.024 0.0122462678391
0.024 0.0112110867192
0.024 0.0101759055993
0.024 0.00914072447946
0.024 0.0081055433596
0.024 0.00707036223973
0.024 0.00603518111987
0.024 0.005
0.024 0.005
0.023 0.005
0.022 0.005
0.022 0.005
0.022 0.00604491246951
0.022 0.00708982493902
0.022 0.00813473740854
0.022 0.00917964987805
0.022 0.0102245623476
0.022 0.0112694748171
0.022 0.0123143872866
0.022 0.0133592997561
0.022 0.0144042122256
0.022 0.0144042122256
0.021 0.0144042122256
0.021 0.0144042122256
0.021 0.0133592997561
0.021 0.0123143872866
0.021 0.0112694748171
0.021 0.0102245623476
0.021 0.00917964987805
0.021 0.00813473740854
0.021 0.00708982493902
0.021 0.00604491246951
0.021 0.005
0.021 0.005
0.02 0.005
0.019 0.005
0.019 0.005
0.019 0.00598047013402
0.019 0.00696094026804
0.019 0.00794141040206
0.019 0.00892188053608
0.019 0.0099023506701
0.019 0.0108828208041
0.019 0.0118632909381
0.019 0.0128437610722
0.019 0.0138242312062
0.019 0.0148047013402
0.019 0.0157851714742
0.019 0.0167656416083
0.019 0.0177461117423
0.019 0.0187265818763
0.019 0.0197070520103
0.019 0.0206875221443
0.019 0.0216679922784
0.019 0.0226484624124
0.019 0.0236289325464
0.019 0.0236289325464
0.018 0.0236289325464
0.018 0.0236289325464
0.018 0.0226484624124
0.018 0.0216679922784
0.018 0.0206875221443
0.018 0.0197070520103
0.018 0.0187265818763
0.018 0.0177461117423
0.018 0.0167656416083
0.018 0.0157851714742
0.018 0.0148047013402
0.018 0.0138242312062
0.018 0.0128437610722
0.018 0.0118632909381
0.018 0.0108828208041
0.018 0.0099023506701
0.018 0.00892188053608
0.018 0.00794141040206
0.018 0.00696094026804
0.018 0.00598047013402
0.018 0.005
0.018 0.005
0.017 0.005
0.016 0.005
0.016 0.005
0.016 0.00597653357439
0.016 0.00695306714877
0.016 0.00792960072316
0.016 0.00890613429755
0.016 0.00988266787193
0.016 0.0108592014463
0.016 0.0118357350207
0.016 0.0128122685951
0.016 0.0137888021695
0.016 0.0147653357439
0.016 0.0157418693183
0.016 0.0167184028926
0.016 0.0167184028926
0.015 0.0167184028926
0.015 0.0167184028926
0.015 0.0157418693183
0.015 0.0147653357439
0.015 0.0137888021695
0.015 0.0128122685951
0.015 0.0118357350207
0.015 0.0108592014463
0.015 0.00988266787193
0.015 0.00890613429755
0.015 0.00792960072316
0.015 0.00695306714877
0.015 0.00597653357439
0.015 0.005
0.015 0.005
0.014 0.005
0.013 0.005
0.013 0.005
0.013 0.00593548429981
0.013 0.00687096859962
0.013 0.00780645289943
0.013 0.00874193719924
0.013 0.00967742149905
0.013 0.0106129057989
0.013 0.0115483900987
0.013 0.0115483900987
0.012 0.0115483900987
0.012 0.0115483900987
0.012 0.0106129057989
0.012 0.00967742149905
0.012 0.00874193719924
0.012 0.00780645289943
0.012 0.00687096859962
0.012 0.00593548429981
0.012 0.005
0.012 0.005
0.011 0.005
0.01 0.005
0.01 0.005
0.01 0.00599054058393
0.01 0.00698108116786
0.01 0.00797162175178
0.01 0.00896216233571
0.01 0.00995270291964
0.01 0.0109432435036
0.01 0.0119337840875
0.01 0.0129243246714
0.01 0.0139148652554
0.01 0.0149054058393
0.01 0.0158959464232
0.01 0.0168864870071
0.01 0.0178770275911
0.01 0.018867568175
0.01 0.0198581087589
0.01 0.0208486493428
0.01 0.0218391899268
0.01 0.0218391899268
0.009 0.0218391899268
0.009 0.0218391899268
0.009 0.0208486493428
0.009 0.0198581087589
0.009 0.018867568175
0.009 0.0178770275911
0.009 0.0168864870071
0.009 0.0158959464232
0.009 0.0149054058393
0.009 0.0139148652554
0.009 0.0129243246714
0.009 0.0119337840875
0.009 0.0109432435036
0.009 0.00995270291964
0.009 0.00896216233571
0.009 0.00797162175178
0.009 0.00698108116786
0.009 0.00599054058393
0.009 0.005
0.009 0.005
0.008 0.005
0.007 0.005
0.007 0.005
0.007 0.006022962209
0.007 0.00704592441799
0.007 0.00806888662699
0.007 0.00909184883598
0.007 0.010114811045
0.007 0.011137773254
0.007 0.012160735463
0.007 0.013183697672
0.007 0.014206659881
0.007 0.014206659881
0.006 0.014206659881
0.006 0.014206659881
0.006 0.013183697672
0.006 0.012160735463
0.006 0.011137773254
0.006 0.010114811045
0.006 0.00909184883598
0.006 0.00806888662699
0.006 0.00704592441799
0.006 0.006022962209
0.006 0.005
0.006 0.005
0.005 0.005
0.004 0.005
0.004 0.005
0.004 0.00601390530098
0.004 0.00702781060196
0.004 0.00804171590294
0.004 0.00905562120392
0.004 0.0100695265049
0.004 0.0110834318059
0.004 0.0120973371069
0.004 0.0131112424078
0.004 0.0141251477088
0.004 0.0151390530098
0.004 0.0161529583108
0.004 0.0171668636118
0.004 0.0181807689128
0.004 0.0191946742137
0.004 0.0202085795147
0.004 0.0212224848157
0.004 0.0212224848157
0.003 0.0212224848157
0.003 0.0212224848157
0.003 0.0202085795147
0.003 0.0191946742137
0.003 0.0181807689128
0.003 0.0171668636118
0.003 0.0161529583108
0.003 0.0151390530098
0.003 0.0141251477088
0.003 0.0131112424078
0.003 0.0120973371069
0.003 0.0110834318059
0.003 0.0100695265049
0.003 0.00905562120392
0.003 0.00804171590294
0.003 0.00702781060196
0.003 0.00601390530098
0.003 0.005
0.003 0.005
0.002 0.005
0.001 0.005
0.001 0.005
0.001 0.00599164581668
0.001 0.00698329163336
0.001 0.00797493745004
0.001 0.00896658326672
0.001 0.0099582290834
0.001 0.0109498749001
0.001 0.0119415207168
0.001 0.0129331665334
0.001 0.0139248123501
0.001 0.0149164581668
0.001 0.0159081039835
0.001 0.0168997498002
0.001 0.0178913956168
0.001 0.0188830414335
0.001 0.0198746872502
0.001 0.0208663330669
0.001 0.0218579788836
0.001 0.0228496247002
0.001 0.0238412705169
0.001 0.0248329163336
0.001 0.0248329163336
0 0.0248329163336
0 0.0248329163336
0 0.0238395996803
0 0.0228462830269
0 0.0218529663736
0 0.0208596497202
0 0.0198663330669
0 0.0188730164135
0 0.0178796997602
0 0.0168863831068
0 0.0158930664535
0 0.0148997498002
0 0.0139064331468
0 0.0129131164935
0 0.0119197998401
0 0.0109264831868
0 0.00993316653344
0 0.0089398498801
0 0.00794653322675
0 0.00695321657341
0 0.00595989992006
0 0.00496658326672
0 0.00397326661338
0 0.00297994996003
0 0.00198663330669
0 0.000993316653344
0 0
316
1 2 3
2 3 3
3 4 3
4 5 3
5 6 3
6 7 3
7 8 3
8 9 3
9 10 3
10 11 3
11 12 3
12 13 3
13 14 3
14 15 3
15 16 3
16 17 3
17 18 3
18 19 3
19 20 3
20 21 3
21 22 3
22 23 3
23 24 3
24 25 3
25 26 3
26 27 3
27 28 3
28 29 3
30 31 1
31 32 1
32 33 1
33 34 1
34 35 1
35 36 1
36 37 1
37 38 1
38 39 1
39 40 1
40 41 1
41 42 1
43 44 2
45 46 2
46 47 2
47 48 2
48 49 2
49 50 2
50 51 2
51 52 2
53 54 2
54 55 2
56 57 2
57 58 2
58 59 2
59 60 2
60 61 2
61 62 2
62 63 2
63 64 2
64 65 2
66 67 2
68 69 2
69 70 2
70 71 2
71 72 2
72 73 2
73 74 2
74 75 2
75 76 2
76 77 2
78 79 2
79 80 2
81 82 2
82 83 2
83 84 2
84 85 2
85 86 2
86 87 2
87 88 2
88 89 2
89 90 2
91 92 2
93 94 2
94 95 2
95 96 2
96 97 2
97 98 2
98 99 2
99 100 2
100 101 2
101 102 2
103 104 2
104 105 2
106 107 2
107 108 2
108 109 2
109 110 2
110 111 2
111 112 2
112 113 2
113 114 2
114 115 2
115 116 2
116 117 2
117 118 2
118 119 2
119 120 2
120 121 2
121 122 2
122 123 2
123 124 2
124 125 2
126 127 2
128 129 2
129 130 2
130 131 2
131 132 2
132 133 2
133 134 2
134 135 2
135 136 2
136 137 2
137 138 2
138 139 2
139 140 2
140 141 2
141 142 2
142 143 2
143 144 2
144 145 2
145 146 2
146 147 2
148 149 2
149 150 2
151 152 2
152 153 2
153 154 2
154 155 2
155 156 2
156 157 2
157 158 2
158 159 2
159 160 2
160 161 2
161 162 2
162 163 2
164 165 2
166 167 2
167 168 2
168 169 2
169 170 2
170 171 2
171 172 2
172 173 2
173 174 2
174 175 2
175 176 2
176 177 2
177 178 2
179 180 2
180 181 2
182 183 2
183 184 2
184 185 2
185 186 2
186 187 2
187 188 2
188 189 2
190 191 2
192 193 2
193 194 2
194 195 2
195 196 2
196 197 2
197 198 2
198 199 2
200 201 2
201 202 2
203 204 2
204 205 2
205 206 2
206 207 2
207 208 2
208 209 2
209 210 2
210 211 2
211 212 2
212 213 2
213 214 2
214 215 2
215 216 2
216 217 2
217 218 2
218 219 2
219 220 2
221 222 2
223 224 2
224 225 2
225 226 2
226 227 2
227 228 2
228 229 2
229 230 2
230 231 2
231 232 2
232 233 2
233 234 2
234 235 2
235 236 2
236 237 2
237 238 2
238 239 2
239 240 2
241 242 2
242 243 2
244 245 2
245 246 2
246 247 2
247 248 2
248 249 2
249 250 2
250 251 2
251 252 2
252 253 2
254 255 2
256 257 2
257 258 2
258 259 2
259 260 2
260 261 2
261 262 2
262 263 2
263 264 2
264 265 2
266 267 2
267 268 2
269 270 2
270 271 2
271 272 2
272 273 2
273 274 2
274 275 2
275 276 2
276 277 2
277 278 2
278 279 2
279 280 2
280 281 2
281 282 2
282 283 2
283 284 2
284 285 2
286 287 2
288 289 2
289 290 2
290 291 2
291 292 2
292 293 2
293 294 2
294 295 2
295 296 2
296 297 2
297 298 2
298 299 2
299 300 2
300 301 2
301 302 2
302 303 2
303 304 2
305 306 2
306 307 2
308 309 2
309 310 2
310 311 2
311 312 2
312 313 2
313 314 2
314 315 2
315 316 2
316 317 2
317 318 2
318 319 2
319 320 2
320 321 2
321 322 2
322 323 2
323 324 2
324 325 2
325 326 2
326 327 2
327 328 2
329 330 2
331 332 1
332 333 1
333 334 1
334 335 1
335 336 1
336 337 1
337 338 1
338 339 1
339 340 1
340 341 1
341 342 1
342 343 1
343 344 1
344 345 1
345 346 1
346 347 1
347 348 1
348 349 1
349 350 1
350 351 1
351 352 1
352 353 1
353 354 1
354 355 1
355 356 1
30
0.014 0.0005
0.014 0.000637931034483
0.014 0.000775862068966
0.014 0.000913793103448
0.014 0.00105172413793
0.014 0.00118965517241
0.014 0.0013275862069
0.014 0.00146551724138
0.014 0.00160344827586
0.014 0.00174137931034
0.014 0.00187931034483
0.014 0.00201724137931
0.014 0.00215517241379
0.014 0.00229310344828
0.014 0.00243103448276
0.014 0.00256896551724
0.014 0.00270689655172
0.014 0.00284482758621
0.014 0.00298275862069
0.014 0.00312068965517
0.014 0.00325862068966
0.014 0.00339655172414
0.014 0.00353448275862
0.014 0.0036724137931
0.014 0.00381034482759
0.014 0.00394827586207
0.014 0.00408620689655
0.014 0.00422413793103
0.014 0.00436206896552
0.014 0.0045
