50
200
3
1 0
2 60
1 -23292
370
0 0
0.001 0
0.002 0
0.003 0
0.004 0
0.005 0
0.006 0
0.007 0
0.008 0
0.009 0
0.01 0
0.011 0
0.012 0
0.013 0
0.014 0
0.015 0
0.016 0
0.017 0
0.018 0
0.019 0
0.02 0
0.021 0
0.022 0
0.023 0
0.024 0
0.025 0
0.026 0
0.027 0
0.028 0
0.028 0
0.028 0.000990792777903
0.028 0.00198158555581
0.028 0.00297237833371
0.028 0.00396317111161
0.028 0.00495396388951
0.028 0.00594475666742
0.028 0.00693554944532
0.028 0.00792634222322
0.028 0.00891713500112
0.028 0.00990792777903
0.028 0.0108987205569
0.028 0.0118895133348
0.028 0.0128803061127
0.028 0.0138710988906
0.028 0.0148618916685
0.028 0.0158526844464
0.028 0.0168434772243
0.028 0.0178342700022
0.028 0.0188250627801
0.028 0.0198158555581
0.028 0.020806648336
0.028 0.0217974411139
0.028 0.0227882338918
0.028 0.0237790266697
0.028 0.0237790266697
0.027 0.0237790266697
0.027 0.0237790266697
0.027 0.0227906568449
0.027 0.0218022870202
0.027 0.0208139171955
0.027 0.0198255473708
0.027 0.0188371775461
0.027 0.0178488077213
0.027 0.0168604378966
0.027 0.0158720680719
0.027 0.0148836982472
0.027 0.0138953284225
0.027 0.0129069585978
0.027 0.011918588773
0.027 0.0109302189483
0.027 0.0099418491236
0.027 0.00895347929888
0.027 0.00796510947416
0.027 0.00697673964944
0.027 0.00598836982472
0.027 0.005
0.027 0.005
0.026 0.005
0.025 0.005
0.025 0.005
0.025 0.0060124021699
0.025 0.0070248043398
0.025 0.0080372065097
0.025 0.0090496086796
0.025 0.0100620108495
0.025 0.0110744130194
0.025 0.0120868151893
0.025 0.0130992173592
0.025 0.0141116195291
0.025 0.015124021699
0.025 0.0161364238689
0.025 0.0171488260388
0.025 0.0181612282087
0.025 0.0191736303786
0.025 0.0201860325485
0.025 0.0201860325485
0.024 0.0201860325485
0.024 0.0201860325485
0.024 0.0191736303786
0.024 0.0181612282087
0.024 0.0171488260388
0.024 0.0161364238689
0.024 0.015124021699
0.024 0.0141116195291
0.024 0.0130992173592
0.024 0.0120868151893
0.024 0.0110744130194
0.024 0.0100620108495
0.024 0.0090496086796
0.024 0.0080372065097
0.024 0.0070248043398
0.024 0.0060124021699
0.024 0.005
0.024 0.005
0.023 0.005
0.022 0.005
0.022 0.005
0.022 0.00602753683637
0.022 0.00705507367273
0.022 0.0080826105091
0.022 0.00911014734546
0.022 0.0101376841818
0.022 0.0111652210182
0.022 0.0121927578546
0.022 0.0132202946909
0.022 0.0142478315273
0.022 0.0152753683637
0.022 0.0163029052
0.022 0.0163029052
0.021 0.0163029052
0.021 0.0163029052
0.021 0.0152753683637
0.021 0.0142478315273
0.021 0.0132202946909
0.021 0.0121927578546
0.021 0.0111652210182
0.021 0.0101376841818
0.021 0.00911014734546
0.021 0.0080826105091
0.021 0.00705507367273
0.021 0.00602753683637
0.021 0.005
0.021 0.005
0.02 0.005
0.019 0.005
0.019 0.005
0.019 0.00596810651352
0.019 0.00693621302704
0.019 0.00790431954055
0.019 0.00887242605407
0.019 0.00984053256759
0.019 0.0108086390811
0.019 0.0108086390811
0.018 0.0108086390811
0.018 0.0108086390811
0.018 0.00984053256759
0.018 0.00887242605407
0.018 0.00790431954055
0.018 0.00693621302704
0.018 0.00596810651352
0.018 0.005
0.018 0.005
0.017 0.005
0.016 0.005
0.016 0.005
0.016 0.00601289054683
0.016 0.00702578109367
0.016 0.0080386716405
0.016 0.00905156218734
0.016 0.0100644527342
0.016 0.011077343281
0.016 0.0120902338278
0.016 0.0131031243747
0.016 0.0141160149215
0.016 0.0151289054683
0.016 0.0161417960152
0.016 0.017154686562
0.016 0.0181675771088
0.016 0.0191804676557
0.016 0.0191804676557
0.015 0.0191804676557
0.015 0.0191804676557
0.015 0.0181675771088
0.015 0.017154686562
0.015 0.0161417960152
0.015 0.0151289054683
0.015 0.0141160149215
0.015 0.0131031243747
0.015 0.0120902338278
0.015 0.011077343281
0.015 0.0100644527342
0.015 0.00905156218734
0.015 0.0080386716405
0.015 0.00702578109367
0.015 0.00601289054683
0.015 0.005
0.015 0.005
0.014 0.005
0.013 0.005
0.013 0.005
0.013 0.00598934932396
0.013 0.00697869864793
0.013 0.00796804797189
0.013 0.00895739729585
0.013 0.00994674661982
0.013 0.0109360959438
0.013 0.0119254452677
0.013 0.0129147945917
0.013 0.0139041439157
0.013 0.0148934932396
0.013 0.0158828425636
0.013 0.0168721918876
0.013 0.0178615412115
0.013 0.0188508905355
0.013 0.0198402398595
0.013 0.0208295891834
0.013 0.0218189385074
0.013 0.0218189385074
0.012 0.0218189385074
0.012 0.0218189385074
0.012 0.0208295891834
0.012 0.0198402398595
0.012 0.0188508905355
0.012 0.0178615412115
0.012 0.0168721918876
0.012 0.0158828425636
0.012 0.0148934932396
0.012 0.0139041439157
0.012 0.0129147945917
0.012 0.0119254452677
0.012 0.0109360959438
0.012 0.00994674661982
0.012 0.00895739729585
0.012 0.00796804797189
0.012 0.00697869864793
0.012 0.00598934932396
0.012 0.005
0.012 0.005
0.011 0.005
0.01 0.005
0.01 0.005
0.01 0.00597001912805
0.01 0.0069400382561
0.01 0.00791005738415
0.01 0.00888007651221
0.01 0.00985009564026
0.01 0.0108201147683
0.01 0.0117901338964
0.01 0.0127601530244
0.01 0.0127601530244
0.009 0.0127601530244
0.009 0.0127601530244
0.009 0.0117901338964
0.009 0.0108201147683
0.009 0.00985009564026
0.009 0.00888007651221
0.009 0.00791005738415
0.009 0.0069400382561
0.009 0.00597001912805
0.009 0.005
0.009 0.005
0.008 0.005
0.007 0.005
0.007 0.005
0.007 0.0059762755878
0.007 0.00695255117561
0.007 0.00792882676341
0.007 0.00890510235122
0.007 0.00988137793902
0.007 0.0108576535268
0.007 0.0118339291146
0.007 0.0128102047024
0.007 0.0137864802902
0.007 0.014762755878
0.007 0.0157390314659
0.007 0.0167153070537
0.007 0.0176915826415
0.007 0.0186678582293
0.007 0.0186678582293
0.006 0.0186678582293
0.006 0.0186678582293
0.006 0.0176915826415
0.006 0.0167153070537
0.006 0.0157390314659
0.006 0.014762755878
0.006 0.0137864802902
0.006 0.0128102047024
0.006 0.0118339291146
0.006 0.0108576535268
0.006 0.00988137793902
0.006 0.00890510235122
0.006 0.00792882676341
0.006 0.00695255117561
0.006 0.0059762755878
0.006 0.005
0.006 0.005
0.005 0.005
0.004 0.005
0.004 0.005
0.004 0.00602185170155
0.004 0.0070437034031
0.004 0.00806555510465
0.004 0.00908740680619
0.004 0.0101092585077
0.004 0.0111311102093
0.004 0.0121529619108
0.004 0.0131748136124
0.004 0.0141966653139
0.004 0.0152185170155
0.004 0.016240368717
0.004 0.0172622204186
0.004 0.0182840721201
0.004 0.0193059238217
0.004 0.0203277755232
0.004 0.0213496272248
0.004 0.0223714789263
0.004 0.0233933306279
0.004 0.0233933306279
0.003 0.0233933306279
0.003 0.0233933306279
0.003 0.0223714789263
0.003 0.0213496272248
0.003 0.0203277755232
0.003 0.0193059238217
0.003 0.0182840721201
0.003 0.0172622204186
0.003 0.016240368717
0.003 0.0152185170155
0.003 0.0141966653139
0.003 0.0131748136124
0.003 0.0121529619108
0.003 0.0111311102093
0.003 0.0101092585077
0.003 0.00908740680619
0.003 0.00806555510465
0.003 0.0070437034031
0.003 0.00602185170155
0.003 0.005
0.003 0.005
0.002 0.005
0.001 0.005
0.001 0.005
0.001 0.00597286720464
0.001 0.00694573440929
0.001 0.00791860161393
0.001 0.00889146881857
0.001 0.00986433602322
0.001 0.0108372032279
0.001 0.0118100704325
0.001 0.0127829376371
0.001 0.0137558048418
0.001 0.0147286720464
0.001 0.0147286720464
0 0.0147286720464
0 0.0147286720464
0 0.0137467605767
0 0.0127648491069
0 0.0117829376371
0 0.0108010261674
0 0.00981911469762
0 0.00883720322786
0 0.0078552917581
0 0.00687338028833
0 0.00589146881857
0 0.00490955734881
0 0.00392764587905
0 0.00294573440929
0 0.00196382293952
0 0.000981911469762
0 -1.73472347598e-18
330
1 2 3
2 3 3
3 4 3
4 5 3
5 6 3
6 7 3
7 8 3
8 9 3
9 10 3
10 11 3
11 12 3
12 13 3
13 14 3
14 15 3
15 16 3
16 17 3
17 18 3
18 19 3
19 20 3
20 21 3
21 22 3
22 23 3
23 24 3
24 25 3
25 26 3
26 27 3
27 28 3
28 29 3
30 31 1
31 32 1
32 33 1
33 34 1
34 35 1
35 36 1
36 37 1
37 38 1
38 39 1
39 40 1
40 41 1
41 42 1
42 43 1
43 44 1
44 45 1
45 46 1
46 47 1
47 48 1
48 49 1
49 50 1
50 51 1
51 52 1
52 53 1
53 54 1
55 56 2
57 58 2
58 59 2
59 60 2
60 61 2
61 62 2
62 63 2
63 64 2
64 65 2
65 66 2
66 67 2
67 68 2
68 69 2
69 70 2
70 71 2
71 72 2
72 73 2
73 74 2
74 75 2
75 76 2
77 78 2
78 79 2
80 81 2
81 82 2
82 83 2
83 84 2
84 85 2
85 86 2
86 87 2
87 88 2
88 89 2
89 90 2
90 91 2
91 92 2
92 93 2
93 94 2
94 95 2
96 97 2
98 99 2
99 100 2
100 101 2
101 102 2
102 103 2
103 104 2
104 105 2
105 106 2
106 107 2
107 108 2
108 109 2
109 110 2
110 111 2
111 112 2
112 113 2
114 115 2
115 116 2
117 118 2
118 119 2
119 120 2
120 121 2
121 122 2
122 123 2
123 124 2
124 125 2
125 126 2
126 127 2
127 128 2
129 130 2
131 132 2
132 133 2
133 134 2
134 135 2
135 136 2
136 137 2
137 138 2
138 139 2
139 140 2
140 141 2
141 142 2
143 144 2
144 145 2
146 147 2
147 148 2
148 149 2
149 150 2
150 151 2
151 152 2
153 154 2
155 156 2
156 157 2
157 158 2
158 159 2
159 160 2
160 161 2
162 163 2
163 164 2
165 166 2
166 167 2
167 168 2
168 169 2
169 170 2
170 171 2
171 172 2
172 173 2
173 174 2
174 175 2
175 176 2
176 177 2
177 178 2
178 179 2
180 181 2
182 183 2
183 184 2
184 185 2
185 186 2
186 187 2
187 188 2
188 189 2
189 190 2
190 191 2
191 192 2
192 193 2
193 194 2
194 195 2
195 196 2
197 198 2
198 199 2
200 201 2
201 202 2
202 203 2
203 204 2
204 205 2
205 206 2
206 207 2
207 208 2
208 209 2
209 210 2
210 211 2
211 212 2
212 213 2
213 214 2
214 215 2
215 216 2
216 217 2
218 219 2
220 221 2
221 222 2
222 223 2
223 224 2
224 225 2
225 226 2
226 227 2
227 228 2
228 229 2
229 230 2
230 231 2
231 232 2
232 233 2
233 234 2
234 235 2
235 236 2
236 237 2
238 239 2
239 240 2
241 242 2
242 243 2
243 244 2
244 245 2
245 246 2
246 247 2
247 248 2
248 249 2
250 251 2
252 253 2
253 254 2
254 255 2
255 256 2
256 257 2
257 258 2
258 259 2
259 260 2
261 262 2
262 263 2
264 265 2
265 266 2
266 267 2
267 268 2
268 269 2
269 270 2
270 271 2
271 272 2
272 273 2
273 274 2
274 275 2
275 276 2
276 277 2
277 278 2
279 280 2
281 282 2
282 283 2
283 284 2
284 285 2
285 286 2
286 287 2
287 288 2
288 289 2
289 290 2
290 291 2
291 292 2
292 293 2
293 294 2
294 295 2
296 297 2
297 298 2
299 300 2
300 301 2
301 302 2
302 303 2
303 304 2
304 305 2
305 306 2
306 307 2
307 308 2
308 309 2
309 310 2
310 311 2
311 312 2
312 313 2
313 314 2
314 315 2
315 316 2
316 317 2
318 319 2
320 321 2
321 322 2
322 323 2
323 324 2
324 325 2
325 326 2
326 327 2
327 328 2
328 329 2
329 330 2
330 331 2
331 332 2
332 333 2
333 334 2
334 335 2
335 336 2
336 337 2
337 338 2
339 340 2
340 341 2
342 343 2
343 344 2
344 345 2
345 346 2
346 347 2
347 348 2
348 349 2
349 350 2
350 351 2
351 352 2
353 354 2
355 356 1
356 357 1
357 358 1
358 359 1
359 360 1
360 361 1
361 362 1
362 363 1
363 364 1
364 365 1
365 366 1
366 367 1
367 368 1
368 369 1
369 370 1
30
0.014 0.0005
0.014 0.000637931034483
0.014 0.000775862068966
0.014 0.000913793103448
0.014 0.00105172413793
0.014 0.00118965517241
0.014 0.0013275862069
0.014 0.00146551724138
0.014 0.00160344827586
0.014 0.00174137931034
0.014 0.00187931034483
0.014 0.00201724137931
0.014 0.00215517241379
0.014 0.00229310344828
0.014 0.00243103448276
0.014 0.00256896551724
0.014 0.00270689655172
0.014 0.00284482758621
0.014 0.00298275862069
0.014 0.00312068965517
0.014 0.00325862068966
0.014 0.00339655172414
0.014 0.00353448275862
0.014 0.0036724137931
0.014 0.00381034482759
0.014 0.00394827586207
0.014 0.00408620689655
0.014 0.00422413793103
0.014 0.00436206896552
0.014 0.0045
