50
50
3
1 0
2 60
1 -23292
352
0 0
0.001 0
0.002 0
0.003 0
0.004 0
0.005 0
0.006 0
0.007 0
0.008 0
0.009 0
0.01 0
0.011 0
0.012 0
0.013 0
0.014 0
0.015 0
0.016 0
0.017 0
0.018 0
0.019 0
0.02 0
0.021 0
0.022 0
0.023 0
0.024 0
0.025 0
0.026 0
0.027 0
0.028 0
0.028 0
0.028 0.000998708355281
0.028 0.00199741671056
0.028 0.00299612506584
0.028 0.00399483342112
0.028 0.0049935417764
0.028 0.00599225013168
0.028 0.00699095848696
0.028 0.00798966684224
0.028 0.00898837519753
0.028 0.00998708355281
0.028 0.0109857919081
0.028 0.0119845002634
0.028 0.0129832086186
0.028 0.0139819169739
0.028 0.0149806253292
0.028 0.0159793336845
0.028 0.0169780420398
0.028 0.0179767503951
0.028 0.0189754587503
0.028 0.0199741671056
0.028 0.0209728754609
0.028 0.0219715838162
0.028 0.0229702921715
0.028 0.0229702921715
0.027 0.0229702921715
0.027 0.0229702921715
0.027 0.0219719426064
0.027 0.0209735930413
0.027 0.0199752434762
0.027 0.0189768939111
0.027 0.017978544346
0.027 0.016980194781
0.027 0.0159818452159
0.027 0.0149834956508
0.027 0.0139851460857
0.027 0.0129867965206
0.027 0.0119884469556
0.027 0.0109900973905
0.027 0.0099917478254
0.027 0.00899339826032
0.027 0.00799504869524
0.027 0.00699669913016
0.027 0.00599834956508
0.027 0.005
0.027 0.005
0.026 0.005
0.025 0.005
0.025 0.005
0.025 0.00603878519448
0.025 0.00707757038896
0.025 0.00811635558344
0.025 0.00915514077791
0.025 0.0101939259724
0.025 0.0112327111669
0.025 0.0122714963614
0.025 0.0133102815558
0.025 0.0143490667503
0.025 0.0153878519448
0.025 0.0164266371393
0.025 0.0164266371393
0.024 0.0164266371393
0.024 0.0164266371393
0.024 0.0153878519448
0.024 0.0143490667503
0.024 0.0133102815558
0.024 0.0122714963614
0.024 0.0112327111669
0.024 0.0101939259724
0.024 0.00915514077791
0.024 0.00811635558344
0.024 0.00707757038896
0.024 0.00603878519448
0.024 0.005
0.024 0.005
0.023 0.005
0.022 0.005
0.022 0.005
0.022 0.0059806895495
0.022 0.00696137909899
0.022 0.00794206864849
0.022 0.00892275819799
0.022 0.00990344774749
0.022 0.010884137297
0.022 0.0118648268465
0.022 0.012845516396
0.022 0.0138262059455
0.022 0.014806895495
0.022 0.0157875850445
0.022 0.016768274594
0.022 0.0177489641435
0.022 0.018729653693
0.022 0.0197103432425
0.022 0.020691032792
0.022 0.0216717223415
0.022 0.022652411891
0.022 0.022652411891
0.021 0.022652411891
0.021 0.022652411891
0.021 0.0216717223415
0.021 0.020691032792
0.021 0.0197103432425
0.021 0.018729653693
0.021 0.0177489641435
0.021 0.016768274594
0.021 0.0157875850445
0.021 0.014806895495
0.021 0.0138262059455
0.021 0.012845516396
0.021 0.0118648268465
0.021 0.010884137297
0.021 0.00990344774749
0.021 0.00892275819799
0.021 0.00794206864849
0.021 0.00696137909899
0.021 0.0059806895495
0.021 0.005
0.021 0.005
0.02 0.005
0.019 0.005
0.019 0.005
0.019 0.00599558761954
0.019 0.00699117523909
0.019 0.00798676285863
0.019 0.00898235047817
0.019 0.00997793809771
0.019 0.0109735257173
0.019 0.0119691133368
0.019 0.0129647009563
0.019 0.0139602885759
0.019 0.0149558761954
0.019 0.0149558761954
0.018 0.0149558761954
0.018 0.0149558761954
0.018 0.0139602885759
0.018 0.0129647009563
0.018 0.0119691133368
0.018 0.0109735257173
0.018 0.00997793809771
0.018 0.00898235047817
0.018 0.00798676285863
0.018 0.00699117523909
0.018 0.00599558761954
0.018 0.005
0.018 0.005
0.017 0.005
0.016 0.005
0.016 0.005
0.016 0.00599210945052
0.016 0.00698421890104
0.016 0.00797632835155
0.016 0.00896843780207
0.016 0.00996054725259
0.016 0.0109526567031
0.016 0.0119447661536
0.016 0.0129368756041
0.016 0.0139289850547
0.016 0.0149210945052
0.016 0.0159132039557
0.016 0.0169053134062
0.016 0.0178974228567
0.016 0.0188895323073
0.016 0.0198816417578
0.016 0.0208737512083
0.016 0.0208737512083
0.015 0.0208737512083
0.015 0.0208737512083
0.015 0.0198816417578
0.015 0.0188895323073
0.015 0.0178974228567
0.015 0.0169053134062
0.015 0.0159132039557
0.015 0.0149210945052
0.015 0.0139289850547
0.015 0.0129368756041
0.015 0.0119447661536
0.015 0.0109526567031
0.015 0.00996054725259
0.015 0.00896843780207
0.015 0.00797632835155
0.015 0.00698421890104
0.015 0.00599210945052
0.015 0.005
0.015 0.005
0.014 0.005
0.013 0.005
0.013 0.005
0.013 0.00599631034212
0.013 0.00699262068423
0.013 0.00798893102635
0.013 0.00898524136846
0.013 0.00998155171058
0.013 0.0109778620527
0.013 0.0119741723948
0.013 0.0129704827369
0.013 0.013966793079
0.013 0.0149631034212
0.013 0.0159594137633
0.013 0.0169557241054
0.013 0.0179520344475
0.013 0.0189483447896
0.013 0.0199446551317
0.013 0.0209409654738
0.013 0.0209409654738
0.012 0.0209409654738
0.012 0.0209409654738
0.012 0.0199446551317
0.012 0.0189483447896
0.012 0.0179520344475
0.012 0.0169557241054
0.012 0.0159594137633
0.012 0.0149631034212
0.012 0.013966793079
0.012 0.0129704827369
0.012 0.0119741723948
0.012 0.0109778620527
0.012 0.00998155171058
0.012 0.00898524136846
0.012 0.00798893102635
0.012 0.00699262068423
0.012 0.00599631034212
0.012 0.005
0.012 0.005
0.011 0.005
0.01 0.005
0.01 0.005
0.01 0.00607642870734
0.01 0.00715285741467
0.01 0.00822928612201
0.01 0.00930571482935
0.01 0.0103821435367
0.01 0.0103821435367
0.009 0.0103821435367
0.009 0.0103821435367
0.009 0.00930571482935
0.009 0.00822928612201
0.009 0.00715285741467
0.009 0.00607642870734
0.009 0.005
0.009 0.005
0.008 0.005
0.007 0.005
0.007 0.005
0.007 0.00599735906823
0.007 0.00699471813645
0.007 0.00799207720468
0.007 0.0089894362729
0.007 0.00998679534113
0.007 0.0109841544094
0.007 0.0119815134776
0.007 0.0129788725458
0.007 0.0129788725458
0.006 0.0129788725458
0.006 0.0129788725458
0.006 0.0119815134776
0.006 0.0109841544094
0.006 0.00998679534113
0.006 0.0089894362729
0.006 0.00799207720468
0.006 0.00699471813645
0.006 0.00599735906823
0.006 0.005
0.006 0.005
0.005 0.005
0.004 0.005
0.004 0.005
0.004 0.00599366926778
0.004 0.00698733853556
0.004 0.00798100780334
0.004 0.00897467707112
0.004 0.00996834633891
0.004 0.0109620156067
0.004 0.0119556848745
0.004 0.0129493541422
0.004 0.01394302341
0.004 0.0149366926778
0.004 0.0159303619456
0.004 0.0169240312134
0.004 0.0169240312134
0.003 0.0169240312134
0.003 0.0169240312134
0.003 0.0159303619456
0.003 0.0149366926778
0.003 0.01394302341
0.003 0.0129493541422
0.003 0.0119556848745
0.003 0.0109620156067
0.003 0.00996834633891
0.003 0.00897467707112
0.003 0.00798100780334
0.003 0.00698733853556
0.003 0.00599366926778
0.003 0.005
0.003 0.005
0.002 0.005
0.001 0.005
0.001 0.005
0.001 0.0059473516167
0.001 0.0068947032334
0.001 0.0078420548501
0.001 0.0087894064668
0.001 0.0097367580835
0.001 0.0106841097002
0.001 0.0116314613169
0.001 0.0125788129336
0.001 0.0135261645503
0.001 0.0135261645503
0 0.0135261645503
0 0.0135261645503
0 0.0125600099396
0 0.0115938553288
0 0.0106277007181
0 0.00966154610735
0 0.00869539149662
0 0.00772923688588
0 0.00676308227515
0 0.00579692766441
0 0.00483077305368
0 0.00386461844294
0 0.00289846383221
0 0.00193230922147
0 0.000966154610735
0 0
312
1 2 3
2 3 3
3 4 3
4 5 3
5 6 3
6 7 3
7 8 3
8 9 3
9 10 3
10 11 3
11 12 3
12 13 3
13 14 3
14 15 3
15 16 3
16 17 3
17 18 3
18 19 3
19 20 3
20 21 3
21 22 3
22 23 3
23 24 3
24 25 3
25 26 3
26 27 3
27 28 3
28 29 3
30 31 1
31 32 1
32 33 1
33 34 1
34 35 1
35 36 1
36 37 1
37 38 1
38 39 1
39 40 1
40 41 1
41 42 1
42 43 1
43 44 1
44 45 1
45 46 1
46 47 1
47 48 1
48 49 1
49 50 1
50 51 1
51 52 1
52 53 1
54 55 2
56 57 2
57 58 2
58 59 2
59 60 2
60 61 2
61 62 2
62 63 2
63 64 2
64 65 2
65 66 2
66 67 2
67 68 2
68 69 2
69 70 2
70 71 2
71 72 2
72 73 2
73 74 2
75 76 2
76 77 2
78 79 2
79 80 2
80 81 2
81 82 2
82 83 2
83 84 2
84 85 2
85 86 2
86 87 2
87 88 2
88 89 2
90 91 2
92 93 2
93 94 2
94 95 2
95 96 2
96 97 2
97 98 2
98 99 2
99 100 2
100 101 2
101 102 2
102 103 2
104 105 2
105 106 2
107 108 2
108 109 2
109 110 2
110 111 2
111 112 2
112 113 2
113 114 2
114 115 2
115 116 2
116 117 2
117 118 2
118 119 2
119 120 2
120 121 2
121 122 2
122 123 2
123 124 2
124 125 2
126 127 2
128 129 2
129 130 2
130 131 2
131 132 2
132 133 2
133 134 2
134 135 2
135 136 2
136 137 2
137 138 2
138 139 2
139 140 2
140 141 2
141 142 2
142 143 2
143 144 2
144 145 2
145 146 2
147 148 2
148 149 2
150 151 2
151 152 2
152 153 2
153 154 2
154 155 2
155 156 2
156 157 2
157 158 2
158 159 2
159 160 2
161 162 2
163 164 2
164 165 2
165 166 2
166 167 2
167 168 2
168 169 2
169 170 2
170 171 2
171 172 2
172 173 2
174 175 2
175 176 2
177 178 2
178 179 2
179 180 2
180 181 2
181 182 2
182 183 2
183 184 2
184 185 2
185 186 2
186 187 2
187 188 2
188 189 2
189 190 2
190 191 2
191 192 2
192 193 2
194 195 2
196 197 2
197 198 2
198 199 2
199 200 2
200 201 2
201 202 2
202 203 2
203 204 2
204 205 2
205 206 2
206 207 2
207 208 2
208 209 2
209 210 2
210 211 2
211 212 2
213 214 2
214 215 2
216 217 2
217 218 2
218 219 2
219 220 2
220 221 2
221 222 2
222 223 2
223 224 2
224 225 2
225 226 2
226 227 2
227 228 2
228 229 2
229 230 2
230 231 2
231 232 2
233 234 2
235 236 2
236 237 2
237 238 2
238 239 2
239 240 2
240 241 2
241 242 2
242 243 2
243 244 2
244 245 2
245 246 2
246 247 2
247 248 2
248 249 2
249 250 2
250 251 2
252 253 2
253 254 2
255 256 2
256 257 2
257 258 2
258 259 2
259 260 2
261 262 2
263 264 2
264 265 2
265 266 2
266 267 2
267 268 2
269 270 2
270 271 2
272 273 2
273 274 2
274 275 2
275 276 2
276 277 2
277 278 2
278 279 2
279 280 2
281 282 2
283 284 2
284 285 2
285 286 2
286 287 2
287 288 2
288 289 2
289 290 2
290 291 2
292 293 2
293 294 2
295 296 2
296 297 2
297 298 2
298 299 2
299 300 2
300 301 2
301 302 2
302 303 2
303 304 2
304 305 2
305 306 2
306 307 2
308 309 2
310 311 2
311 312 2
312 313 2
313 314 2
314 315 2
315 316 2
316 317 2
317 318 2
318 319 2
319 320 2
320 321 2
321 322 2
323 324 2
324 325 2
326 327 2
327 328 2
328 329 2
329 330 2
330 331 2
331 332 2
332 333 2
333 334 2
334 335 2
336 337 2
338 339 1
339 340 1
340 341 1
341 342 1
342 343 1
343 344 1
344 345 1
345 346 1
346 347 1
347 348 1
348 349 1
349 350 1
350 351 1
351 352 1
30
0.014 0.0005
0.014 0.000637931034483
0.014 0.000775862068966
0.014 0.000913793103448
0.014 0.00105172413793
0.014 0.00118965517241
0.014 0.0013275862069
0.014 0.00146551724138
0.014 0.00160344827586
0.014 0.00174137931034
0.014 0.00187931034483
0.014 0.00201724137931
0.014 0.00215517241379
0.014 0.00229310344828
0.014 0.00243103448276
0.014 0.00256896551724
0.014 0.00270689655172
0.014 0.00284482758621
0.014 0.00298275862069
0.014 0.00312068965517
0.014 0.00325862068966
0.014 0.00339655172414
0.014 0.00353448275862
0.014 0.0036724137931
0.014 0.00381034482759
0.014 0.00394827586207
0.014 0.00408620689655
0.014 0.00422413793103
0.014 0.00436206896552
0.014 0.0045
