50
200
3
1 0
2 60
1 -23292
346
0 0
0.001 0
0.002 0
0.003 0
0.004 0
0.005 0
0.006 0
0.007 0
0.008 0
0.009 0
0.01 0
0.011 0
0.012 0
0.013 0
0.014 0
0.015 0
0.016 0
0.017 0
0.018 0
0.019 0
0.02 0
0.021 0
0.022 0
0.023 0
0.024 0
0.025 0
0.026 0
0.027 0
0.028 0
0.028 0
0.028 0.00102966264927
0.028 0.00205932529855
0.028 0.00308898794782
0.028 0.0041186505971
0.028 0.00514831324637
0.028 0.00617797589565
0.028 0.00720763854492
0.028 0.0082373011942
0.028 0.00926696384347
0.028 0.0102966264927
0.028 0.0102966264927
0.027 0.0102966264927
0.027 0.0102966264927
0.027 0.0092373011942
0.027 0.00817797589565
0.027 0.0071186505971
0.027 0.00605932529855
0.027 0.005
0.027 0.005
0.026 0.005
0.025 0.005
0.025 0.005
0.025 0.0059960832425
0.025 0.006992166485
0.025 0.0079882497275
0.025 0.00898433297
0.025 0.0099804162125
0.025 0.010976499455
0.025 0.0119725826975
0.025 0.01296866594
0.025 0.0139647491825
0.025 0.014960832425
0.025 0.0159569156675
0.025 0.01695299891
0.025 0.0179490821525
0.025 0.018945165395
0.025 0.0199412486375
0.025 0.02093733188
0.025 0.0219334151225
0.025 0.022929498365
0.025 0.022929498365
0.024 0.022929498365
0.024 0.022929498365
0.024 0.0219334151225
0.024 0.02093733188
0.024 0.0199412486375
0.024 0.018945165395
0.024 0.0179490821525
0.024 0.01695299891
0.024 0.0159569156675
0.024 0.014960832425
0.024 0.0139647491825
0.024 0.01296866594
0.024 0.0119725826975
0.024 0.010976499455
0.024 0.0099804162125
0.024 0.00898433297
0.024 0.0079882497275
0.024 0.006992166485
0.024 0.0059960832425
0.024 0.005
0.024 0.005
0.023 0.005
0.022 0.005
0.022 0.005
0.022 0.00595602943927
0.022 0.00691205887854
0.022 0.00786808831781
0.022 0.00882411775708
0.022 0.00978014719635
0.022 0.0107361766356
0.022 0.0116922060749
0.022 0.0126482355142
0.022 0.0126482355142
0.021 0.0126482355142
0.021 0.0126482355142
0.021 0.0116922060749
0.021 0.0107361766356
0.021 0.00978014719635
0.021 0.00882411775708
0.021 0.00786808831781
0.021 0.00691205887854
0.021 0.00595602943927
0.021 0.005
0.021 0.005
0.02 0.005
0.019 0.005
0.019 0.005
0.019 0.00599023299396
0.019 0.00698046598792
0.019 0.00797069898188
0.019 0.00896093197584
0.019 0.00995116496979
0.019 0.0109413979638
0.019 0.0119316309577
0.019 0.0129218639517
0.019 0.0139120969456
0.019 0.0149023299396
0.019 0.0158925629335
0.019 0.0168827959275
0.019 0.0178730289215
0.019 0.0188632619154
0.019 0.0198534949094
0.019 0.0208437279033
0.019 0.0208437279033
0.018 0.0208437279033
0.018 0.0208437279033
0.018 0.0198534949094
0.018 0.0188632619154
0.018 0.0178730289215
0.018 0.0168827959275
0.018 0.0158925629335
0.018 0.0149023299396
0.018 0.0139120969456
0.018 0.0129218639517
0.018 0.0119316309577
0.018 0.0109413979638
0.018 0.00995116496979
0.018 0.00896093197584
0.018 0.00797069898188
0.018 0.00698046598792
0.018 0.00599023299396
0.018 0.005
0.018 0.005
0.017 0.005
0.016 0.005
0.016 0.005
0.016 0.00602424629623
0.016 0.00704849259247
0.016 0.0080727388887
0.016 0.00909698518494
0.016 0.0101212314812
0.016 0.0111454777774
0.016 0.0121697240736
0.016 0.0131939703699
0.016 0.0142182166661
0.016 0.0152424629623
0.016 0.0162667092586
0.016 0.0172909555548
0.016 0.0183152018511
0.016 0.0193394481473
0.016 0.0203636944435
0.016 0.0213879407398
0.016 0.0213879407398
0.015 0.0213879407398
0.015 0.0213879407398
0.015 0.0203636944435
0.015 0.0193394481473
0.015 0.0183152018511
0.015 0.0172909555548
0.015 0.0162667092586
0.015 0.0152424629623
0.015 0.0142182166661
0.015 0.0131939703699
0.015 0.0121697240736
0.015 0.0111454777774
0.015 0.0101212314812
0.015 0.00909698518494
0.015 0.0080727388887
0.015 0.00704849259247
0.015 0.00602424629623
0.015 0.005
0.015 0.005
0.014 0.005
0.013 0.005
0.013 0.005
0.013 0.00603115726562
0.013 0.00706231453123
0.013 0.00809347179685
0.013 0.00912462906247
0.013 0.0101557863281
0.013 0.0111869435937
0.013 0.0122181008593
0.013 0.0132492581249
0.013 0.0132492581249
0.012 0.0132492581249
0.012 0.0132492581249
0.012 0.0122181008593
0.012 0.0111869435937
0.012 0.0101557863281
0.012 0.00912462906247
0.012 0.00809347179685
0.012 0.00706231453123
0.012 0.00603115726562
0.012 0.005
0.012 0.005
0.011 0.005
0.01 0.005
0.01 0.005
0.01 0.00602048520098
0.01 0.00704097040197
0.01 0.00806145560295
0.01 0.00908194080394
0.01 0.0101024260049
0.01 0.0111229112059
0.01 0.0121433964069
0.01 0.0131638816079
0.01 0.0141843668089
0.01 0.0152048520098
0.01 0.0162253372108
0.01 0.0172458224118
0.01 0.0182663076128
0.01 0.0182663076128
0.009 0.0182663076128
0.009 0.0182663076128
0.009 0.0172458224118
0.009 0.0162253372108
0.009 0.0152048520098
0.009 0.0141843668089
0.009 0.0131638816079
0.009 0.0121433964069
0.009 0.0111229112059
0.009 0.0101024260049
0.009 0.00908194080394
0.009 0.00806145560295
0.009 0.00704097040197
0.009 0.00602048520098
0.009 0.005
0.009 0.005
0.008 0.005
0.007 0.005
0.007 0.005
0.007 0.00603556746768
0.007 0.00707113493536
0.007 0.00810670240304
0.007 0.00914226987072
0.007 0.0101778373384
0.007 0.0112134048061
0.007 0.0122489722738
0.007 0.0122489722738
0.006 0.0122489722738
0.006 0.0122489722738
0.006 0.0112134048061
0.006 0.0101778373384
0.006 0.00914226987072
0.006 0.00810670240304
0.006 0.00707113493536
0.006 0.00603556746768
0.006 0.005
0.006 0.005
0.005 0.005
0.004 0.005
0.004 0.005
0.004 0.00600632269671
0.004 0.00701264539342
0.004 0.00801896809013
0.004 0.00902529078685
0.004 0.0100316134836
0.004 0.0110379361803
0.004 0.012044258877
0.004 0.0130505815737
0.004 0.0140569042704
0.004 0.0150632269671
0.004 0.0160695496638
0.004 0.0170758723605
0.004 0.0180821950573
0.004 0.019088517754
0.004 0.0200948404507
0.004 0.0211011631474
0.004 0.0211011631474
0.003 0.0211011631474
0.003 0.0211011631474
0.003 0.0200948404507
0.003 0.019088517754
0.003 0.0180821950573
0.003 0.0170758723605
0.003 0.0160695496638
0.003 0.0150632269671
0.003 0.0140569042704
0.003 0.0130505815737
0.003 0.012044258877
0.003 0.0110379361803
0.003 0.0100316134836
0.003 0.00902529078685
0.003 0.00801896809013
0.003 0.00701264539342
0.003 0.00600632269671
0.003 0.005
0.003 0.005
0.002 0.005
0.001 0.005
0.001 0.005
0.001 0.0059937353597
0.001 0.0069874707194
0.001 0.00798120607911
0.001 0.00897494143881
0.001 0.00996867679851
0.001 0.0109624121582
0.001 0.0119561475179
0.001 0.0129498828776
0.001 0.0139436182373
0.001 0.014937353597
0.001 0.0159310889567
0.001 0.0169248243164
0.001 0.0179185596761
0.001 0.0179185596761
0 0.0179185596761
0 0.0179185596761
0 0.0169230841386
0 0.015927608601
0 0.0149321330634
0 0.0139366575259
0 0.0129411819883
0 0.0119457064507
0 0.0109502309132
0 0.00995475537562
0 0.00895927983806
0 0.0079638043005
0 0.00696832876294
0 0.00597285322537
0 0.00497737768781
0 0.00398190215025
0 0.00298642661269
0 0.00199095107512
0 0.000995475537562
0 0
306
1 2 3
2 3 3
3 4 3
4 5 3
5 6 3
6 7 3
7 8 3
8 9 3
9 10 3
10 11 3
11 12 3
12 13 3
13 14 3
14 15 3
15 16 3
16 17 3
17 18 3
18 19 3
19 20 3
20 21 3
21 22 3
22 23 3
23 24 3
24 25 3
25 26 3
26 27 3
27 28 3
28 29 3
30 31 1
31 32 1
32 33 1
33 34 1
34 35 1
35 36 1
36 37 1
37 38 1
38 39 1
39 40 1
41 42 2
43 44 2
44 45 2
45 46 2
46 47 2
47 48 2
49 50 2
50 51 2
52 53 2
53 54 2
54 55 2
55 56 2
56 57 2
57 58 2
58 59 2
59 60 2
60 61 2
61 62 2
62 63 2
63 64 2
64 65 2
65 66 2
66 67 2
67 68 2
68 69 2
69 70 2
71 72 2
73 74 2
74 75 2
75 76 2
76 77 2
77 78 2
78 79 2
79 80 2
80 81 2
81 82 2
82 83 2
83 84 2
84 85 2
85 86 2
86 87 2
87 88 2
88 89 2
89 90 2
90 91 2
92 93 2
93 94 2
95 96 2
96 97 2
97 98 2
98 99 2
99 100 2
100 101 2
101 102 2
102 103 2
104 105 2
106 107 2
107 108 2
108 109 2
109 110 2
110 111 2
111 112 2
112 113 2
113 114 2
115 116 2
116 117 2
118 119 2
119 120 2
120 121 2
121 122 2
122 123 2
123 124 2
124 125 2
125 126 2
126 127 2
127 128 2
128 129 2
129 130 2
130 131 2
131 132 2
132 133 2
133 134 2
135 136 2
137 138 2
138 139 2
139 140 2
140 141 2
141 142 2
142 143 2
143 144 2
144 145 2
145 146 2
146 147 2
147 148 2
148 149 2
149 150 2
150 151 2
151 152 2
152 153 2
154 155 2
155 156 2
157 158 2
158 159 2
159 160 2
160 161 2
161 162 2
162 163 2
163 164 2
164 165 2
165 166 2
166 167 2
167 168 2
168 169 2
169 170 2
170 171 2
171 172 2
172 173 2
174 175 2
176 177 2
177 178 2
178 179 2
179 180 2
180 181 2
181 182 2
182 183 2
183 184 2
184 185 2
185 186 2
186 187 2
187 188 2
188 189 2
189 190 2
190 191 2
191 192 2
193 194 2
194 195 2
196 197 2
197 198 2
198 199 2
199 200 2
200 201 2
201 202 2
202 203 2
203 204 2
205 206 2
207 208 2
208 209 2
209 210 2
210 211 2
211 212 2
212 213 2
213 214 2
214 215 2
216 217 2
217 218 2
219 220 2
220 221 2
221 222 2
222 223 2
223 224 2
224 225 2
225 226 2
226 227 2
227 228 2
228 229 2
229 230 2
230 231 2
231 232 2
233 234 2
235 236 2
236 237 2
237 238 2
238 239 2
239 240 2
240 241 2
241 242 2
242 243 2
243 244 2
244 245 2
245 246 2
246 247 2
247 248 2
249 250 2
250 251 2
252 253 2
253 254 2
254 255 2
255 256 2
256 257 2
257 258 2
258 259 2
260 261 2
262 263 2
263 264 2
264 265 2
265 266 2
266 267 2
267 268 2
268 269 2
270 271 2
271 272 2
273 274 2
274 275 2
275 276 2
276 277 2
277 278 2
278 279 2
279 280 2
280 281 2
281 282 2
282 283 2
283 284 2
284 285 2
285 286 2
286 287 2
287 288 2
288 289 2
290 291 2
292 293 2
293 294 2
294 295 2
295 296 2
296 297 2
297 298 2
298 299 2
299 300 2
300 301 2
301 302 2
302 303 2
303 304 2
304 305 2
305 306 2
306 307 2
307 308 2
309 310 2
310 311 2
312 313 2
313 314 2
314 315 2
315 316 2
316 317 2
317 318 2
318 319 2
319 320 2
320 321 2
321 322 2
322 323 2
323 324 2
324 325 2
326 327 2
328 329 1
329 330 1
330 331 1
331 332 1
332 333 1
333 334 1
334 335 1
335 336 1
336 337 1
337 338 1
338 339 1
339 340 1
340 341 1
341 342 1
342 343 1
343 344 1
344 345 1
345 346 1
30
0.014 0.0005
0.014 0.000637931034483
0.014 0.000775862068966
0.014 0.000913793103448
0.014 0.00105172413793
0.014 0.00118965517241
0.014 0.0013275862069
0.014 0.00146551724138
0.014 0.00160344827586
0.014 0.00174137931034
0.014 0.00187931034483
0.014 0.00201724137931
0.014 0.00215517241379
0.014 0.00229310344828
0.014 0.00243103448276
0.014 0.00256896551724
0.014 0.00270689655172
0.014 0.00284482758621
0.014 0.00298275862069
0.014 0.00312068965517
0.014 0.00325862068966
0.014 0.00339655172414
0.014 0.00353448275862
0.014 0.0036724137931
0.014 0.00381034482759
0.014 0.00394827586207
0.014 0.00408620689655
0.014 0.00422413793103
0.014 0.00436206896552
0.014 0.0045
