50
200
3
1 0
2 60
1 -23292
356
0 0
0.001 0
0.002 0
0.003 0
0.004 0
0.005 0
0.006 0
0.007 0
0.008 0
0.009 0
0.01 0
0.011 0
0.012 0
0.013 0
0.014 0
0.015 0
0.016 0
0.017 0
0.018 0
0.019 0
0.02 0
0.021 0
0.022 0
0.023 0
0.024 0
0.025 0
0.026 0
0.027 0
0.028 0
0.028 0
0.028 0.00100425604938
0.028 0.00200851209877
0.028 0.00301276814815
0.028 0.00401702419754
0.028 0.00502128024692
0.028 0.00602553629631
0.028 0.00702979234569
0.028 0.00803404839507
0.028 0.00903830444446
0.028 0.0100425604938
0.028 0.0110468165432
0.028 0.0120510725926
0.028 0.013055328642
0.028 0.0140595846914
0.028 0.0150638407408
0.028 0.0160680967901
0.028 0.0170723528395
0.028 0.0180766088889
0.028 0.0180766088889
0.027 0.0180766088889
0.027 0.0180766088889
0.027 0.0170707158975
0.027 0.016064822906
0.027 0.0150589299146
0.027 0.0140530369231
0.027 0.0130471439316
0.027 0.0120412509402
0.027 0.0110353579487
0.027 0.0100294649573
0.027 0.00902357196582
0.027 0.00801767897437
0.027 0.00701178598291
0.027 0.00600589299146
0.027 0.005
0.027 0.005
0.026 0.005
0.025 0.005
0.025 0.005
0.025 0.00598170245078
0.025 0.00696340490156
0.025 0.00794510735234
0.025 0.00892680980312
0.025 0.0099085122539
0.025 0.0108902147047
0.025 0.0118719171555
0.025 0.0128536196062
0.025 0.013835322057
0.025 0.0148170245078
0.025 0.0157987269586
0.025 0.0167804294094
0.025 0.0177621318601
0.025 0.0187438343109
0.025 0.0197255367617
0.025 0.0207072392125
0.025 0.0216889416633
0.025 0.022670644114
0.025 0.022670644114
0.024 0.022670644114
0.024 0.022670644114
0.024 0.0216889416633
0.024 0.0207072392125
0.024 0.0197255367617
0.024 0.0187438343109
0.024 0.0177621318601
0.024 0.0167804294094
0.024 0.0157987269586
0.024 0.0148170245078
0.024 0.013835322057
0.024 0.0128536196062
0.024 0.0118719171555
0.024 0.0108902147047
0.024 0.0099085122539
0.024 0.00892680980312
0.024 0.00794510735234
0.024 0.00696340490156
0.024 0.00598170245078
0.024 0.005
0.024 0.005
0.023 0.005
0.022 0.005
0.022 0.005
0.022 0.00600521309144
0.022 0.00701042618289
0.022 0.00801563927433
0.022 0.00902085236578
0.022 0.0100260654572
0.022 0.0110312785487
0.022 0.0120364916401
0.022 0.0130417047316
0.022 0.014046917823
0.022 0.0150521309144
0.022 0.0160573440059
0.022 0.0170625570973
0.022 0.0180677701888
0.022 0.0190729832802
0.022 0.0200781963717
0.022 0.0210834094631
0.022 0.0220886225546
0.022 0.023093835646
0.022 0.023093835646
0.021 0.023093835646
0.021 0.023093835646
0.021 0.0220886225546
0.021 0.0210834094631
0.021 0.0200781963717
0.021 0.0190729832802
0.021 0.0180677701888
0.021 0.0170625570973
0.021 0.0160573440059
0.021 0.0150521309144
0.021 0.014046917823
0.021 0.0130417047316
0.021 0.0120364916401
0.021 0.0110312785487
0.021 0.0100260654572
0.021 0.00902085236578
0.021 0.00801563927433
0.021 0.00701042618289
0.021 0.00600521309144
0.021 0.005
0.021 0.005
0.02 0.005
0.019 0.005
0.019 0.005
0.019 0.00598654368959
0.019 0.00697308737918
0.019 0.00795963106877
0.019 0.00894617475836
0.019 0.00993271844795
0.019 0.0109192621375
0.019 0.0119058058271
0.019 0.0128923495167
0.019 0.0138788932063
0.019 0.0148654368959
0.019 0.0148654368959
0.018 0.0148654368959
0.018 0.0148654368959
0.018 0.0138788932063
0.018 0.0128923495167
0.018 0.0119058058271
0.018 0.0109192621375
0.018 0.00993271844795
0.018 0.00894617475836
0.018 0.00795963106877
0.018 0.00697308737918
0.018 0.00598654368959
0.018 0.005
0.018 0.005
0.017 0.005
0.016 0.005
0.016 0.005
0.016 0.00606699128398
0.016 0.00713398256795
0.016 0.00820097385193
0.016 0.0092679651359
0.016 0.0103349564199
0.016 0.0103349564199
0.015 0.0103349564199
0.015 0.0103349564199
0.015 0.0092679651359
0.015 0.00820097385193
0.015 0.00713398256795
0.015 0.00606699128398
0.015 0.005
0.015 0.005
0.014 0.005
0.013 0.005
0.013 0.005
0.013 0.00598702590725
0.013 0.00697405181451
0.013 0.00796107772176
0.013 0.00894810362902
0.013 0.00993512953627
0.013 0.0109221554435
0.013 0.0119091813508
0.013 0.012896207258
0.013 0.0138832331653
0.013 0.0148702590725
0.013 0.0158572849798
0.013 0.0168443108871
0.013 0.0178313367943
0.013 0.0188183627016
0.013 0.0198053886088
0.013 0.0207924145161
0.013 0.0217794404233
0.013 0.0217794404233
0.012 0.0217794404233
0.012 0.0217794404233
0.012 0.0207924145161
0.012 0.0198053886088
0.012 0.0188183627016
0.012 0.0178313367943
0.012 0.0168443108871
0.012 0.0158572849798
0.012 0.0148702590725
0.012 0.0138832331653
0.012 0.012896207258
0.012 0.0119091813508
0.012 0.0109221554435
0.012 0.00993512953627
0.012 0.00894810362902
0.012 0.00796107772176
0.012 0.00697405181451
0.012 0.00598702590725
0.012 0.005
0.012 0.005
0.011 0.005
0.01 0.005
0.01 0.005
0.01 0.00598386748965
0.01 0.00696773497931
0.01 0.00795160246896
0.01 0.00893546995861
0.01 0.00991933744827
0.01 0.0109032049379
0.01 0.0118870724276
0.01 0.0128709399172
0.01 0.0138548074069
0.01 0.0148386748965
0.01 0.0158225423862
0.01 0.0168064098758
0.01 0.0177902773655
0.01 0.0177902773655
0.009 0.0177902773655
0.009 0.0177902773655
0.009 0.0168064098758
0.009 0.0158225423862
0.009 0.0148386748965
0.009 0.0138548074069
0.009 0.0128709399172
0.009 0.0118870724276
0.009 0.0109032049379
0.009 0.00991933744827
0.009 0.00893546995861
0.009 0.00795160246896
0.009 0.00696773497931
0.009 0.00598386748965
0.009 0.005
0.009 0.005
0.008 0.005
0.007 0.005
0.007 0.005
0.007 0.00604134213712
0.007 0.00708268427425
0.007 0.00812402641137
0.007 0.0091653685485
0.007 0.0102067106856
0.007 0.0112480528227
0.007 0.0122893949599
0.007 0.013330737097
0.007 0.013330737097
0.006 0.013330737097
0.006 0.013330737097
0.006 0.0122893949599
0.006 0.0112480528227
0.006 0.0102067106856
0.006 0.0091653685485
0.006 0.00812402641137
0.006 0.00708268427425
0.006 0.00604134213712
0.006 0.005
0.006 0.005
0.005 0.005
0.004 0.005
0.004 0.005
0.004 0.00601705732856
0.004 0.00703411465713
0.004 0.00805117198569
0.004 0.00906822931426
0.004 0.0100852866428
0.004 0.0111023439714
0.004 0.0121194013
0.004 0.0131364586285
0.004 0.0141535159571
0.004 0.0151705732856
0.004 0.0161876306142
0.004 0.0172046879428
0.004 0.0182217452713
0.004 0.0192388025999
0.004 0.0202558599285
0.004 0.021272917257
0.004 0.021272917257
0.003 0.021272917257
0.003 0.021272917257
0.003 0.0202558599285
0.003 0.0192388025999
0.003 0.0182217452713
0.003 0.0172046879428
0.003 0.0161876306142
0.003 0.0151705732856
0.003 0.0141535159571
0.003 0.0131364586285
0.003 0.0121194013
0.003 0.0111023439714
0.003 0.0100852866428
0.003 0.00906822931426
0.003 0.00805117198569
0.003 0.00703411465713
0.003 0.00601705732856
0.003 0.005
0.003 0.005
0.002 0.005
0.001 0.005
0.001 0.005
0.001 0.00602402615741
0.001 0.00704805231482
0.001 0.00807207847223
0.001 0.00909610462964
0.001 0.010120130787
0.001 0.0111441569445
0.001 0.0121681831019
0.001 0.0121681831019
0 0.0121681831019
0 0.0121681831019
0 0.0111541678434
0 0.0101401525849
0 0.0091261373264
0 0.00811212206791
0 0.00709810680942
0 0.00608409155093
0 0.00507007629245
0 0.00405606103396
0 0.00304204577547
0 0.00202803051698
0 0.00101401525849
0 1.73472347598e-18
316
1 2 3
2 3 3
3 4 3
4 5 3
5 6 3
6 7 3
7 8 3
8 9 3
9 10 3
10 11 3
11 12 3
12 13 3
13 14 3
14 15 3
15 16 3
16 17 3
17 18 3
18 19 3
19 20 3
20 21 3
21 22 3
22 23 3
23 24 3
24 25 3
25 26 3
26 27 3
27 28 3
28 29 3
30 31 1
31 32 1
32 33 1
33 34 1
34 35 1
35 36 1
36 37 1
37 38 1
38 39 1
39 40 1
40 41 1
41 42 1
42 43 1
43 44 1
44 45 1
45 46 1
46 47 1
47 48 1
49 50 2
51 52 2
52 53 2
53 54 2
54 55 2
55 56 2
56 57 2
57 58 2
58 59 2
59 60 2
60 61 2
61 62 2
62 63 2
63 64 2
65 66 2
66 67 2
68 69 2
69 70 2
70 71 2
71 72 2
72 73 2
73 74 2
74 75 2
75 76 2
76 77 2
77 78 2
78 79 2
79 80 2
80 81 2
81 82 2
82 83 2
83 84 2
84 85 2
85 86 2
87 88 2
89 90 2
90 91 2
91 92 2
92 93 2
93 94 2
94 95 2
95 96 2
96 97 2
97 98 2
98 99 2
99 100 2
100 101 2
101 102 2
102 103 2
103 104 2
104 105 2
105 106 2
106 107 2
108 109 2
109 110 2
111 112 2
112 113 2
113 114 2
114 115 2
115 116 2
116 117 2
117 118 2
118 119 2
119 120 2
120 121 2
121 122 2
122 123 2
123 124 2
124 125 2
125 126 2
126 127 2
127 128 2
128 129 2
130 131 2
132 133 2
133 134 2
134 135 2
135 136 2
136 137 2
137 138 2
138 139 2
139 140 2
140 141 2
141 142 2
142 143 2
143 144 2
144 145 2
145 146 2
146 147 2
147 148 2
148 149 2
149 150 2
151 152 2
152 153 2
154 155 2
155 156 2
156 157 2
157 158 2
158 159 2
159 160 2
160 161 2
161 162 2
162 163 2
163 164 2
165 166 2
167 168 2
168 169 2
169 170 2
170 171 2
171 172 2
172 173 2
173 174 2
174 175 2
175 176 2
176 177 2
178 179 2
179 180 2
181 182 2
182 183 2
183 184 2
184 185 2
185 186 2
187 188 2
189 190 2
190 191 2
191 192 2
192 193 2
193 194 2
195 196 2
196 197 2
198 199 2
199 200 2
200 201 2
201 202 2
202 203 2
203 204 2
204 205 2
205 206 2
206 207 2
207 208 2
208 209 2
209 210 2
210 211 2
211 212 2
212 213 2
213 214 2
214 215 2
216 217 2
218 219 2
219 220 2
220 221 2
221 222 2
222 223 2
223 224 2
224 225 2
225 226 2
226 227 2
227 228 2
228 229 2
229 230 2
230 231 2
231 232 2
232 233 2
233 234 2
234 235 2
236 237 2
237 238 2
239 240 2
240 241 2
241 242 2
242 243 2
243 244 2
244 245 2
245 246 2
246 247 2
247 248 2
248 249 2
249 250 2
250 251 2
251 252 2
253 254 2
255 256 2
256 257 2
257 258 2
258 259 2
259 260 2
260 261 2
261 262 2
262 263 2
263 264 2
264 265 2
265 266 2
266 267 2
267 268 2
269 270 2
270 271 2
272 273 2
273 274 2
274 275 2
275 276 2
276 277 2
277 278 2
278 279 2
279 280 2
281 282 2
283 284 2
284 285 2
285 286 2
286 287 2
287 288 2
288 289 2
289 290 2
290 291 2
292 293 2
293 294 2
295 296 2
296 297 2
297 298 2
298 299 2
299 300 2
300 301 2
301 302 2
302 303 2
303 304 2
304 305 2
305 306 2
306 307 2
307 308 2
308 309 2
309 310 2
310 311 2
312 313 2
314 315 2
315 316 2
316 317 2
317 318 2
318 319 2
319 320 2
320 321 2
321 322 2
322 323 2
323 324 2
324 325 2
325 326 2
326 327 2
327 328 2
328 329 2
329 330 2
331 332 2
332 333 2
334 335 2
335 336 2
336 337 2
337 338 2
338 339 2
339 340 2
340 341 2
342 343 2
344 345 1
345 346 1
346 347 1
347 348 1
348 349 1
349 350 1
350 351 1
351 352 1
352 353 1
353 354 1
354 355 1
355 356 1
30
0.014 0.0005
0.014 0.000637931034483
0.014 0.000775862068966
0.014 0.000913793103448
0.014 0.00105172413793
0.014 0.00118965517241
0.014 0.0013275862069
0.014 0.00146551724138
0.014 0.00160344827586
0.014 0.00174137931034
0.014 0.00187931034483
0.014 0.00201724137931
0.014 0.00215517241379
0.014 0.00229310344828
0.014 0.00243103448276
0.014 0.00256896551724
0.014 0.00270689655172
0.014 0.00284482758621
0.014 0.00298275862069
0.014 0.00312068965517
0.014 0.00325862068966
0.014 0.00339655172414
0.014 0.00353448275862
0.014 0.0036724137931
0.014 0.00381034482759
0.014 0.00394827586207
0.014 0.00408620689655
0.014 0.00422413793103
0.014 0.00436206896552
0.014 0.0045
