50
200
3
1 0
2 60
1 -23292
342
0 0
0.001 0
0.002 0
0.003 0
0.004 0
0.005 0
0.006 0
0.007 0
0.008 0
0.009 0
0.01 0
0.011 0
0.012 0
0.013 0
0.014 0
0.015 0
0.016 0
0.017 0
0.018 0
0.019 0
0.02 0
0.021 0
0.022 0
0.023 0
0.024 0
0.025 0
0.026 0
0.027 0
0.028 0
0.028 0
0.028 0.00102701986993
0.028 0.00205403973986
0.028 0.00308105960979
0.028 0.00410807947972
0.028 0.00513509934964
0.028 0.00616211921957
0.028 0.0071891390895
0.028 0.00821615895943
0.028 0.00924317882936
0.028 0.0102701986993
0.028 0.0112972185692
0.028 0.0123242384391
0.028 0.0133512583091
0.028 0.014378278179
0.028 0.0154052980489
0.028 0.0164323179189
0.028 0.0174593377888
0.028 0.0174593377888
0.027 0.0174593377888
0.027 0.0174593377888
0.027 0.0164210596397
0.027 0.0153827814907
0.027 0.0143445033416
0.027 0.0133062251925
0.027 0.0122679470435
0.027 0.0112296688944
0.027 0.0101913907453
0.027 0.00915311259626
0.027 0.0081148344472
0.027 0.00707655629813
0.027 0.00603827814907
0.027 0.005
0.027 0.005
0.026 0.005
0.025 0.005
0.025 0.005
0.025 0.00603945318277
0.025 0.00707890636554
0.025 0.0081183595483
0.025 0.00915781273107
0.025 0.0101972659138
0.025 0.0112367190966
0.025 0.0122761722794
0.025 0.0133156254621
0.025 0.0143550786449
0.025 0.0153945318277
0.025 0.0164339850104
0.025 0.0164339850104
0.024 0.0164339850104
0.024 0.0164339850104
0.024 0.0153945318277
0.024 0.0143550786449
0.024 0.0133156254621
0.024 0.0122761722794
0.024 0.0112367190966
0.024 0.0101972659138
0.024 0.00915781273107
0.024 0.0081183595483
0.024 0.00707890636554
0.024 0.00603945318277
0.024 0.005
0.024 0.005
0.023 0.005
0.022 0.005
0.022 0.005
0.022 0.00599521556505
0.022 0.0069904311301
0.022 0.00798564669516
0.022 0.00898086226021
0.022 0.00997607782526
0.022 0.0109712933903
0.022 0.0119665089554
0.022 0.0129617245204
0.022 0.0139569400855
0.022 0.0149521556505
0.022 0.0159473712156
0.022 0.0169425867806
0.022 0.0169425867806
0.021 0.0169425867806
0.021 0.0169425867806
0.021 0.0159473712156
0.021 0.0149521556505
0.021 0.0139569400855
0.021 0.0129617245204
0.021 0.0119665089554
0.021 0.0109712933903
0.021 0.00997607782526
0.021 0.00898086226021
0.021 0.00798564669516
0.021 0.0069904311301
0.021 0.00599521556505
0.021 0.005
0.021 0.005
0.02 0.005
0.019 0.005
0.019 0.005
0.019 0.0059699127029
0.019 0.0069398254058
0.019 0.0079097381087
0.019 0.0088796508116
0.019 0.00984956351451
0.019 0.0108194762174
0.019 0.0117893889203
0.019 0.0127593016232
0.019 0.0127593016232
0.018 0.0127593016232
0.018 0.0127593016232
0.018 0.0117893889203
0.018 0.0108194762174
0.018 0.00984956351451
0.018 0.0088796508116
0.018 0.0079097381087
0.018 0.0069398254058
0.018 0.0059699127029
0.018 0.005
0.018 0.005
0.017 0.005
0.016 0.005
0.016 0.005
0.016 0.00600722171641
0.016 0.00701444343281
0.016 0.00802166514922
0.016 0.00902888686563
0.016 0.010036108582
0.016 0.0110433302984
0.016 0.0120505520148
0.016 0.0130577737313
0.016 0.0140649954477
0.016 0.0150722171641
0.016 0.0160794388805
0.016 0.0170866605969
0.016 0.0180938823133
0.016 0.0191011040297
0.016 0.0201083257461
0.016 0.0211155474625
0.016 0.0221227691789
0.016 0.0231299908953
0.016 0.0231299908953
0.015 0.0231299908953
0.015 0.0231299908953
0.015 0.0221227691789
0.015 0.0211155474625
0.015 0.0201083257461
0.015 0.0191011040297
0.015 0.0180938823133
0.015 0.0170866605969
0.015 0.0160794388805
0.015 0.0150722171641
0.015 0.0140649954477
0.015 0.0130577737313
0.015 0.0120505520148
0.015 0.0110433302984
0.015 0.010036108582
0.015 0.00902888686563
0.015 0.00802166514922
0.015 0.00701444343281
0.015 0.00600722171641
0.015 0.005
0.015 0.005
0.014 0.005
0.013 0.005
0.013 0.005
0.013 0.00597789428099
0.013 0.00695578856198
0.013 0.00793368284297
0.013 0.00891157712397
0.013 0.00988947140496
0.013 0.0108673656859
0.013 0.0118452599669
0.013 0.0128231542479
0.013 0.0138010485289
0.013 0.0147789428099
0.013 0.0157568370909
0.013 0.0167347313719
0.013 0.0177126256529
0.013 0.0177126256529
0.012 0.0177126256529
0.012 0.0177126256529
0.012 0.0167347313719
0.012 0.0157568370909
0.012 0.0147789428099
0.012 0.0138010485289
0.012 0.0128231542479
0.012 0.0118452599669
0.012 0.0108673656859
0.012 0.00988947140496
0.012 0.00891157712397
0.012 0.00793368284297
0.012 0.00695578856198
0.012 0.00597789428099
0.012 0.005
0.012 0.005
0.011 0.005
0.01 0.005
0.01 0.005
0.01 0.00603452885487
0.01 0.00706905770974
0.01 0.00810358656461
0.01 0.00913811541948
0.01 0.0101726442743
0.01 0.0112071731292
0.01 0.0122417019841
0.01 0.0122417019841
0.009 0.0122417019841
0.009 0.0122417019841
0.009 0.0112071731292
0.009 0.0101726442743
0.009 0.00913811541948
0.009 0.00810358656461
0.009 0.00706905770974
0.009 0.00603452885487
0.009 0.005
0.009 0.005
0.008 0.005
0.007 0.005
0.007 0.005
0.007 0.00594363883916
0.007 0.00688727767831
0.007 0.00783091651747
0.007 0.00877455535663
0.007 0.00971819419579
0.007 0.0106618330349
0.007 0.0116054718741
0.007 0.0125491107133
0.007 0.0125491107133
0.006 0.0125491107133
0.006 0.0125491107133
0.006 0.0116054718741
0.006 0.0106618330349
0.006 0.00971819419579
0.006 0.00877455535663
0.006 0.00783091651747
0.006 0.00688727767831
0.006 0.00594363883916
0.006 0.005
0.006 0.005
0.005 0.005
0.004 0.005
0.004 0.005
0.004 0.0059816460895
0.004 0.00696329217899
0.004 0.00794493826849
0.004 0.00892658435799
0.004 0.00990823044748
0.004 0.010889876537
0.004 0.0118715226265
0.004 0.012853168716
0.004 0.0138348148055
0.004 0.014816460895
0.004 0.0157981069845
0.004 0.016779753074
0.004 0.0177613991635
0.004 0.018743045253
0.004 0.0197246913424
0.004 0.0197246913424
0.003 0.0197246913424
0.003 0.0197246913424
0.003 0.018743045253
0.003 0.0177613991635
0.003 0.016779753074
0.003 0.0157981069845
0.003 0.014816460895
0.003 0.0138348148055
0.003 0.012853168716
0.003 0.0118715226265
0.003 0.010889876537
0.003 0.00990823044748
0.003 0.00892658435799
0.003 0.00794493826849
0.003 0.00696329217899
0.003 0.0059816460895
0.003 0.005
0.003 0.005
0.002 0.005
0.001 0.005
0.001 0.005
0.001 0.00601455931554
0.001 0.00702911863108
0.001 0.00804367794662
0.001 0.00905823726216
0.001 0.0100727965777
0.001 0.0110873558932
0.001 0.0121019152088
0.001 0.0131164745243
0.001 0.0141310338398
0.001 0.0151455931554
0.001 0.0161601524709
0.001 0.0171747117865
0.001 0.018189271102
0.001 0.0192038304175
0.001 0.0192038304175
0 0.0192038304175
0 0.0192038304175
0 0.0181931025008
0 0.0171823745841
0 0.0161716466674
0 0.0151609187507
0 0.014150190834
0 0.0131394629173
0 0.0121287350006
0 0.0111180070838
0 0.0101072791671
0 0.00909655125041
0 0.0080858233337
0 0.00707509541699
0 0.00606436750028
0 0.00505363958356
0 0.00404291166685
0 0.00303218375014
0 0.00202145583343
0 0.00101072791671
0 0
302
1 2 3
2 3 3
3 4 3
4 5 3
5 6 3
6 7 3
7 8 3
8 9 3
9 10 3
10 11 3
11 12 3
12 13 3
13 14 3
14 15 3
15 16 3
16 17 3
17 18 3
18 19 3
19 20 3
20 21 3
21 22 3
22 23 3
23 24 3
24 25 3
25 26 3
26 27 3
27 28 3
28 29 3
30 31 1
31 32 1
32 33 1
33 34 1
34 35 1
35 36 1
36 37 1
37 38 1
38 39 1
39 40 1
40 41 1
41 42 1
42 43 1
43 44 1
44 45 1
45 46 1
46 47 1
48 49 2
50 51 2
51 52 2
52 53 2
53 54 2
54 55 2
55 56 2
56 57 2
57 58 2
58 59 2
59 60 2
60 61 2
61 62 2
63 64 2
64 65 2
66 67 2
67 68 2
68 69 2
69 70 2
70 71 2
71 72 2
72 73 2
73 74 2
74 75 2
75 76 2
76 77 2
78 79 2
80 81 2
81 82 2
82 83 2
83 84 2
84 85 2
85 86 2
86 87 2
87 88 2
88 89 2
89 90 2
90 91 2
92 93 2
93 94 2
95 96 2
96 97 2
97 98 2
98 99 2
99 100 2
100 101 2
101 102 2
102 103 2
103 104 2
104 105 2
105 106 2
106 107 2
108 109 2
110 111 2
111 112 2
112 113 2
113 114 2
114 115 2
115 116 2
116 117 2
117 118 2
118 119 2
119 120 2
120 121 2
121 122 2
123 124 2
124 125 2
126 127 2
127 128 2
128 129 2
129 130 2
130 131 2
131 132 2
132 133 2
133 134 2
135 136 2
137 138 2
138 139 2
139 140 2
140 141 2
141 142 2
142 143 2
143 144 2
144 145 2
146 147 2
147 148 2
149 150 2
150 151 2
151 152 2
152 153 2
153 154 2
154 155 2
155 156 2
156 157 2
157 158 2
158 159 2
159 160 2
160 161 2
161 162 2
162 163 2
163 164 2
164 165 2
165 166 2
166 167 2
168 169 2
170 171 2
171 172 2
172 173 2
173 174 2
174 175 2
175 176 2
176 177 2
177 178 2
178 179 2
179 180 2
180 181 2
181 182 2
182 183 2
183 184 2
184 185 2
185 186 2
186 187 2
187 188 2
189 190 2
190 191 2
192 193 2
193 194 2
194 195 2
195 196 2
196 197 2
197 198 2
198 199 2
199 200 2
200 201 2
201 202 2
202 203 2
203 204 2
204 205 2
206 207 2
208 209 2
209 210 2
210 211 2
211 212 2
212 213 2
213 214 2
214 215 2
215 216 2
216 217 2
217 218 2
218 219 2
219 220 2
220 221 2
222 223 2
223 224 2
225 226 2
226 227 2
227 228 2
228 229 2
229 230 2
230 231 2
231 232 2
233 234 2
235 236 2
236 237 2
237 238 2
238 239 2
239 240 2
240 241 2
241 242 2
243 244 2
244 245 2
246 247 2
247 248 2
248 249 2
249 250 2
250 251 2
251 252 2
252 253 2
253 254 2
255 256 2
257 258 2
258 259 2
259 260 2
260 261 2
261 262 2
262 263 2
263 264 2
264 265 2
266 267 2
267 268 2
269 270 2
270 271 2
271 272 2
272 273 2
273 274 2
274 275 2
275 276 2
276 277 2
277 278 2
278 279 2
279 280 2
280 281 2
281 282 2
282 283 2
283 284 2
285 286 2
287 288 2
288 289 2
289 290 2
290 291 2
291 292 2
292 293 2
293 294 2
294 295 2
295 296 2
296 297 2
297 298 2
298 299 2
299 300 2
300 301 2
301 302 2
303 304 2
304 305 2
306 307 2
307 308 2
308 309 2
309 310 2
310 311 2
311 312 2
312 313 2
313 314 2
314 315 2
315 316 2
316 317 2
317 318 2
318 319 2
319 320 2
321 322 2
323 324 1
324 325 1
325 326 1
326 327 1
327 328 1
328 329 1
329 330 1
330 331 1
331 332 1
332 333 1
333 334 1
334 335 1
335 336 1
336 337 1
337 338 1
338 339 1
339 340 1
340 341 1
341 342 1
30
0.014 0.0005
0.014 0.000637931034483
0.014 0.000775862068966
0.014 0.000913793103448
0.014 0.00105172413793
0.014 0.00118965517241
0.014 0.0013275862069
0.014 0.00146551724138
0.014 0.00160344827586
0.014 0.00174137931034
0.014 0.00187931034483
0.014 0.00201724137931
0.014 0.00215517241379
0.014 0.00229310344828
0.014 0.00243103448276
0.014 0.00256896551724
0.014 0.00270689655172
0.014 0.00284482758621
0.014 0.00298275862069
0.014 0.00312068965517
0.014 0.00325862068966
0.014 0.00339655172414
0.014 0.00353448275862
0.014 0.0036724137931
0.014 0.00381034482759
0.014 0.00394827586207
0.014 0.00408620689655
0.014 0.00422413793103
0.014 0.00436206896552
0.014 0.0045
