50
50
3
1 0
2 60
1 -23292
332
0 0
0.001 0
0.002 0
0.003 0
0.004 0
0.005 0
0.006 0
0.007 0
0.008 0
0.009 0
0.01 0
0.011 0
0.012 0
0.013 0
0.014 0
0.015 0
0.016 0
0.017 0
0.018 0
0.019 0
0.02 0
0.021 0
0.022 0
0.023 0
0.024 0
0.025 0
0.026 0
0.027 0
0.028 0
0.028 0
0.028 0.00101174906151
0.028 0.00202349812301
0.028 0.00303524718452
0.028 0.00404699624602
0.028 0.00505874530753
0.028 0.00607049436904
0.028 0.00708224343054
0.028 0.00809399249205
0.028 0.00910574155355
0.028 0.0101174906151
0.028 0.0111292396766
0.028 0.0121409887381
0.028 0.0131527377996
0.028 0.0141644868611
0.028 0.0151762359226
0.028 0.0161879849841
0.028 0.0171997340456
0.028 0.0182114831071
0.028 0.0192232321686
0.028 0.0202349812301
0.028 0.0212467302916
0.028 0.0222584793531
0.028 0.0232702284146
0.028 0.0232702284146
0.027 0.0232702284146
0.027 0.0232702284146
0.027 0.0222552157249
0.027 0.0212402030352
0.027 0.0202251903455
0.027 0.0192101776558
0.027 0.0181951649661
0.027 0.0171801522764
0.027 0.0161651395867
0.027 0.015150126897
0.027 0.0141351142073
0.027 0.0131201015176
0.027 0.0121050888279
0.027 0.0110900761382
0.027 0.0100750634485
0.027 0.00906005075881
0.027 0.00804503806911
0.027 0.0070300253794
0.027 0.0060150126897
0.027 0.005
0.027 0.005
0.026 0.005
0.025 0.005
0.025 0.005
0.025 0.00608689855853
0.025 0.00717379711707
0.025 0.0082606956756
0.025 0.00934759423413
0.025 0.0104344927927
0.025 0.0104344927927
0.024 0.0104344927927
0.024 0.0104344927927
0.024 0.00934759423413
0.024 0.0082606956756
0.024 0.00717379711707
0.024 0.00608689855853
0.024 0.005
0.024 0.005
0.023 0.005
0.022 0.005
0.022 0.005
0.022 0.00602439100978
0.022 0.00704878201957
0.022 0.00807317302935
0.022 0.00909756403913
0.022 0.0101219550489
0.022 0.0111463460587
0.022 0.0121707370685
0.022 0.0131951280783
0.022 0.0142195190881
0.022 0.0142195190881
0.021 0.0142195190881
0.021 0.0142195190881
0.021 0.0131951280783
0.021 0.0121707370685
0.021 0.0111463460587
0.021 0.0101219550489
0.021 0.00909756403913
0.021 0.00807317302935
0.021 0.00704878201957
0.021 0.00602439100978
0.021 0.005
0.021 0.005
0.02 0.005
0.019 0.005
0.019 0.005
0.019 0.00599356823323
0.019 0.00698713646645
0.019 0.00798070469968
0.019 0.0089742729329
0.019 0.00996784116613
0.019 0.0109614093994
0.019 0.0119549776326
0.019 0.0129485458658
0.019 0.013942114099
0.019 0.0149356823323
0.019 0.0159292505655
0.019 0.0169228187987
0.019 0.0169228187987
0.018 0.0169228187987
0.018 0.0169228187987
0.018 0.0159292505655
0.018 0.0149356823323
0.018 0.013942114099
0.018 0.0129485458658
0.018 0.0119549776326
0.018 0.0109614093994
0.018 0.00996784116613
0.018 0.0089742729329
0.018 0.00798070469968
0.018 0.00698713646645
0.018 0.00599356823323
0.018 0.005
0.018 0.005
0.017 0.005
0.016 0.005
0.016 0.005
0.016 0.00607777737835
0.016 0.00715555475671
0.016 0.00823333213506
0.016 0.00931110951341
0.016 0.0103888868918
0.016 0.0103888868918
0.015 0.0103888868918
0.015 0.0103888868918
0.015 0.00931110951341
0.015 0.00823333213506
0.015 0.00715555475671
0.015 0.00607777737835
0.015 0.005
0.015 0.005
0.014 0.005
0.013 0.005
0.013 0.005
0.013 0.0059927898864
0.013 0.0069855797728
0.013 0.0079783696592
0.013 0.00897115954561
0.013 0.00996394943201
0.013 0.0109567393184
0.013 0.0119495292048
0.013 0.0129423190912
0.013 0.0139351089776
0.013 0.014927898864
0.013 0.0159206887504
0.013 0.0169134786368
0.013 0.0179062685232
0.013 0.0188990584096
0.013 0.019891848296
0.013 0.0208846381824
0.013 0.0208846381824
0.012 0.0208846381824
0.012 0.0208846381824
0.012 0.019891848296
0.012 0.0188990584096
0.012 0.0179062685232
0.012 0.0169134786368
0.012 0.0159206887504
0.012 0.014927898864
0.012 0.0139351089776
0.012 0.0129423190912
0.012 0.0119495292048
0.012 0.0109567393184
0.012 0.00996394943201
0.012 0.00897115954561
0.012 0.0079783696592
0.012 0.0069855797728
0.012 0.0059927898864
0.012 0.005
0.012 0.005
0.011 0.005
0.01 0.005
0.01 0.005
0.01 0.00598238261081
0.01 0.00696476522163
0.01 0.00794714783244
0.01 0.00892953044326
0.01 0.00991191305407
0.01 0.0108942956649
0.01 0.0118766782757
0.01 0.0128590608865
0.01 0.0138414434973
0.01 0.0148238261081
0.01 0.015806208719
0.01 0.0167885913298
0.01 0.0177709739406
0.01 0.0187533565514
0.01 0.0197357391622
0.01 0.020718121773
0.01 0.0217005043838
0.01 0.0226828869947
0.01 0.0236652696055
0.01 0.0236652696055
0.009 0.0236652696055
0.009 0.0236652696055
0.009 0.0226828869947
0.009 0.0217005043838
0.009 0.020718121773
0.009 0.0197357391622
0.009 0.0187533565514
0.009 0.0177709739406
0.009 0.0167885913298
0.009 0.015806208719
0.009 0.0148238261081
0.009 0.0138414434973
0.009 0.0128590608865
0.009 0.0118766782757
0.009 0.0108942956649
0.009 0.00991191305407
0.009 0.00892953044326
0.009 0.00794714783244
0.009 0.00696476522163
0.009 0.00598238261081
0.009 0.005
0.009 0.005
0.008 0.005
0.007 0.005
0.007 0.005
0.007 0.00597862035947
0.007 0.00695724071894
0.007 0.0079358610784
0.007 0.00891448143787
0.007 0.00989310179734
0.007 0.0108717221568
0.007 0.0118503425163
0.007 0.0128289628757
0.007 0.0138075832352
0.007 0.0138075832352
0.006 0.0138075832352
0.006 0.0138075832352
0.006 0.0128289628757
0.006 0.0118503425163
0.006 0.0108717221568
0.006 0.00989310179734
0.006 0.00891448143787
0.006 0.0079358610784
0.006 0.00695724071894
0.006 0.00597862035947
0.006 0.005
0.006 0.005
0.005 0.005
0.004 0.005
0.004 0.005
0.004 0.0060304716806
0.004 0.0070609433612
0.004 0.0080914150418
0.004 0.0091218867224
0.004 0.010152358403
0.004 0.0111828300836
0.004 0.0122133017642
0.004 0.0132437734448
0.004 0.0142742451254
0.004 0.015304716806
0.004 0.015304716806
0.003 0.015304716806
0.003 0.015304716806
0.003 0.0142742451254
0.003 0.0132437734448
0.003 0.0122133017642
0.003 0.0111828300836
0.003 0.010152358403
0.003 0.0091218867224
0.003 0.0080914150418
0.003 0.0070609433612
0.003 0.0060304716806
0.003 0.005
0.003 0.005
0.002 0.005
0.001 0.005
0.001 0.005
0.001 0.00602004232204
0.001 0.00704008464408
0.001 0.00806012696611
0.001 0.00908016928815
0.001 0.0101002116102
0.001 0.0111202539322
0.001 0.0121402962543
0.001 0.0131603385763
0.001 0.0141803808983
0.001 0.0152004232204
0.001 0.0152004232204
0 0.0152004232204
0 0.0152004232204
0 0.0141870616724
0 0.0131737001243
0 0.0121603385763
0 0.0111469770283
0 0.0101336154803
0 0.00912025393223
0 0.0081068923842
0 0.00709353083618
0 0.00608016928815
0 0.00506680774013
0 0.0040534461921
0 0.00304008464408
0 0.00202672309605
0 0.00101336154803
0 0
292
1 2 3
2 3 3
3 4 3
4 5 3
5 6 3
6 7 3
7 8 3
8 9 3
9 10 3
10 11 3
11 12 3
12 13 3
13 14 3
14 15 3
15 16 3
16 17 3
17 18 3
18 19 3
19 20 3
20 21 3
21 22 3
22 23 3
23 24 3
24 25 3
25 26 3
26 27 3
27 28 3
28 29 3
30 31 1
31 32 1
32 33 1
33 34 1
34 35 1
35 36 1
36 37 1
37 38 1
38 39 1
39 40 1
40 41 1
41 42 1
42 43 1
43 44 1
44 45 1
45 46 1
46 47 1
47 48 1
48 49 1
49 50 1
50 51 1
51 52 1
52 53 1
54 55 2
56 57 2
57 58 2
58 59 2
59 60 2
60 61 2
61 62 2
62 63 2
63 64 2
64 65 2
65 66 2
66 67 2
67 68 2
68 69 2
69 70 2
70 71 2
71 72 2
72 73 2
73 74 2
75 76 2
76 77 2
78 79 2
79 80 2
80 81 2
81 82 2
82 83 2
84 85 2
86 87 2
87 88 2
88 89 2
89 90 2
90 91 2
92 93 2
93 94 2
95 96 2
96 97 2
97 98 2
98 99 2
99 100 2
100 101 2
101 102 2
102 103 2
103 104 2
105 106 2
107 108 2
108 109 2
109 110 2
110 111 2
111 112 2
112 113 2
113 114 2
114 115 2
115 116 2
117 118 2
118 119 2
120 121 2
121 122 2
122 123 2
123 124 2
124 125 2
125 126 2
126 127 2
127 128 2
128 129 2
129 130 2
130 131 2
131 132 2
133 134 2
135 136 2
136 137 2
137 138 2
138 139 2
139 140 2
140 141 2
141 142 2
142 143 2
143 144 2
144 145 2
145 146 2
146 147 2
148 149 2
149 150 2
151 152 2
152 153 2
153 154 2
154 155 2
155 156 2
157 158 2
159 160 2
160 161 2
161 162 2
162 163 2
163 164 2
165 166 2
166 167 2
168 169 2
169 170 2
170 171 2
171 172 2
172 173 2
173 174 2
174 175 2
175 176 2
176 177 2
177 178 2
178 179 2
179 180 2
180 181 2
181 182 2
182 183 2
183 184 2
185 186 2
187 188 2
188 189 2
189 190 2
190 191 2
191 192 2
192 193 2
193 194 2
194 195 2
195 196 2
196 197 2
197 198 2
198 199 2
199 200 2
200 201 2
201 202 2
202 203 2
204 205 2
205 206 2
207 208 2
208 209 2
209 210 2
210 211 2
211 212 2
212 213 2
213 214 2
214 215 2
215 216 2
216 217 2
217 218 2
218 219 2
219 220 2
220 221 2
221 222 2
222 223 2
223 224 2
224 225 2
225 226 2
227 228 2
229 230 2
230 231 2
231 232 2
232 233 2
233 234 2
234 235 2
235 236 2
236 237 2
237 238 2
238 239 2
239 240 2
240 241 2
241 242 2
242 243 2
243 244 2
244 245 2
245 246 2
246 247 2
247 248 2
249 250 2
250 251 2
252 253 2
253 254 2
254 255 2
255 256 2
256 257 2
257 258 2
258 259 2
259 260 2
260 261 2
262 263 2
264 265 2
265 266 2
266 267 2
267 268 2
268 269 2
269 270 2
270 271 2
271 272 2
272 273 2
274 275 2
275 276 2
277 278 2
278 279 2
279 280 2
280 281 2
281 282 2
282 283 2
283 284 2
284 285 2
285 286 2
286 287 2
288 289 2
290 291 2
291 292 2
292 293 2
293 294 2
294 295 2
295 296 2
296 297 2
297 298 2
298 299 2
299 300 2
301 302 2
302 303 2
304 305 2
305 306 2
306 307 2
307 308 2
308 309 2
309 310 2
310 311 2
311 312 2
312 313 2
313 314 2
315 316 2
317 318 1
318 319 1
319 320 1
320 321 1
321 322 1
322 323 1
323 324 1
324 325 1
325 326 1
326 327 1
327 328 1
328 329 1
329 330 1
330 331 1
331 332 1
30
0.014 0.0005
0.014 0.000637931034483
0.014 0.000775862068966
0.014 0.000913793103448
0.014 0.00105172413793
0.014 0.00118965517241
0.014 0.0013275862069
0.014 0.00146551724138
0.014 0.00160344827586
0.014 0.00174137931034
0.014 0.00187931034483
0.014 0.00201724137931
0.014 0.00215517241379
0.014 0.00229310344828
0.014 0.00243103448276
0.014 0.00256896551724
0.014 0.00270689655172
0.014 0.00284482758621
0.014 0.00298275862069
0.014 0.00312068965517
0.014 0.00325862068966
0.014 0.00339655172414
0.014 0.00353448275862
0.014 0.0036724137931
0.014 0.00381034482759
0.014 0.00394827586207
0.014 0.00408620689655
0.014 0.00422413793103
0.014 0.00436206896552
0.014 0.0045
