50
200
3
1 0
2 60
1 -23292
306
0 0
0.001 0
0.002 0
0.003 0
0.004 0
0.005 0
0.006 0
0.007 0
0.008 0
0.009 0
0.01 0
0.011 0
0.012 0
0.013 0
0.014 0
0.015 0
0.016 0
0.017 0
0.018 0
0.019 0
0.02 0
0.021 0
0.022 0
0.023 0
0.024 0
0.025 0
0.026 0
0.027 0
0.028 0
0.028 0
0.028 0.00102048221743
0.028 0.00204096443485
0.028 0.00306144665228
0.028 0.0040819288697
0.028 0.00510241108713
0.028 0.00612289330455
0.028 0.00714337552198
0.028 0.0081638577394
0.028 0.00918433995683
0.028 0.0102048221743
0.028 0.0112253043917
0.028 0.0122457866091
0.028 0.0132662688265
0.028 0.014286751044
0.028 0.0153072332614
0.028 0.0163277154788
0.028 0.0173481976962
0.028 0.0183686799137
0.028 0.0183686799137
0.027 0.0183686799137
0.027 0.0183686799137
0.027 0.0173403199203
0.027 0.0163119599269
0.027 0.0152835999336
0.027 0.0142552399402
0.027 0.0132268799469
0.027 0.0121985199535
0.027 0.0111701599601
0.027 0.0101417999668
0.027 0.00911343997343
0.027 0.00808507998007
0.027 0.00705671998672
0.027 0.00602835999336
0.027 0.005
0.027 0.005
0.026 0.005
0.025 0.005
0.025 0.005
0.025 0.00598153947125
0.025 0.0069630789425
0.025 0.00794461841375
0.025 0.008926157885
0.025 0.00990769735625
0.025 0.0108892368275
0.025 0.0118707762988
0.025 0.01285231577
0.025 0.0138338552413
0.025 0.0148153947125
0.025 0.0148153947125
0.024 0.0148153947125
0.024 0.0148153947125
0.024 0.0138338552413
0.024 0.01285231577
0.024 0.0118707762988
0.024 0.0108892368275
0.024 0.00990769735625
0.024 0.008926157885
0.024 0.00794461841375
0.024 0.0069630789425
0.024 0.00598153947125
0.024 0.005
0.024 0.005
0.023 0.005
0.022 0.005
0.022 0.005
0.022 0.00600362298024
0.022 0.00700724596048
0.022 0.00801086894072
0.022 0.00901449192095
0.022 0.0100181149012
0.022 0.0110217378814
0.022 0.0120253608617
0.022 0.0130289838419
0.022 0.0140326068221
0.022 0.0150362298024
0.022 0.0160398527826
0.022 0.0160398527826
0.021 0.0160398527826
0.021 0.0160398527826
0.021 0.0150362298024
0.021 0.0140326068221
0.021 0.0130289838419
0.021 0.0120253608617
0.021 0.0110217378814
0.021 0.0100181149012
0.021 0.00901449192095
0.021 0.00801086894072
0.021 0.00700724596048
0.021 0.00600362298024
0.021 0.005
0.021 0.005
0.02 0.005
0.019 0.005
0.019 0.005
0.019 0.00598512260934
0.019 0.00697024521869
0.019 0.00795536782803
0.019 0.00894049043737
0.019 0.00992561304672
0.019 0.0109107356561
0.019 0.0118958582654
0.019 0.0128809808747
0.019 0.0138661034841
0.019 0.0148512260934
0.019 0.0158363487028
0.019 0.0168214713121
0.019 0.0178065939215
0.019 0.0187917165308
0.019 0.0197768391402
0.019 0.0197768391402
0.018 0.0197768391402
0.018 0.0197768391402
0.018 0.0187917165308
0.018 0.0178065939215
0.018 0.0168214713121
0.018 0.0158363487028
0.018 0.0148512260934
0.018 0.0138661034841
0.018 0.0128809808747
0.018 0.0118958582654
0.018 0.0109107356561
0.018 0.00992561304672
0.018 0.00894049043737
0.018 0.00795536782803
0.018 0.00697024521869
0.018 0.00598512260934
0.018 0.005
0.018 0.005
0.017 0.005
0.016 0.005
0.016 0.005
0.016 0.00595813504953
0.016 0.00691627009906
0.016 0.00787440514859
0.016 0.00883254019812
0.016 0.00979067524765
0.016 0.0107488102972
0.016 0.0117069453467
0.016 0.0117069453467
0.015 0.0117069453467
0.015 0.0117069453467
0.015 0.0107488102972
0.015 0.00979067524765
0.015 0.00883254019812
0.015 0.00787440514859
0.015 0.00691627009906
0.015 0.00595813504953
0.015 0.005
0.015 0.005
0.014 0.005
0.013 0.005
0.013 0.005
0.013 0.0060497276487
0.013 0.00709945529741
0.013 0.00814918294611
0.013 0.00919891059481
0.013 0.0102486382435
0.013 0.0102486382435
0.012 0.0102486382435
0.012 0.0102486382435
0.012 0.00919891059481
0.012 0.00814918294611
0.012 0.00709945529741
0.012 0.0060497276487
0.012 0.005
0.012 0.005
0.011 0.005
0.01 0.005
0.01 0.005
0.01 0.00604129425795
0.01 0.0070825885159
0.01 0.00812388277384
0.01 0.00916517703179
0.01 0.0102064712897
0.01 0.0112477655477
0.01 0.0122890598056
0.01 0.0122890598056
0.009 0.0122890598056
0.009 0.0122890598056
0.009 0.0112477655477
0.009 0.0102064712897
0.009 0.00916517703179
0.009 0.00812388277384
0.009 0.0070825885159
0.009 0.00604129425795
0.009 0.005
0.009 0.005
0.008 0.005
0.007 0.005
0.007 0.005
0.007 0.00601062933451
0.007 0.00702125866902
0.007 0.00803188800353
0.007 0.00904251733804
0.007 0.0100531466725
0.007 0.0110637760071
0.007 0.0110637760071
0.006 0.0110637760071
0.006 0.0110637760071
0.006 0.0100531466725
0.006 0.00904251733804
0.006 0.00803188800353
0.006 0.00702125866902
0.006 0.00601062933451
0.006 0.005
0.006 0.005
0.005 0.005
0.004 0.005
0.004 0.005
0.004 0.00599267826953
0.004 0.00698535653906
0.004 0.00797803480859
0.004 0.00897071307811
0.004 0.00996339134764
0.004 0.0109560696172
0.004 0.0119487478867
0.004 0.0129414261562
0.004 0.0139341044258
0.004 0.0149267826953
0.004 0.0159194609648
0.004 0.0169121392343
0.004 0.0179048175039
0.004 0.0188974957734
0.004 0.0198901740429
0.004 0.0198901740429
0.003 0.0198901740429
0.003 0.0198901740429
0.003 0.0188974957734
0.003 0.0179048175039
0.003 0.0169121392343
0.003 0.0159194609648
0.003 0.0149267826953
0.003 0.0139341044258
0.003 0.0129414261562
0.003 0.0119487478867
0.003 0.0109560696172
0.003 0.00996339134764
0.003 0.00897071307811
0.003 0.00797803480859
0.003 0.00698535653906
0.003 0.00599267826953
0.003 0.005
0.003 0.005
0.002 0.005
0.001 0.005
0.001 0.005
0.001 0.00597420203358
0.001 0.00694840406716
0.001 0.00792260610075
0.001 0.00889680813433
0.001 0.00987101016791
0.001 0.0108452122015
0.001 0.0118194142351
0.001 0.0127936162687
0.001 0.0137678183022
0.001 0.0147420203358
0.001 0.0157162223694
0.001 0.0157162223694
0 0.0157162223694
0 0.0157162223694
0 0.0147339584713
0 0.0137516945732
0 0.0127694306751
0 0.0117871667771
0 0.010804902879
0 0.00982263898088
0 0.00884037508279
0 0.0078581111847
0 0.00687584728661
0 0.00589358338853
0 0.00491131949044
0 0.00392905559235
0 0.00294679169426
0 0.00196452779618
0 0.000982263898088
0 0
266
1 2 3
2 3 3
3 4 3
4 5 3
5 6 3
6 7 3
7 8 3
8 9 3
9 10 3
10 11 3
11 12 3
12 13 3
13 14 3
14 15 3
15 16 3
16 17 3
17 18 3
18 19 3
19 20 3
20 21 3
21 22 3
22 23 3
23 24 3
24 25 3
25 26 3
26 27 3
27 28 3
28 29 3
30 31 1
31 32 1
32 33 1
33 34 1
34 35 1
35 36 1
36 37 1
37 38 1
38 39 1
39 40 1
40 41 1
41 42 1
42 43 1
43 44 1
44 45 1
45 46 1
46 47 1
47 48 1
49 50 2
51 52 2
52 53 2
53 54 2
54 55 2
55 56 2
56 57 2
57 58 2
58 59 2
59 60 2
60 61 2
61 62 2
62 63 2
63 64 2
65 66 2
66 67 2
68 69 2
69 70 2
70 71 2
71 72 2
72 73 2
73 74 2
74 75 2
75 76 2
76 77 2
77 78 2
79 80 2
81 82 2
82 83 2
83 84 2
84 85 2
85 86 2
86 87 2
87 88 2
88 89 2
89 90 2
90 91 2
92 93 2
93 94 2
95 96 2
96 97 2
97 98 2
98 99 2
99 100 2
100 101 2
101 102 2
102 103 2
103 104 2
104 105 2
105 106 2
107 108 2
109 110 2
110 111 2
111 112 2
112 113 2
113 114 2
114 115 2
115 116 2
116 117 2
117 118 2
118 119 2
119 120 2
121 122 2
122 123 2
124 125 2
125 126 2
126 127 2
127 128 2
128 129 2
129 130 2
130 131 2
131 132 2
132 133 2
133 134 2
134 135 2
135 136 2
136 137 2
137 138 2
138 139 2
140 141 2
142 143 2
143 144 2
144 145 2
145 146 2
146 147 2
147 148 2
148 149 2
149 150 2
150 151 2
151 152 2
152 153 2
153 154 2
154 155 2
155 156 2
156 157 2
158 159 2
159 160 2
161 162 2
162 163 2
163 164 2
164 165 2
165 166 2
166 167 2
167 168 2
169 170 2
171 172 2
172 173 2
173 174 2
174 175 2
175 176 2
176 177 2
177 178 2
179 180 2
180 181 2
182 183 2
183 184 2
184 185 2
185 186 2
186 187 2
188 189 2
190 191 2
191 192 2
192 193 2
193 194 2
194 195 2
196 197 2
197 198 2
199 200 2
200 201 2
201 202 2
202 203 2
203 204 2
204 205 2
205 206 2
207 208 2
209 210 2
210 211 2
211 212 2
212 213 2
213 214 2
214 215 2
215 216 2
217 218 2
218 219 2
220 221 2
221 222 2
222 223 2
223 224 2
224 225 2
225 226 2
227 228 2
229 230 2
230 231 2
231 232 2
232 233 2
233 234 2
234 235 2
236 237 2
237 238 2
239 240 2
240 241 2
241 242 2
242 243 2
243 244 2
244 245 2
245 246 2
246 247 2
247 248 2
248 249 2
249 250 2
250 251 2
251 252 2
252 253 2
253 254 2
255 256 2
257 258 2
258 259 2
259 260 2
260 261 2
261 262 2
262 263 2
263 264 2
264 265 2
265 266 2
266 267 2
267 268 2
268 269 2
269 270 2
270 271 2
271 272 2
273 274 2
274 275 2
276 277 2
277 278 2
278 279 2
279 280 2
280 281 2
281 282 2
282 283 2
283 284 2
284 285 2
285 286 2
286 287 2
288 289 2
290 291 1
291 292 1
292 293 1
293 294 1
294 295 1
295 296 1
296 297 1
297 298 1
298 299 1
299 300 1
300 301 1
301 302 1
302 303 1
303 304 1
304 305 1
305 306 1
30
0.014 0.0005
0.014 0.000637931034483
0.014 0.000775862068966
0.014 0.000913793103448
0.014 0.00105172413793
0.014 0.00118965517241
0.014 0.0013275862069
0.014 0.00146551724138
0.014 0.00160344827586
0.014 0.00174137931034
0.014 0.00187931034483
0.014 0.00201724137931
0.014 0.00215517241379
0.014 0.00229310344828
0.014 0.00243103448276
0.014 0.00256896551724
0.014 0.00270689655172
0.014 0.00284482758621
0.014 0.00298275862069
0.014 0.00312068965517
0.014 0.00325862068966
0.014 0.00339655172414
0.014 0.00353448275862
0.014 0.0036724137931
0.014 0.00381034482759
0.014 0.00394827586207
0.014 0.00408620689655
0.014 0.00422413793103
0.014 0.00436206896552
0.014 0.0045
