50
200
3
1 0
2 60
1 -23292
340
0 0
0.001 0
0.002 0
0.003 0
0.004 0
0.005 0
0.006 0
0.007 0
0.008 0
0.009 0
0.01 0
0.011 0
0.012 0
0.013 0
0.014 0
0.015 0
0.016 0
0.017 0
0.018 0
0.019 0
0.02 0
0.021 0
0.022 0
0.023 0
0.024 0
0.025 0
0.026 0
0.027 0
0.028 0
0.028 0
0.028 0.000978784059228
0.028 0.00195756811846
0.028 0.00293635217768
0.028 0.00391513623691
0.028 0.00489392029614
0.028 0.00587270435537
0.028 0.00685148841459
0.028 0.00783027247382
0.028 0.00880905653305
0.028 0.00978784059228
0.028 0.0107666246515
0.028 0.0117454087107
0.028 0.01272419277
0.028 0.01272419277
0.027 0.01272419277
0.027 0.01272419277
0.027 0.0117586686737
0.027 0.0107931445775
0.027 0.00982762048123
0.027 0.00886209638498
0.027 0.00789657228874
0.027 0.00693104819249
0.027 0.00596552409625
0.027 0.005
0.027 0.005
0.026 0.005
0.025 0.005
0.025 0.005
0.025 0.0059871128353
0.025 0.0069742256706
0.025 0.00796133850589
0.025 0.00894845134119
0.025 0.00993556417649
0.025 0.0109226770118
0.025 0.0119097898471
0.025 0.0128969026824
0.025 0.0138840155177
0.025 0.014871128353
0.025 0.0158582411883
0.025 0.0168453540236
0.025 0.0178324668589
0.025 0.0188195796942
0.025 0.0198066925295
0.025 0.0207938053648
0.025 0.0217809182001
0.025 0.0227680310354
0.025 0.0237551438707
0.025 0.024742256706
0.025 0.024742256706
0.024 0.024742256706
0.024 0.024742256706
0.024 0.0237551438707
0.024 0.0227680310354
0.024 0.0217809182001
0.024 0.0207938053648
0.024 0.0198066925295
0.024 0.0188195796942
0.024 0.0178324668589
0.024 0.0168453540236
0.024 0.0158582411883
0.024 0.014871128353
0.024 0.0138840155177
0.024 0.0128969026824
0.024 0.0119097898471
0.024 0.0109226770118
0.024 0.00993556417649
0.024 0.00894845134119
0.024 0.00796133850589
0.024 0.0069742256706
0.024 0.0059871128353
0.024 0.005
0.024 0.005
0.023 0.005
0.022 0.005
0.022 0.005
0.022 0.00603239852758
0.022 0.00706479705516
0.022 0.00809719558274
0.022 0.00912959411032
0.022 0.0101619926379
0.022 0.0111943911655
0.022 0.0111943911655
0.021 0.0111943911655
0.021 0.0111943911655
0.021 0.0101619926379
0.021 0.00912959411032
0.021 0.00809719558274
0.021 0.00706479705516
0.021 0.00603239852758
0.021 0.005
0.021 0.005
0.02 0.005
0.019 0.005
0.019 0.005
0.019 0.00596989660817
0.019 0.00693979321635
0.019 0.00790968982452
0.019 0.0088795864327
0.019 0.00984948304087
0.019 0.010819379649
0.019 0.0117892762572
0.019 0.0127591728654
0.019 0.0137290694736
0.019 0.0146989660817
0.019 0.0156688626899
0.019 0.0156688626899
0.018 0.0156688626899
0.018 0.0156688626899
0.018 0.0146989660817
0.018 0.0137290694736
0.018 0.0127591728654
0.018 0.0117892762572
0.018 0.010819379649
0.018 0.00984948304087
0.018 0.0088795864327
0.018 0.00790968982452
0.018 0.00693979321635
0.018 0.00596989660817
0.018 0.005
0.018 0.005
0.017 0.005
0.016 0.005
0.016 0.005
0.016 0.00600385670438
0.016 0.00700771340875
0.016 0.00801157011313
0.016 0.0090154268175
0.016 0.0100192835219
0.016 0.0110231402263
0.016 0.0110231402263
0.015 0.0110231402263
0.015 0.0110231402263
0.015 0.0100192835219
0.015 0.0090154268175
0.015 0.00801157011313
0.015 0.00700771340875
0.015 0.00600385670438
0.015 0.005
0.015 0.005
0.014 0.005
0.013 0.005
0.013 0.005
0.013 0.00601403336193
0.013 0.00702806672386
0.013 0.00804210008579
0.013 0.00905613344772
0.013 0.0100701668096
0.013 0.0110842001716
0.013 0.0120982335335
0.013 0.0131122668954
0.013 0.0141263002574
0.013 0.0151403336193
0.013 0.0151403336193
0.012 0.0151403336193
0.012 0.0151403336193
0.012 0.0141263002574
0.012 0.0131122668954
0.012 0.0120982335335
0.012 0.0110842001716
0.012 0.0100701668096
0.012 0.00905613344772
0.012 0.00804210008579
0.012 0.00702806672386
0.012 0.00601403336193
0.012 0.005
0.012 0.005
0.011 0.005
0.01 0.005
0.01 0.005
0.01 0.00599880401491
0.01 0.00699760802981
0.01 0.00799641204472
0.01 0.00899521605963
0.01 0.00999402007453
0.01 0.0109928240894
0.01 0.0119916281043
0.01 0.0129904321193
0.01 0.0139892361342
0.01 0.0149880401491
0.01 0.015986844164
0.01 0.0169856481789
0.01 0.0169856481789
0.009 0.0169856481789
0.009 0.0169856481789
0.009 0.015986844164
0.009 0.0149880401491
0.009 0.0139892361342
0.009 0.0129904321193
0.009 0.0119916281043
0.009 0.0109928240894
0.009 0.00999402007453
0.009 0.00899521605963
0.009 0.00799641204472
0.009 0.00699760802981
0.009 0.00599880401491
0.009 0.005
0.009 0.005
0.008 0.005
0.007 0.005
0.007 0.005
0.007 0.00596663356147
0.007 0.00693326712294
0.007 0.00789990068441
0.007 0.00886653424588
0.007 0.00983316780735
0.007 0.0107998013688
0.007 0.0117664349303
0.007 0.0127330684918
0.007 0.0136997020532
0.007 0.0146663356147
0.007 0.0156329691762
0.007 0.0165996027376
0.007 0.0175662362991
0.007 0.0185328698606
0.007 0.0185328698606
0.006 0.0185328698606
0.006 0.0185328698606
0.006 0.0175662362991
0.006 0.0165996027376
0.006 0.0156329691762
0.006 0.0146663356147
0.006 0.0136997020532
0.006 0.0127330684918
0.006 0.0117664349303
0.006 0.0107998013688
0.006 0.00983316780735
0.006 0.00886653424588
0.006 0.00789990068441
0.006 0.00693326712294
0.006 0.00596663356147
0.006 0.005
0.006 0.005
0.005 0.005
0.004 0.005
0.004 0.005
0.004 0.0059743093328
0.004 0.00694861866559
0.004 0.00792292799839
0.004 0.00889723733118
0.004 0.00987154666398
0.004 0.0108458559968
0.004 0.0118201653296
0.004 0.0127944746624
0.004 0.0137687839952
0.004 0.014743093328
0.004 0.0157174026608
0.004 0.0166917119935
0.004 0.0176660213263
0.004 0.0186403306591
0.004 0.0196146399919
0.004 0.0205889493247
0.004 0.0215632586575
0.004 0.0215632586575
0.003 0.0215632586575
0.003 0.0215632586575
0.003 0.0205889493247
0.003 0.0196146399919
0.003 0.0186403306591
0.003 0.0176660213263
0.003 0.0166917119935
0.003 0.0157174026608
0.003 0.014743093328
0.003 0.0137687839952
0.003 0.0127944746624
0.003 0.0118201653296
0.003 0.0108458559968
0.003 0.00987154666398
0.003 0.00889723733118
0.003 0.00792292799839
0.003 0.00694861866559
0.003 0.0059743093328
0.003 0.005
0.003 0.005
0.002 0.005
0.001 0.005
0.001 0.005
0.001 0.00598347495477
0.001 0.00696694990953
0.001 0.0079504248643
0.001 0.00893389981906
0.001 0.00991737477383
0.001 0.0109008497286
0.001 0.0118843246834
0.001 0.0128677996381
0.001 0.0138512745929
0.001 0.0148347495477
0.001 0.0158182245024
0.001 0.0168016994572
0.001 0.017785174412
0.001 0.017785174412
0 0.017785174412
0 0.017785174412
0 0.0167971091669
0 0.0158090439217
0 0.0148209786766
0 0.0138329134315
0 0.0128448481864
0 0.0118567829413
0 0.0108687176962
0 0.00988065245109
0 0.00889258720598
0 0.00790452196087
0 0.00691645671576
0 0.00592839147065
0 0.00494032622554
0 0.00395226098044
0 0.00296419573533
0 0.00197613049022
0 0.000988065245109
0 0
300
1 2 3
2 3 3
3 4 3
4 5 3
5 6 3
6 7 3
7 8 3
8 9 3
9 10 3
10 11 3
11 12 3
12 13 3
13 14 3
14 15 3
15 16 3
16 17 3
17 18 3
18 19 3
19 20 3
20 21 3
21 22 3
22 23 3
23 24 3
24 25 3
25 26 3
26 27 3
27 28 3
28 29 3
30 31 1
31 32 1
32 33 1
33 34 1
34 35 1
35 36 1
36 37 1
37 38 1
38 39 1
39 40 1
40 41 1
41 42 1
42 43 1
44 45 2
46 47 2
47 48 2
48 49 2
49 50 2
50 51 2
51 52 2
52 53 2
53 54 2
55 56 2
56 57 2
58 59 2
59 60 2
60 61 2
61 62 2
62 63 2
63 64 2
64 65 2
65 66 2
66 67 2
67 68 2
68 69 2
69 70 2
70 71 2
71 72 2
72 73 2
73 74 2
74 75 2
75 76 2
76 77 2
77 78 2
79 80 2
81 82 2
82 83 2
83 84 2
84 85 2
85 86 2
86 87 2
87 88 2
88 89 2
89 90 2
90 91 2
91 92 2
92 93 2
93 94 2
94 95 2
95 96 2
96 97 2
97 98 2
98 99 2
99 100 2
100 101 2
102 103 2
103 104 2
105 106 2
106 107 2
107 108 2
108 109 2
109 110 2
110 111 2
112 113 2
114 115 2
115 116 2
116 117 2
117 118 2
118 119 2
119 120 2
121 122 2
122 123 2
124 125 2
125 126 2
126 127 2
127 128 2
128 129 2
129 130 2
130 131 2
131 132 2
132 133 2
133 134 2
134 135 2
136 137 2
138 139 2
139 140 2
140 141 2
141 142 2
142 143 2
143 144 2
144 145 2
145 146 2
146 147 2
147 148 2
148 149 2
150 151 2
151 152 2
153 154 2
154 155 2
155 156 2
156 157 2
157 158 2
158 159 2
160 161 2
162 163 2
163 164 2
164 165 2
165 166 2
166 167 2
167 168 2
169 170 2
170 171 2
172 173 2
173 174 2
174 175 2
175 176 2
176 177 2
177 178 2
178 179 2
179 180 2
180 181 2
181 182 2
183 184 2
185 186 2
186 187 2
187 188 2
188 189 2
189 190 2
190 191 2
191 192 2
192 193 2
193 194 2
194 195 2
196 197 2
197 198 2
199 200 2
200 201 2
201 202 2
202 203 2
203 204 2
204 205 2
205 206 2
206 207 2
207 208 2
208 209 2
209 210 2
210 211 2
212 213 2
214 215 2
215 216 2
216 217 2
217 218 2
218 219 2
219 220 2
220 221 2
221 222 2
222 223 2
223 224 2
224 225 2
225 226 2
227 228 2
228 229 2
230 231 2
231 232 2
232 233 2
233 234 2
234 235 2
235 236 2
236 237 2
237 238 2
238 239 2
239 240 2
240 241 2
241 242 2
242 243 2
243 244 2
245 246 2
247 248 2
248 249 2
249 250 2
250 251 2
251 252 2
252 253 2
253 254 2
254 255 2
255 256 2
256 257 2
257 258 2
258 259 2
259 260 2
260 261 2
262 263 2
263 264 2
265 266 2
266 267 2
267 268 2
268 269 2
269 270 2
270 271 2
271 272 2
272 273 2
273 274 2
274 275 2
275 276 2
276 277 2
277 278 2
278 279 2
279 280 2
280 281 2
281 282 2
283 284 2
285 286 2
286 287 2
287 288 2
288 289 2
289 290 2
290 291 2
291 292 2
292 293 2
293 294 2
294 295 2
295 296 2
296 297 2
297 298 2
298 299 2
299 300 2
300 301 2
301 302 2
303 304 2
304 305 2
306 307 2
307 308 2
308 309 2
309 310 2
310 311 2
311 312 2
312 313 2
313 314 2
314 315 2
315 316 2
316 317 2
317 318 2
318 319 2
320 321 2
322 323 1
323 324 1
324 325 1
325 326 1
326 327 1
327 328 1
328 329 1
329 330 1
330 331 1
331 332 1
332 333 1
333 334 1
334 335 1
335 336 1
336 337 1
337 338 1
338 339 1
339 340 1
30
0.014 0.0005
0.014 0.000637931034483
0.014 0.000775862068966
0.014 0.000913793103448
0.014 0.00105172413793
0.014 0.00118965517241
0.014 0.0013275862069
0.014 0.00146551724138
0.014 0.00160344827586
0.014 0.00174137931034
0.014 0.00187931034483
0.014 0.00201724137931
0.014 0.00215517241379
0.014 0.00229310344828
0.014 0.00243103448276
0.014 0.00256896551724
0.014 0.00270689655172
0.014 0.00284482758621
0.014 0.00298275862069
0.014 0.00312068965517
0.014 0.00325862068966
0.014 0.00339655172414
0.014 0.00353448275862
0.014 0.0036724137931
0.014 0.00381034482759
0.014 0.00394827586207
0.014 0.00408620689655
0.014 0.00422413793103
0.014 0.00436206896552
0.014 0.0045
