50
50
3
1 0
2 60
1 -23292
420
0 0
0.001 0
0.002 0
0.003 0
0.004 0
0.005 0
0.006 0
0.007 0
0.008 0
0.009 0
0.01 0
0.011 0
0.012 0
0.013 0
0.014 0
0.015 0
0.016 0
0.017 0
0.018 0
0.019 0
0.02 0
0.021 0
0.022 0
0.023 0
0.024 0
0.025 0
0.026 0
0.027 0
0.028 0
0.028 0
0.028 0.00101090313809
0.028 0.00202180627618
0.028 0.00303270941426
0.028 0.00404361255235
0.028 0.00505451569044
0.028 0.00606541882853
0.028 0.00707632196661
0.028 0.0080872251047
0.028 0.00909812824279
0.028 0.0101090313809
0.028 0.011119934519
0.028 0.0121308376571
0.028 0.0131417407951
0.028 0.0141526439332
0.028 0.0151635470713
0.028 0.0161744502094
0.028 0.0171853533475
0.028 0.0181962564856
0.028 0.0192071596237
0.028 0.0202180627618
0.028 0.0202180627618
0.027 0.0202180627618
0.027 0.0202180627618
0.027 0.0192035252443
0.027 0.0181889877269
0.027 0.0171744502094
0.027 0.016159912692
0.027 0.0151453751745
0.027 0.0141308376571
0.027 0.0131163001396
0.027 0.0121017626222
0.027 0.0110872251047
0.027 0.0100726875873
0.027 0.0090581500698
0.027 0.00804361255235
0.027 0.0070290750349
0.027 0.00601453751745
0.027 0.005
0.027 0.005
0.026 0.005
0.025 0.005
0.025 0.005
0.025 0.00597894660561
0.025 0.00695789321122
0.025 0.00793683981684
0.025 0.00891578642245
0.025 0.00989473302806
0.025 0.0108736796337
0.025 0.0118526262393
0.025 0.0128315728449
0.025 0.0138105194505
0.025 0.0147894660561
0.025 0.0147894660561
0.024 0.0147894660561
0.024 0.0147894660561
0.024 0.0138105194505
0.024 0.0128315728449
0.024 0.0118526262393
0.024 0.0108736796337
0.024 0.00989473302806
0.024 0.00891578642245
0.024 0.00793683981684
0.024 0.00695789321122
0.024 0.00597894660561
0.024 0.005
0.024 0.005
0.023 0.005
0.022 0.005
0.022 0.005
0.022 0.00600422972259
0.022 0.00700845944517
0.022 0.00801268916776
0.022 0.00901691889034
0.022 0.0100211486129
0.022 0.0110253783355
0.022 0.0120296080581
0.022 0.0130338377807
0.022 0.0140380675033
0.022 0.0150422972259
0.022 0.0160465269484
0.022 0.017050756671
0.022 0.0180549863936
0.022 0.0190592161162
0.022 0.0190592161162
0.021 0.0190592161162
0.021 0.0190592161162
0.021 0.0180549863936
0.021 0.017050756671
0.021 0.0160465269484
0.021 0.0150422972259
0.021 0.0140380675033
0.021 0.0130338377807
0.021 0.0120296080581
0.021 0.0110253783355
0.021 0.0100211486129
0.021 0.00901691889034
0.021 0.00801268916776
0.021 0.00700845944517
0.021 0.00600422972259
0.021 0.005
0.021 0.005
0.02 0.005
0.019 0.005
0.019 0.005
0.019 0.0060070118017
0.019 0.00701402360339
0.019 0.00802103540509
0.019 0.00902804720679
0.019 0.0100350590085
0.019 0.0110420708102
0.019 0.0120490826119
0.019 0.0130560944136
0.019 0.0140631062153
0.019 0.015070118017
0.019 0.0160771298187
0.019 0.0170841416204
0.019 0.0180911534221
0.019 0.0190981652238
0.019 0.0190981652238
0.018 0.0190981652238
0.018 0.0190981652238
0.018 0.0180911534221
0.018 0.0170841416204
0.018 0.0160771298187
0.018 0.015070118017
0.018 0.0140631062153
0.018 0.0130560944136
0.018 0.0120490826119
0.018 0.0110420708102
0.018 0.0100350590085
0.018 0.00902804720679
0.018 0.00802103540509
0.018 0.00701402360339
0.018 0.0060070118017
0.018 0.005
0.018 0.005
0.017 0.005
0.016 0.005
0.016 0.005
0.016 0.00602423905264
0.016 0.00704847810527
0.016 0.00807271715791
0.016 0.00909695621054
0.016 0.0101211952632
0.016 0.0111454343158
0.016 0.0121696733685
0.016 0.0131939124211
0.016 0.0142181514737
0.016 0.0152423905264
0.016 0.016266629579
0.016 0.0172908686316
0.016 0.0183151076843
0.016 0.0193393467369
0.016 0.0203635857895
0.016 0.0213878248422
0.016 0.0224120638948
0.016 0.0234363029475
0.016 0.0244605420001
0.016 0.0244605420001
0.015 0.0244605420001
0.015 0.0244605420001
0.015 0.0234363029475
0.015 0.0224120638948
0.015 0.0213878248422
0.015 0.0203635857895
0.015 0.0193393467369
0.015 0.0183151076843
0.015 0.0172908686316
0.015 0.016266629579
0.015 0.0152423905264
0.015 0.0142181514737
0.015 0.0131939124211
0.015 0.0121696733685
0.015 0.0111454343158
0.015 0.0101211952632
0.015 0.00909695621054
0.015 0.00807271715791
0.015 0.00704847810527
0.015 0.00602423905264
0.015 0.005
0.015 0.005
0.014 0.005
0.013 0.005
0.013 0.005
0.013 0.00596893795922
0.013 0.00693787591844
0.013 0.00790681387765
0.013 0.00887575183687
0.013 0.00984468979609
0.013 0.0108136277553
0.013 0.0117825657145
0.013 0.0127515036737
0.013 0.013720441633
0.013 0.0146893795922
0.013 0.0156583175514
0.013 0.0166272555106
0.013 0.0175961934698
0.013 0.0185651314291
0.013 0.0185651314291
0.012 0.0185651314291
0.012 0.0185651314291
0.012 0.0175961934698
0.012 0.0166272555106
0.012 0.0156583175514
0.012 0.0146893795922
0.012 0.013720441633
0.012 0.0127515036737
0.012 0.0117825657145
0.012 0.0108136277553
0.012 0.00984468979609
0.012 0.00887575183687
0.012 0.00790681387765
0.012 0.00693787591844
0.012 0.00596893795922
0.012 0.005
0.012 0.005
0.011 0.005
0.01 0.005
0.01 0.005
0.01 0.00600927895997
0.01 0.00701855791995
0.01 0.00802783687992
0.01 0.00903711583989
0.01 0.0100463947999
0.01 0.0110556737598
0.01 0.0120649527198
0.01 0.0130742316798
0.01 0.0140835106398
0.01 0.0150927895997
0.01 0.0161020685597
0.01 0.0171113475197
0.01 0.0181206264797
0.01 0.0191299054396
0.01 0.0201391843996
0.01 0.0211484633596
0.01 0.0221577423195
0.01 0.0231670212795
0.01 0.0231670212795
0.009 0.0231670212795
0.009 0.0231670212795
0.009 0.0221577423195
0.009 0.0211484633596
0.009 0.0201391843996
0.009 0.0191299054396
0.009 0.0181206264797
0.009 0.0171113475197
0.009 0.0161020685597
0.009 0.0150927895997
0.009 0.0140835106398
0.009 0.0130742316798
0.009 0.0120649527198
0.009 0.0110556737598
0.009 0.0100463947999
0.009 0.00903711583989
0.009 0.00802783687992
0.009 0.00701855791995
0.009 0.00600927895997
0.009 0.005
0.009 0.005
0.008 0.005
0.007 0.005
0.007 0.005
0.007 0.00601478290974
0.007 0.00702956581949
0.007 0.00804434872923
0.007 0.00905913163898
0.007 0.0100739145487
0.007 0.0110886974585
0.007 0.0121034803682
0.007 0.013118263278
0.007 0.0141330461877
0.007 0.0151478290974
0.007 0.0161626120072
0.007 0.0171773949169
0.007 0.0181921778267
0.007 0.0192069607364
0.007 0.0202217436462
0.007 0.0212365265559
0.007 0.0222513094657
0.007 0.0222513094657
0.006 0.0222513094657
0.006 0.0222513094657
0.006 0.0212365265559
0.006 0.0202217436462
0.006 0.0192069607364
0.006 0.0181921778267
0.006 0.0171773949169
0.006 0.0161626120072
0.006 0.0151478290974
0.006 0.0141330461877
0.006 0.013118263278
0.006 0.0121034803682
0.006 0.0110886974585
0.006 0.0100739145487
0.006 0.00905913163898
0.006 0.00804434872923
0.006 0.00702956581949
0.006 0.00601478290974
0.006 0.005
0.006 0.005
0.005 0.005
0.004 0.005
0.004 0.005
0.004 0.0060028630822
0.004 0.0070057261644
0.004 0.0080085892466
0.004 0.0090114523288
0.004 0.010014315411
0.004 0.0110171784932
0.004 0.0120200415754
0.004 0.0130229046576
0.004 0.0140257677398
0.004 0.015028630822
0.004 0.0160314939042
0.004 0.0170343569864
0.004 0.0180372200686
0.004 0.0190400831508
0.004 0.020042946233
0.004 0.0210458093152
0.004 0.0220486723974
0.004 0.0230515354796
0.004 0.0230515354796
0.003 0.0230515354796
0.003 0.0230515354796
0.003 0.0220486723974
0.003 0.0210458093152
0.003 0.020042946233
0.003 0.0190400831508
0.003 0.0180372200686
0.003 0.0170343569864
0.003 0.0160314939042
0.003 0.015028630822
0.003 0.0140257677398
0.003 0.0130229046576
0.003 0.0120200415754
0.003 0.0110171784932
0.003 0.010014315411
0.003 0.0090114523288
0.003 0.0080085892466
0.003 0.0070057261644
0.003 0.0060028630822
0.003 0.005
0.003 0.005
0.002 0.005
0.001 0.005
0.001 0.005
0.001 0.00597764503628
0.001 0.00695529007255
0.001 0.00793293510883
0.001 0.0089105801451
0.001 0.00988822518138
0.001 0.0108658702177
0.001 0.0118435152539
0.001 0.0128211602902
0.001 0.0137988053265
0.001 0.0147764503628
0.001 0.015754095399
0.001 0.0167317404353
0.001 0.0177093854716
0.001 0.0186870305079
0.001 0.0196646755441
0.001 0.0206423205804
0.001 0.0216199656167
0.001 0.022597610653
0.001 0.022597610653
0 0.022597610653
0 0.022597610653
0 0.021615105842
0 0.020632601031
0 0.01965009622
0 0.018667591409
0 0.017685086598
0 0.016702581787
0 0.015720076976
0 0.014737572165
0 0.013755067354
0 0.012772562543
0 0.011790057732
0 0.010807552921
0 0.00982504810998
0 0.00884254329899
0 0.00786003848799
0 0.00687753367699
0 0.00589502886599
0 0.00491252405499
0 0.00393001924399
0 0.002947514433
0 0.001965009622
0 0.000982504810998
0 0
380
1 2 3
2 3 3
3 4 3
4 5 3
5 6 3
6 7 3
7 8 3
8 9 3
9 10 3
10 11 3
11 12 3
12 13 3
13 14 3
14 15 3
15 16 3
16 17 3
17 18 3
18 19 3
19 20 3
20 21 3
21 22 3
22 23 3
23 24 3
24 25 3
25 26 3
26 27 3
27 28 3
28 29 3
30 31 1
31 32 1
32 33 1
33 34 1
34 35 1
35 36 1
36 37 1
37 38 1
38 39 1
39 40 1
40 41 1
41 42 1
42 43 1
43 44 1
44 45 1
45 46 1
46 47 1
47 48 1
48 49 1
49 50 1
51 52 2
53 54 2
54 55 2
55 56 2
56 57 2
57 58 2
58 59 2
59 60 2
60 61 2
61 62 2
62 63 2
63 64 2
64 65 2
65 66 2
66 67 2
67 68 2
69 70 2
70 71 2
72 73 2
73 74 2
74 75 2
75 76 2
76 77 2
77 78 2
78 79 2
79 80 2
80 81 2
81 82 2
83 84 2
85 86 2
86 87 2
87 88 2
88 89 2
89 90 2
90 91 2
91 92 2
92 93 2
93 94 2
94 95 2
96 97 2
97 98 2
99 100 2
100 101 2
101 102 2
102 103 2
103 104 2
104 105 2
105 106 2
106 107 2
107 108 2
108 109 2
109 110 2
110 111 2
111 112 2
112 113 2
114 115 2
116 117 2
117 118 2
118 119 2
119 120 2
120 121 2
121 122 2
122 123 2
123 124 2
124 125 2
125 126 2
126 127 2
127 128 2
128 129 2
129 130 2
131 132 2
132 133 2
134 135 2
135 136 2
136 137 2
137 138 2
138 139 2
139 140 2
140 141 2
141 142 2
142 143 2
143 144 2
144 145 2
145 146 2
146 147 2
147 148 2
149 150 2
151 152 2
152 153 2
153 154 2
154 155 2
155 156 2
156 157 2
157 158 2
158 159 2
159 160 2
160 161 2
161 162 2
162 163 2
163 164 2
164 165 2
166 167 2
167 168 2
169 170 2
170 171 2
171 172 2
172 173 2
173 174 2
174 175 2
175 176 2
176 177 2
177 178 2
178 179 2
179 180 2
180 181 2
181 182 2
182 183 2
183 184 2
184 185 2
185 186 2
186 187 2
187 188 2
189 190 2
191 192 2
192 193 2
193 194 2
194 195 2
195 196 2
196 197 2
197 198 2
198 199 2
199 200 2
200 201 2
201 202 2
202 203 2
203 204 2
204 205 2
205 206 2
206 207 2
207 208 2
208 209 2
209 210 2
211 212 2
212 213 2
214 215 2
215 216 2
216 217 2
217 218 2
218 219 2
219 220 2
220 221 2
221 222 2
222 223 2
223 224 2
224 225 2
225 226 2
226 227 2
227 228 2
229 230 2
231 232 2
232 233 2
233 234 2
234 235 2
235 236 2
236 237 2
237 238 2
238 239 2
239 240 2
240 241 2
241 242 2
242 243 2
243 244 2
244 245 2
246 247 2
247 248 2
249 250 2
250 251 2
251 252 2
252 253 2
253 254 2
254 255 2
255 256 2
256 257 2
257 258 2
258 259 2
259 260 2
260 261 2
261 262 2
262 263 2
263 264 2
264 265 2
265 266 2
266 267 2
268 269 2
270 271 2
271 272 2
272 273 2
273 274 2
274 275 2
275 276 2
276 277 2
277 278 2
278 279 2
279 280 2
280 281 2
281 282 2
282 283 2
283 284 2
284 285 2
285 286 2
286 287 2
287 288 2
289 290 2
290 291 2
292 293 2
293 294 2
294 295 2
295 296 2
296 297 2
297 298 2
298 299 2
299 300 2
300 301 2
301 302 2
302 303 2
303 304 2
304 305 2
305 306 2
306 307 2
307 308 2
308 309 2
310 311 2
312 313 2
313 314 2
314 315 2
315 316 2
316 317 2
317 318 2
318 319 2
319 320 2
320 321 2
321 322 2
322 323 2
323 324 2
324 325 2
325 326 2
326 327 2
327 328 2
328 329 2
330 331 2
331 332 2
333 334 2
334 335 2
335 336 2
336 337 2
337 338 2
338 339 2
339 340 2
340 341 2
341 342 2
342 343 2
343 344 2
344 345 2
345 346 2
346 347 2
347 348 2
348 349 2
349 350 2
350 351 2
352 353 2
354 355 2
355 356 2
356 357 2
357 358 2
358 359 2
359 360 2
360 361 2
361 362 2
362 363 2
363 364 2
364 365 2
365 366 2
366 367 2
367 368 2
368 369 2
369 370 2
370 371 2
371 372 2
373 374 2
374 375 2
376 377 2
377 378 2
378 379 2
379 380 2
380 381 2
381 382 2
382 383 2
383 384 2
384 385 2
385 386 2
386 387 2
387 388 2
388 389 2
389 390 2
390 391 2
391 392 2
392 393 2
393 394 2
395 396 2
397 398 1
398 399 1
399 400 1
400 401 1
401 402 1
402 403 1
403 404 1
404 405 1
405 406 1
406 407 1
407 408 1
408 409 1
409 410 1
410 411 1
411 412 1
412 413 1
413 414 1
414 415 1
415 416 1
416 417 1
417 418 1
418 419 1
419 420 1
30
0.014 0.0005
0.014 0.000637931034483
0.014 0.000775862068966
0.014 0.000913793103448
0.014 0.00105172413793
0.014 0.00118965517241
0.014 0.0013275862069
0.014 0.00146551724138
0.014 0.00160344827586
0.014 0.00174137931034
0.014 0.00187931034483
0.014 0.00201724137931
0.014 0.00215517241379
0.014 0.00229310344828
0.014 0.00243103448276
0.014 0.00256896551724
0.014 0.00270689655172
0.014 0.00284482758621
0.014 0.00298275862069
0.014 0.00312068965517
0.014 0.00325862068966
0.014 0.00339655172414
0.014 0.00353448275862
0.014 0.0036724137931
0.014 0.00381034482759
0.014 0.00394827586207
0.014 0.00408620689655
0.014 0.00422413793103
0.014 0.00436206896552
0.014 0.0045
