50
50
3
1 0
2 60
1 -23292
378
0 0
0.001 0
0.002 0
0.003 0
0.004 0
0.005 0
0.006 0
0.007 0
0.008 0
0.009 0
0.01 0
0.011 0
0.012 0
0.013 0
0.014 0
0.015 0
0.016 0
0.017 0
0.018 0
0.019 0
0.02 0
0.021 0
0.022 0
0.023 0
0.024 0
0.025 0
0.026 0
0.027 0
0.028 0
0.028 0
0.028 0.00100038601732
0.028 0.00200077203464
0.028 0.00300115805197
0.028 0.00400154406929
0.028 0.00500193008661
0.028 0.00600231610393
0.028 0.00700270212125
0.028 0.00800308813858
0.028 0.0090034741559
0.028 0.0100038601732
0.028 0.0110042461905
0.028 0.0120046322079
0.028 0.0130050182252
0.028 0.0140054042425
0.028 0.0150057902598
0.028 0.0160061762772
0.028 0.0170065622945
0.028 0.0180069483118
0.028 0.0190073343291
0.028 0.0190073343291
0.027 0.0190073343291
0.027 0.0190073343291
0.027 0.0180068104485
0.027 0.0170062865678
0.027 0.0160057626872
0.027 0.0150052388065
0.027 0.0140047149259
0.027 0.0130041910452
0.027 0.0120036671646
0.027 0.0110031432839
0.027 0.0100026194033
0.027 0.00900209552261
0.027 0.00800157164195
0.027 0.0070010477613
0.027 0.00600052388065
0.027 0.005
0.027 0.005
0.026 0.005
0.025 0.005
0.025 0.005
0.025 0.00597795395972
0.025 0.00695590791944
0.025 0.00793386187917
0.025 0.00891181583889
0.025 0.00988976979861
0.025 0.0108677237583
0.025 0.0118456777181
0.025 0.0128236316778
0.025 0.0138015856375
0.025 0.0138015856375
0.024 0.0138015856375
0.024 0.0138015856375
0.024 0.0128236316778
0.024 0.0118456777181
0.024 0.0108677237583
0.024 0.00988976979861
0.024 0.00891181583889
0.024 0.00793386187917
0.024 0.00695590791944
0.024 0.00597795395972
0.024 0.005
0.024 0.005
0.023 0.005
0.022 0.005
0.022 0.005
0.022 0.00599910146798
0.022 0.00699820293596
0.022 0.00799730440394
0.022 0.00899640587192
0.022 0.0099955073399
0.022 0.0109946088079
0.022 0.0119937102759
0.022 0.0129928117438
0.022 0.0139919132118
0.022 0.0149910146798
0.022 0.0159901161478
0.022 0.0169892176158
0.022 0.0179883190837
0.022 0.0189874205517
0.022 0.0199865220197
0.022 0.0209856234877
0.022 0.0209856234877
0.021 0.0209856234877
0.021 0.0209856234877
0.021 0.0199865220197
0.021 0.0189874205517
0.021 0.0179883190837
0.021 0.0169892176158
0.021 0.0159901161478
0.021 0.0149910146798
0.021 0.0139919132118
0.021 0.0129928117438
0.021 0.0119937102759
0.021 0.0109946088079
0.021 0.0099955073399
0.021 0.00899640587192
0.021 0.00799730440394
0.021 0.00699820293596
0.021 0.00599910146798
0.021 0.005
0.021 0.005
0.02 0.005
0.019 0.005
0.019 0.005
0.019 0.00600527879247
0.019 0.00701055758494
0.019 0.00801583637742
0.019 0.00902111516989
0.019 0.0100263939624
0.019 0.0110316727548
0.019 0.0120369515473
0.019 0.0130422303398
0.019 0.0140475091323
0.019 0.0150527879247
0.019 0.0160580667172
0.019 0.0170633455097
0.019 0.0180686243021
0.019 0.0190739030946
0.019 0.0190739030946
0.018 0.0190739030946
0.018 0.0190739030946
0.018 0.0180686243021
0.018 0.0170633455097
0.018 0.0160580667172
0.018 0.0150527879247
0.018 0.0140475091323
0.018 0.0130422303398
0.018 0.0120369515473
0.018 0.0110316727548
0.018 0.0100263939624
0.018 0.00902111516989
0.018 0.00801583637742
0.018 0.00701055758494
0.018 0.00600527879247
0.018 0.005
0.018 0.005
0.017 0.005
0.016 0.005
0.016 0.005
0.016 0.00597004402622
0.016 0.00694008805244
0.016 0.00791013207866
0.016 0.00888017610488
0.016 0.00985022013109
0.016 0.0108202641573
0.016 0.0117903081835
0.016 0.0127603522098
0.016 0.013730396236
0.016 0.0147004402622
0.016 0.0156704842884
0.016 0.0166405283146
0.016 0.0176105723408
0.016 0.0185806163671
0.016 0.0195506603933
0.016 0.0205207044195
0.016 0.0205207044195
0.015 0.0205207044195
0.015 0.0205207044195
0.015 0.0195506603933
0.015 0.0185806163671
0.015 0.0176105723408
0.015 0.0166405283146
0.015 0.0156704842884
0.015 0.0147004402622
0.015 0.013730396236
0.015 0.0127603522098
0.015 0.0117903081835
0.015 0.0108202641573
0.015 0.00985022013109
0.015 0.00888017610488
0.015 0.00791013207866
0.015 0.00694008805244
0.015 0.00597004402622
0.015 0.005
0.015 0.005
0.014 0.005
0.013 0.005
0.013 0.005
0.013 0.00600313182513
0.013 0.00700626365026
0.013 0.00800939547539
0.013 0.00901252730052
0.013 0.0100156591257
0.013 0.0110187909508
0.013 0.0120219227759
0.013 0.013025054601
0.013 0.0140281864262
0.013 0.0150313182513
0.013 0.0160344500764
0.013 0.0170375819016
0.013 0.0180407137267
0.013 0.0190438455518
0.013 0.020046977377
0.013 0.0210501092021
0.013 0.0220532410272
0.013 0.0230563728523
0.013 0.0230563728523
0.012 0.0230563728523
0.012 0.0230563728523
0.012 0.0220532410272
0.012 0.0210501092021
0.012 0.020046977377
0.012 0.0190438455518
0.012 0.0180407137267
0.012 0.0170375819016
0.012 0.0160344500764
0.012 0.0150313182513
0.012 0.0140281864262
0.012 0.013025054601
0.012 0.0120219227759
0.012 0.0110187909508
0.012 0.0100156591257
0.012 0.00901252730052
0.012 0.00800939547539
0.012 0.00700626365026
0.012 0.00600313182513
0.012 0.005
0.012 0.005
0.011 0.005
0.01 0.005
0.01 0.005
0.01 0.00599561229668
0.01 0.00699122459336
0.01 0.00798683689004
0.01 0.00898244918672
0.01 0.00997806148341
0.01 0.0109736737801
0.01 0.0109736737801
0.009 0.0109736737801
0.009 0.0109736737801
0.009 0.00997806148341
0.009 0.00898244918672
0.009 0.00798683689004
0.009 0.00699122459336
0.009 0.00599561229668
0.009 0.005
0.009 0.005
0.008 0.005
0.007 0.005
0.007 0.005
0.007 0.00601755138432
0.007 0.00703510276863
0.007 0.00805265415295
0.007 0.00907020553727
0.007 0.0100877569216
0.007 0.0111053083059
0.007 0.0121228596902
0.007 0.0131404110745
0.007 0.0141579624588
0.007 0.0151755138432
0.007 0.0161930652275
0.007 0.0172106166118
0.007 0.0182281679961
0.007 0.0192457193804
0.007 0.0202632707647
0.007 0.0202632707647
0.006 0.0202632707647
0.006 0.0202632707647
0.006 0.0192457193804
0.006 0.0182281679961
0.006 0.0172106166118
0.006 0.0161930652275
0.006 0.0151755138432
0.006 0.0141579624588
0.006 0.0131404110745
0.006 0.0121228596902
0.006 0.0111053083059
0.006 0.0100877569216
0.006 0.00907020553727
0.006 0.00805265415295
0.006 0.00703510276863
0.006 0.00601755138432
0.006 0.005
0.006 0.005
0.005 0.005
0.004 0.005
0.004 0.005
0.004 0.00600591681305
0.004 0.00701183362611
0.004 0.00801775043916
0.004 0.00902366725221
0.004 0.0100295840653
0.004 0.0110355008783
0.004 0.0120414176914
0.004 0.0130473345044
0.004 0.0140532513175
0.004 0.0150591681305
0.004 0.0160650849436
0.004 0.0170710017566
0.004 0.0180769185697
0.004 0.0190828353828
0.004 0.0200887521958
0.004 0.0210946690089
0.004 0.0221005858219
0.004 0.023106502635
0.004 0.024112419448
0.004 0.024112419448
0.003 0.024112419448
0.003 0.024112419448
0.003 0.023106502635
0.003 0.0221005858219
0.003 0.0210946690089
0.003 0.0200887521958
0.003 0.0190828353828
0.003 0.0180769185697
0.003 0.0170710017566
0.003 0.0160650849436
0.003 0.0150591681305
0.003 0.0140532513175
0.003 0.0130473345044
0.003 0.0120414176914
0.003 0.0110355008783
0.003 0.0100295840653
0.003 0.00902366725221
0.003 0.00801775043916
0.003 0.00701183362611
0.003 0.00600591681305
0.003 0.005
0.003 0.005
0.002 0.005
0.001 0.005
0.001 0.005
0.001 0.0059485799508
0.001 0.0068971599016
0.001 0.0078457398524
0.001 0.00879431980321
0.001 0.00974289975401
0.001 0.0106914797048
0.001 0.0116400596556
0.001 0.0125886396064
0.001 0.0135372195572
0.001 0.0135372195572
0 0.0135372195572
0 0.0135372195572
0 0.0125702753031
0 0.011603331049
0 0.010636386795
0 0.00966944254087
0 0.00870249828678
0 0.00773555403269
0 0.00676860977861
0 0.00580166552452
0 0.00483472127043
0 0.00386777701635
0 0.00290083276226
0 0.00193388850817
0 0.000966944254087
0 0
338
1 2 3
2 3 3
3 4 3
4 5 3
5 6 3
6 7 3
7 8 3
8 9 3
9 10 3
10 11 3
11 12 3
12 13 3
13 14 3
14 15 3
15 16 3
16 17 3
17 18 3
18 19 3
19 20 3
20 21 3
21 22 3
22 23 3
23 24 3
24 25 3
25 26 3
26 27 3
27 28 3
28 29 3
30 31 1
31 32 1
32 33 1
33 34 1
34 35 1
35 36 1
36 37 1
37 38 1
38 39 1
39 40 1
40 41 1
41 42 1
42 43 1
43 44 1
44 45 1
45 46 1
46 47 1
47 48 1
48 49 1
50 51 2
52 53 2
53 54 2
54 55 2
55 56 2
56 57 2
57 58 2
58 59 2
59 60 2
60 61 2
61 62 2
62 63 2
63 64 2
64 65 2
65 66 2
67 68 2
68 69 2
70 71 2
71 72 2
72 73 2
73 74 2
74 75 2
75 76 2
76 77 2
77 78 2
78 79 2
80 81 2
82 83 2
83 84 2
84 85 2
85 86 2
86 87 2
87 88 2
88 89 2
89 90 2
90 91 2
92 93 2
93 94 2
95 96 2
96 97 2
97 98 2
98 99 2
99 100 2
100 101 2
101 102 2
102 103 2
103 104 2
104 105 2
105 106 2
106 107 2
107 108 2
108 109 2
109 110 2
110 111 2
112 113 2
114 115 2
115 116 2
116 117 2
117 118 2
118 119 2
119 120 2
120 121 2
121 122 2
122 123 2
123 124 2
124 125 2
125 126 2
126 127 2
127 128 2
128 129 2
129 130 2
131 132 2
132 133 2
134 135 2
135 136 2
136 137 2
137 138 2
138 139 2
139 140 2
140 141 2
141 142 2
142 143 2
143 144 2
144 145 2
145 146 2
146 147 2
147 148 2
149 150 2
151 152 2
152 153 2
153 154 2
154 155 2
155 156 2
156 157 2
157 158 2
158 159 2
159 160 2
160 161 2
161 162 2
162 163 2
163 164 2
164 165 2
166 167 2
167 168 2
169 170 2
170 171 2
171 172 2
172 173 2
173 174 2
174 175 2
175 176 2
176 177 2
177 178 2
178 179 2
179 180 2
180 181 2
181 182 2
182 183 2
183 184 2
184 185 2
186 187 2
188 189 2
189 190 2
190 191 2
191 192 2
192 193 2
193 194 2
194 195 2
195 196 2
196 197 2
197 198 2
198 199 2
199 200 2
200 201 2
201 202 2
202 203 2
203 204 2
205 206 2
206 207 2
208 209 2
209 210 2
210 211 2
211 212 2
212 213 2
213 214 2
214 215 2
215 216 2
216 217 2
217 218 2
218 219 2
219 220 2
220 221 2
221 222 2
222 223 2
223 224 2
224 225 2
225 226 2
227 228 2
229 230 2
230 231 2
231 232 2
232 233 2
233 234 2
234 235 2
235 236 2
236 237 2
237 238 2
238 239 2
239 240 2
240 241 2
241 242 2
242 243 2
243 244 2
244 245 2
245 246 2
246 247 2
248 249 2
249 250 2
251 252 2
252 253 2
253 254 2
254 255 2
255 256 2
256 257 2
258 259 2
260 261 2
261 262 2
262 263 2
263 264 2
264 265 2
265 266 2
267 268 2
268 269 2
270 271 2
271 272 2
272 273 2
273 274 2
274 275 2
275 276 2
276 277 2
277 278 2
278 279 2
279 280 2
280 281 2
281 282 2
282 283 2
283 284 2
284 285 2
286 287 2
288 289 2
289 290 2
290 291 2
291 292 2
292 293 2
293 294 2
294 295 2
295 296 2
296 297 2
297 298 2
298 299 2
299 300 2
300 301 2
301 302 2
302 303 2
304 305 2
305 306 2
307 308 2
308 309 2
309 310 2
310 311 2
311 312 2
312 313 2
313 314 2
314 315 2
315 316 2
316 317 2
317 318 2
318 319 2
319 320 2
320 321 2
321 322 2
322 323 2
323 324 2
324 325 2
325 326 2
327 328 2
329 330 2
330 331 2
331 332 2
332 333 2
333 334 2
334 335 2
335 336 2
336 337 2
337 338 2
338 339 2
339 340 2
340 341 2
341 342 2
342 343 2
343 344 2
344 345 2
345 346 2
346 347 2
347 348 2
349 350 2
350 351 2
352 353 2
353 354 2
354 355 2
355 356 2
356 357 2
357 358 2
358 359 2
359 360 2
360 361 2
362 363 2
364 365 1
365 366 1
366 367 1
367 368 1
368 369 1
369 370 1
370 371 1
371 372 1
372 373 1
373 374 1
374 375 1
375 376 1
376 377 1
377 378 1
30
0.014 0.0005
0.014 0.000637931034483
0.014 0.000775862068966
0.014 0.000913793103448
0.014 0.00105172413793
0.014 0.00118965517241
0.014 0.0013275862069
0.014 0.00146551724138
0.014 0.00160344827586
0.014 0.00174137931034
0.014 0.00187931034483
0.014 0.00201724137931
0.014 0.00215517241379
0.014 0.00229310344828
0.014 0.00243103448276
0.014 0.00256896551724
0.014 0.00270689655172
0.014 0.00284482758621
0.014 0.00298275862069
0.014 0.00312068965517
0.014 0.00325862068966
0.014 0.00339655172414
0.014 0.00353448275862
0.014 0.0036724137931
0.014 0.00381034482759
0.014 0.00394827586207
0.014 0.00408620689655
0.014 0.00422413793103
0.014 0.00436206896552
0.014 0.0045
