50
200
3
1 0
2 60
1 -23292
340
0 0
0.001 0
0.002 0
0.003 0
0.004 0
0.005 0
0.006 0
0.007 0
0.008 0
0.009 0
0.01 0
0.011 0
0.012 0
0.013 0
0.014 0
0.015 0
0.016 0
0.017 0
0.018 0
0.019 0
0.02 0
0.021 0
0.022 0
0.023 0
0.024 0
0.025 0
0.026 0
0.027 0
0.028 0
0.028 0
0.028 0.00100622870361
0.028 0.00201245740721
0.028 0.00301868611082
0.028 0.00402491481443
0.028 0.00503114351803
0.028 0.00603737222164
0.028 0.00704360092525
0.028 0.00804982962885
0.028 0.00905605833246
0.028 0.0100622870361
0.028 0.0110685157397
0.028 0.0120747444433
0.028 0.0130809731469
0.028 0.0140872018505
0.028 0.0150934305541
0.028 0.0160996592577
0.028 0.0171058879613
0.028 0.0181121166649
0.028 0.0191183453685
0.028 0.0201245740721
0.028 0.0201245740721
0.027 0.0201245740721
0.027 0.0201245740721
0.027 0.019116269134
0.027 0.0181079641959
0.027 0.0170996592577
0.027 0.0160913543196
0.027 0.0150830493814
0.027 0.0140747444433
0.027 0.0130664395051
0.027 0.012058134567
0.027 0.0110498296289
0.027 0.0100415246907
0.027 0.00903321975257
0.027 0.00802491481443
0.027 0.00701660987628
0.027 0.00600830493814
0.027 0.005
0.027 0.005
0.026 0.005
0.025 0.005
0.025 0.005
0.025 0.00601854823176
0.025 0.00703709646353
0.025 0.00805564469529
0.025 0.00907419292705
0.025 0.0100927411588
0.025 0.0111112893906
0.025 0.0121298376223
0.025 0.0131483858541
0.025 0.0141669340859
0.025 0.0151854823176
0.025 0.0151854823176
0.024 0.0151854823176
0.024 0.0151854823176
0.024 0.0141669340859
0.024 0.0131483858541
0.024 0.0121298376223
0.024 0.0111112893906
0.024 0.0100927411588
0.024 0.00907419292705
0.024 0.00805564469529
0.024 0.00703709646353
0.024 0.00601854823176
0.024 0.005
0.024 0.005
0.023 0.005
0.022 0.005
0.022 0.005
0.022 0.00603592930123
0.022 0.00707185860246
0.022 0.00810778790369
0.022 0.00914371720492
0.022 0.0101796465062
0.022 0.0112155758074
0.022 0.0122515051086
0.022 0.0132874344098
0.022 0.0143233637111
0.022 0.0153592930123
0.022 0.0163952223135
0.022 0.0163952223135
0.021 0.0163952223135
0.021 0.0163952223135
0.021 0.0153592930123
0.021 0.0143233637111
0.021 0.0132874344098
0.021 0.0122515051086
0.021 0.0112155758074
0.021 0.0101796465062
0.021 0.00914371720492
0.021 0.00810778790369
0.021 0.00707185860246
0.021 0.00603592930123
0.021 0.005
0.021 0.005
0.02 0.005
0.019 0.005
0.019 0.005
0.019 0.00602482531829
0.019 0.00704965063659
0.019 0.00807447595488
0.019 0.00909930127317
0.019 0.0101241265915
0.019 0.0111489519098
0.019 0.012173777228
0.019 0.0131986025463
0.019 0.0142234278646
0.019 0.0152482531829
0.019 0.0162730785012
0.019 0.0172979038195
0.019 0.0183227291378
0.019 0.0193475544561
0.019 0.0203723797744
0.019 0.0213972050927
0.019 0.022422030411
0.019 0.022422030411
0.018 0.022422030411
0.018 0.022422030411
0.018 0.0213972050927
0.018 0.0203723797744
0.018 0.0193475544561
0.018 0.0183227291378
0.018 0.0172979038195
0.018 0.0162730785012
0.018 0.0152482531829
0.018 0.0142234278646
0.018 0.0131986025463
0.018 0.012173777228
0.018 0.0111489519098
0.018 0.0101241265915
0.018 0.00909930127317
0.018 0.00807447595488
0.018 0.00704965063659
0.018 0.00602482531829
0.018 0.005
0.018 0.005
0.017 0.005
0.016 0.005
0.016 0.005
0.016 0.00597181305044
0.016 0.00694362610087
0.016 0.00791543915131
0.016 0.00888725220175
0.016 0.00985906525219
0.016 0.0108308783026
0.016 0.0118026913531
0.016 0.0127745044035
0.016 0.0137463174539
0.016 0.0147181305044
0.016 0.0156899435548
0.016 0.0166617566052
0.016 0.0166617566052
0.015 0.0166617566052
0.015 0.0166617566052
0.015 0.0156899435548
0.015 0.0147181305044
0.015 0.0137463174539
0.015 0.0127745044035
0.015 0.0118026913531
0.015 0.0108308783026
0.015 0.00985906525219
0.015 0.00888725220175
0.015 0.00791543915131
0.015 0.00694362610087
0.015 0.00597181305044
0.015 0.005
0.015 0.005
0.014 0.005
0.013 0.005
0.013 0.005
0.013 0.00598836689378
0.013 0.00697673378756
0.013 0.00796510068134
0.013 0.00895346757512
0.013 0.0099418344689
0.013 0.0109302013627
0.013 0.0119185682565
0.013 0.0129069351502
0.013 0.013895302044
0.013 0.0148836689378
0.013 0.0158720358316
0.013 0.0168604027254
0.013 0.0168604027254
0.012 0.0168604027254
0.012 0.0168604027254
0.012 0.0158720358316
0.012 0.0148836689378
0.012 0.013895302044
0.012 0.0129069351502
0.012 0.0119185682565
0.012 0.0109302013627
0.012 0.0099418344689
0.012 0.00895346757512
0.012 0.00796510068134
0.012 0.00697673378756
0.012 0.00598836689378
0.012 0.005
0.012 0.005
0.011 0.005
0.01 0.005
0.01 0.005
0.01 0.00598620779485
0.01 0.00697241558969
0.01 0.00795862338454
0.01 0.00894483117938
0.01 0.00993103897423
0.01 0.0109172467691
0.01 0.0119034545639
0.01 0.0128896623588
0.01 0.0138758701536
0.01 0.0148620779485
0.01 0.0148620779485
0.009 0.0148620779485
0.009 0.0148620779485
0.009 0.0138758701536
0.009 0.0128896623588
0.009 0.0119034545639
0.009 0.0109172467691
0.009 0.00993103897423
0.009 0.00894483117938
0.009 0.00795862338454
0.009 0.00697241558969
0.009 0.00598620779485
0.009 0.005
0.009 0.005
0.008 0.005
0.007 0.005
0.007 0.005
0.007 0.00601486188187
0.007 0.00702972376373
0.007 0.0080445856456
0.007 0.00905944752746
0.007 0.0100743094093
0.007 0.0110891712912
0.007 0.0121040331731
0.007 0.0131188950549
0.007 0.0141337569368
0.007 0.0151486188187
0.007 0.0161634807005
0.007 0.0171783425824
0.007 0.0181932044643
0.007 0.0192080663461
0.007 0.0192080663461
0.006 0.0192080663461
0.006 0.0192080663461
0.006 0.0181932044643
0.006 0.0171783425824
0.006 0.0161634807005
0.006 0.0151486188187
0.006 0.0141337569368
0.006 0.0131188950549
0.006 0.0121040331731
0.006 0.0110891712912
0.006 0.0100743094093
0.006 0.00905944752746
0.006 0.0080445856456
0.006 0.00702972376373
0.006 0.00601486188187
0.006 0.005
0.006 0.005
0.005 0.005
0.004 0.005
0.004 0.005
0.004 0.00603912966073
0.004 0.00707825932146
0.004 0.00811738898219
0.004 0.00915651864292
0.004 0.0101956483036
0.004 0.0112347779644
0.004 0.0122739076251
0.004 0.0133130372858
0.004 0.0143521669466
0.004 0.0143521669466
0.003 0.0143521669466
0.003 0.0143521669466
0.003 0.0133130372858
0.003 0.0122739076251
0.003 0.0112347779644
0.003 0.0101956483036
0.003 0.00915651864292
0.003 0.00811738898219
0.003 0.00707825932146
0.003 0.00603912966073
0.003 0.005
0.003 0.005
0.002 0.005
0.001 0.005
0.001 0.005
0.001 0.00601076004956
0.001 0.00702152009911
0.001 0.00803228014867
0.001 0.00904304019823
0.001 0.0100538002478
0.001 0.0110645602973
0.001 0.0120753203469
0.001 0.0120753203469
0 0.0120753203469
0 0.0120753203469
0 0.0110690436513
0 0.0100627669557
0 0.00905649026017
0 0.0080502135646
0 0.00704393686902
0 0.00603766017345
0 0.00503138347787
0 0.0040251067823
0 0.00301883008672
0 0.00201255339115
0 0.00100627669557
0 -1.73472347598e-18
300
1 2 3
2 3 3
3 4 3
4 5 3
5 6 3
6 7 3
7 8 3
8 9 3
9 10 3
10 11 3
11 12 3
12 13 3
13 14 3
14 15 3
15 16 3
16 17 3
17 18 3
18 19 3
19 20 3
20 21 3
21 22 3
22 23 3
23 24 3
24 25 3
25 26 3
26 27 3
27 28 3
28 29 3
30 31 1
31 32 1
32 33 1
33 34 1
34 35 1
35 36 1
36 37 1
37 38 1
38 39 1
39 40 1
40 41 1
41 42 1
42 43 1
43 44 1
44 45 1
45 46 1
46 47 1
47 48 1
48 49 1
49 50 1
51 52 2
53 54 2
54 55 2
55 56 2
56 57 2
57 58 2
58 59 2
59 60 2
60 61 2
61 62 2
62 63 2
63 64 2
64 65 2
65 66 2
66 67 2
67 68 2
69 70 2
70 71 2
72 73 2
73 74 2
74 75 2
75 76 2
76 77 2
77 78 2
78 79 2
79 80 2
80 81 2
81 82 2
83 84 2
85 86 2
86 87 2
87 88 2
88 89 2
89 90 2
90 91 2
91 92 2
92 93 2
93 94 2
94 95 2
96 97 2
97 98 2
99 100 2
100 101 2
101 102 2
102 103 2
103 104 2
104 105 2
105 106 2
106 107 2
107 108 2
108 109 2
109 110 2
111 112 2
113 114 2
114 115 2
115 116 2
116 117 2
117 118 2
118 119 2
119 120 2
120 121 2
121 122 2
122 123 2
123 124 2
125 126 2
126 127 2
128 129 2
129 130 2
130 131 2
131 132 2
132 133 2
133 134 2
134 135 2
135 136 2
136 137 2
137 138 2
138 139 2
139 140 2
140 141 2
141 142 2
142 143 2
143 144 2
144 145 2
146 147 2
148 149 2
149 150 2
150 151 2
151 152 2
152 153 2
153 154 2
154 155 2
155 156 2
156 157 2
157 158 2
158 159 2
159 160 2
160 161 2
161 162 2
162 163 2
163 164 2
164 165 2
166 167 2
167 168 2
169 170 2
170 171 2
171 172 2
172 173 2
173 174 2
174 175 2
175 176 2
176 177 2
177 178 2
178 179 2
179 180 2
180 181 2
182 183 2
184 185 2
185 186 2
186 187 2
187 188 2
188 189 2
189 190 2
190 191 2
191 192 2
192 193 2
193 194 2
194 195 2
195 196 2
197 198 2
198 199 2
200 201 2
201 202 2
202 203 2
203 204 2
204 205 2
205 206 2
206 207 2
207 208 2
208 209 2
209 210 2
210 211 2
211 212 2
213 214 2
215 216 2
216 217 2
217 218 2
218 219 2
219 220 2
220 221 2
221 222 2
222 223 2
223 224 2
224 225 2
225 226 2
226 227 2
228 229 2
229 230 2
231 232 2
232 233 2
233 234 2
234 235 2
235 236 2
236 237 2
237 238 2
238 239 2
239 240 2
240 241 2
242 243 2
244 245 2
245 246 2
246 247 2
247 248 2
248 249 2
249 250 2
250 251 2
251 252 2
252 253 2
253 254 2
255 256 2
256 257 2
258 259 2
259 260 2
260 261 2
261 262 2
262 263 2
263 264 2
264 265 2
265 266 2
266 267 2
267 268 2
268 269 2
269 270 2
270 271 2
271 272 2
273 274 2
275 276 2
276 277 2
277 278 2
278 279 2
279 280 2
280 281 2
281 282 2
282 283 2
283 284 2
284 285 2
285 286 2
286 287 2
287 288 2
288 289 2
290 291 2
291 292 2
293 294 2
294 295 2
295 296 2
296 297 2
297 298 2
298 299 2
299 300 2
300 301 2
301 302 2
303 304 2
305 306 2
306 307 2
307 308 2
308 309 2
309 310 2
310 311 2
311 312 2
312 313 2
313 314 2
315 316 2
316 317 2
318 319 2
319 320 2
320 321 2
321 322 2
322 323 2
323 324 2
324 325 2
326 327 2
328 329 1
329 330 1
330 331 1
331 332 1
332 333 1
333 334 1
334 335 1
335 336 1
336 337 1
337 338 1
338 339 1
339 340 1
30
0.014 0.0005
0.014 0.000637931034483
0.014 0.000775862068966
0.014 0.000913793103448
0.014 0.00105172413793
0.014 0.00118965517241
0.014 0.0013275862069
0.014 0.00146551724138
0.014 0.00160344827586
0.014 0.00174137931034
0.014 0.00187931034483
0.014 0.00201724137931
0.014 0.00215517241379
0.014 0.00229310344828
0.014 0.00243103448276
0.014 0.00256896551724
0.014 0.00270689655172
0.014 0.00284482758621
0.014 0.00298275862069
0.014 0.00312068965517
0.014 0.00325862068966
0.014 0.00339655172414
0.014 0.00353448275862
0.014 0.0036724137931
0.014 0.00381034482759
0.014 0.00394827586207
0.014 0.00408620689655
0.014 0.00422413793103
0.014 0.00436206896552
0.014 0.0045
