50
50
3
1 0
2 60
1 -23292
368
0 0
0.001 0
0.002 0
0.003 0
0.004 0
0.005 0
0.006 0
0.007 0
0.008 0
0.009 0
0.01 0
0.011 0
0.012 0
0.013 0
0.014 0
0.015 0
0.016 0
0.017 0
0.018 0
0.019 0
0.02 0
0.021 0
0.022 0
0.023 0
0.024 0
0.025 0
0.026 0
0.027 0
0.028 0
0.028 0
0.028 0.000995492779147
0.028 0.00199098555829
0.028 0.00298647833744
0.028 0.00398197111659
0.028 0.00497746389574
0.028 0.00597295667488
0.028 0.00696844945403
0.028 0.00796394223318
0.028 0.00895943501233
0.028 0.00995492779147
0.028 0.0109504205706
0.028 0.0119459133498
0.028 0.0129414061289
0.028 0.0139368989081
0.028 0.0149323916872
0.028 0.0159278844664
0.028 0.0169233772455
0.028 0.0179188700247
0.028 0.0189143628038
0.028 0.0189143628038
0.027 0.0189143628038
0.027 0.0189143628038
0.027 0.0179204797464
0.027 0.016926596689
0.027 0.0159327136316
0.027 0.0149388305741
0.027 0.0139449475167
0.027 0.0129510644593
0.027 0.0119571814019
0.027 0.0109632983445
0.027 0.00996941528707
0.027 0.00897553222966
0.027 0.00798164917224
0.027 0.00698776611483
0.027 0.00599388305741
0.027 0.005
0.027 0.005
0.026 0.005
0.025 0.005
0.025 0.005
0.025 0.00598373146582
0.025 0.00696746293163
0.025 0.00795119439745
0.025 0.00893492586327
0.025 0.00991865732909
0.025 0.0109023887949
0.025 0.0118861202607
0.025 0.0128698517265
0.025 0.0138535831924
0.025 0.0148373146582
0.025 0.015821046124
0.025 0.0168047775898
0.025 0.0177885090556
0.025 0.0187722405214
0.025 0.0197559719873
0.025 0.0197559719873
0.024 0.0197559719873
0.024 0.0197559719873
0.024 0.0187722405214
0.024 0.0177885090556
0.024 0.0168047775898
0.024 0.015821046124
0.024 0.0148373146582
0.024 0.0138535831924
0.024 0.0128698517265
0.024 0.0118861202607
0.024 0.0109023887949
0.024 0.00991865732909
0.024 0.00893492586327
0.024 0.00795119439745
0.024 0.00696746293163
0.024 0.00598373146582
0.024 0.005
0.024 0.005
0.023 0.005
0.022 0.005
0.022 0.005
0.022 0.00599384776535
0.022 0.0069876955307
0.022 0.00798154329605
0.022 0.0089753910614
0.022 0.00996923882676
0.022 0.0109630865921
0.022 0.0119569343575
0.022 0.0129507821228
0.022 0.0139446298882
0.022 0.0149384776535
0.022 0.0159323254189
0.022 0.0169261731842
0.022 0.0179200209496
0.022 0.0179200209496
0.021 0.0179200209496
0.021 0.0179200209496
0.021 0.0169261731842
0.021 0.0159323254189
0.021 0.0149384776535
0.021 0.0139446298882
0.021 0.0129507821228
0.021 0.0119569343575
0.021 0.0109630865921
0.021 0.00996923882676
0.021 0.0089753910614
0.021 0.00798154329605
0.021 0.0069876955307
0.021 0.00599384776535
0.021 0.005
0.021 0.005
0.02 0.005
0.019 0.005
0.019 0.005
0.019 0.00599371900269
0.019 0.00698743800538
0.019 0.00798115700807
0.019 0.00897487601077
0.019 0.00996859501346
0.019 0.0109623140161
0.019 0.0119560330188
0.019 0.0129497520215
0.019 0.0139434710242
0.019 0.0149371900269
0.019 0.0149371900269
0.018 0.0149371900269
0.018 0.0149371900269
0.018 0.0139434710242
0.018 0.0129497520215
0.018 0.0119560330188
0.018 0.0109623140161
0.018 0.00996859501346
0.018 0.00897487601077
0.018 0.00798115700807
0.018 0.00698743800538
0.018 0.00599371900269
0.018 0.005
0.018 0.005
0.017 0.005
0.016 0.005
0.016 0.005
0.016 0.00602356071124
0.016 0.00704712142248
0.016 0.00807068213372
0.016 0.00909424284495
0.016 0.0101178035562
0.016 0.0111413642674
0.016 0.0121649249787
0.016 0.0131884856899
0.016 0.0142120464011
0.016 0.0152356071124
0.016 0.0162591678236
0.016 0.0172827285349
0.016 0.0183062892461
0.016 0.0193298499573
0.016 0.0203534106686
0.016 0.0213769713798
0.016 0.0224005320911
0.016 0.0234240928023
0.016 0.0234240928023
0.015 0.0234240928023
0.015 0.0234240928023
0.015 0.0224005320911
0.015 0.0213769713798
0.015 0.0203534106686
0.015 0.0193298499573
0.015 0.0183062892461
0.015 0.0172827285349
0.015 0.0162591678236
0.015 0.0152356071124
0.015 0.0142120464011
0.015 0.0131884856899
0.015 0.0121649249787
0.015 0.0111413642674
0.015 0.0101178035562
0.015 0.00909424284495
0.015 0.00807068213372
0.015 0.00704712142248
0.015 0.00602356071124
0.015 0.005
0.015 0.005
0.014 0.005
0.013 0.005
0.013 0.005
0.013 0.00597430690634
0.013 0.00694861381268
0.013 0.00792292071903
0.013 0.00889722762537
0.013 0.00987153453171
0.013 0.0108458414381
0.013 0.0118201483444
0.013 0.0127944552507
0.013 0.0137687621571
0.013 0.0147430690634
0.013 0.0157173759698
0.013 0.0166916828761
0.013 0.0176659897824
0.013 0.0186402966888
0.013 0.0196146035951
0.013 0.0205889105015
0.013 0.0205889105015
0.012 0.0205889105015
0.012 0.0205889105015
0.012 0.0196146035951
0.012 0.0186402966888
0.012 0.0176659897824
0.012 0.0166916828761
0.012 0.0157173759698
0.012 0.0147430690634
0.012 0.0137687621571
0.012 0.0127944552507
0.012 0.0118201483444
0.012 0.0108458414381
0.012 0.00987153453171
0.012 0.00889722762537
0.012 0.00792292071903
0.012 0.00694861381268
0.012 0.00597430690634
0.012 0.005
0.012 0.005
0.011 0.005
0.01 0.005
0.01 0.005
0.01 0.00598964275521
0.01 0.00697928551042
0.01 0.00796892826562
0.01 0.00895857102083
0.01 0.00994821377604
0.01 0.0109378565312
0.01 0.0119274992865
0.01 0.0129171420417
0.01 0.0139067847969
0.01 0.0148964275521
0.01 0.0158860703073
0.01 0.0168757130625
0.01 0.0178653558177
0.01 0.0188549985729
0.01 0.0198446413281
0.01 0.0208342840833
0.01 0.0218239268385
0.01 0.0228135695937
0.01 0.0228135695937
0.009 0.0228135695937
0.009 0.0228135695937
0.009 0.0218239268385
0.009 0.0208342840833
0.009 0.0198446413281
0.009 0.0188549985729
0.009 0.0178653558177
0.009 0.0168757130625
0.009 0.0158860703073
0.009 0.0148964275521
0.009 0.0139067847969
0.009 0.0129171420417
0.009 0.0119274992865
0.009 0.0109378565312
0.009 0.00994821377604
0.009 0.00895857102083
0.009 0.00796892826562
0.009 0.00697928551042
0.009 0.00598964275521
0.009 0.005
0.009 0.005
0.008 0.005
0.007 0.005
0.007 0.005
0.007 0.00600461819189
0.007 0.00700923638378
0.007 0.00801385457567
0.007 0.00901847276756
0.007 0.0100230909594
0.007 0.0110277091513
0.007 0.0120323273432
0.007 0.0130369455351
0.007 0.0130369455351
0.006 0.0130369455351
0.006 0.0130369455351
0.006 0.0120323273432
0.006 0.0110277091513
0.006 0.0100230909594
0.006 0.00901847276756
0.006 0.00801385457567
0.006 0.00700923638378
0.006 0.00600461819189
0.006 0.005
0.006 0.005
0.005 0.005
0.004 0.005
0.004 0.005
0.004 0.00604533788748
0.004 0.00709067577497
0.004 0.00813601366245
0.004 0.00918135154994
0.004 0.0102266894374
0.004 0.0112720273249
0.004 0.0112720273249
0.003 0.0112720273249
0.003 0.0112720273249
0.003 0.0102266894374
0.003 0.00918135154994
0.003 0.00813601366245
0.003 0.00709067577497
0.003 0.00604533788748
0.003 0.005
0.003 0.005
0.002 0.005
0.001 0.005
0.001 0.005
0.001 0.00602319273798
0.001 0.00704638547596
0.001 0.00806957821394
0.001 0.00909277095192
0.001 0.0101159636899
0.001 0.0111391564279
0.001 0.0121623491659
0.001 0.0131855419038
0.001 0.0142087346418
0.001 0.0152319273798
0.001 0.0162551201178
0.001 0.0172783128557
0.001 0.0183015055937
0.001 0.0183015055937
0 0.0183015055937
0 0.0183015055937
0 0.017284755283
0 0.0162680049722
0 0.0152512546614
0 0.0142345043507
0 0.0132177540399
0 0.0122010037291
0 0.0111842534184
0 0.0101675031076
0 0.00915075279686
0 0.0081340024861
0 0.00711725217534
0 0.00610050186457
0 0.00508375155381
0 0.00406700124305
0 0.00305025093229
0 0.00203350062152
0 0.00101675031076
0 0
328
1 2 3
2 3 3
3 4 3
4 5 3
5 6 3
6 7 3
7 8 3
8 9 3
9 10 3
10 11 3
11 12 3
12 13 3
13 14 3
14 15 3
15 16 3
16 17 3
17 18 3
18 19 3
19 20 3
20 21 3
21 22 3
22 23 3
23 24 3
24 25 3
25 26 3
26 27 3
27 28 3
28 29 3
30 31 1
31 32 1
32 33 1
33 34 1
34 35 1
35 36 1
36 37 1
37 38 1
38 39 1
39 40 1
40 41 1
41 42 1
42 43 1
43 44 1
44 45 1
45 46 1
46 47 1
47 48 1
48 49 1
50 51 2
52 53 2
53 54 2
54 55 2
55 56 2
56 57 2
57 58 2
58 59 2
59 60 2
60 61 2
61 62 2
62 63 2
63 64 2
64 65 2
65 66 2
67 68 2
68 69 2
70 71 2
71 72 2
72 73 2
73 74 2
74 75 2
75 76 2
76 77 2
77 78 2
78 79 2
79 80 2
80 81 2
81 82 2
82 83 2
83 84 2
84 85 2
86 87 2
88 89 2
89 90 2
90 91 2
91 92 2
92 93 2
93 94 2
94 95 2
95 96 2
96 97 2
97 98 2
98 99 2
99 100 2
100 101 2
101 102 2
102 103 2
104 105 2
105 106 2
107 108 2
108 109 2
109 110 2
110 111 2
111 112 2
112 113 2
113 114 2
114 115 2
115 116 2
116 117 2
117 118 2
118 119 2
119 120 2
121 122 2
123 124 2
124 125 2
125 126 2
126 127 2
127 128 2
128 129 2
129 130 2
130 131 2
131 132 2
132 133 2
133 134 2
134 135 2
135 136 2
137 138 2
138 139 2
140 141 2
141 142 2
142 143 2
143 144 2
144 145 2
145 146 2
146 147 2
147 148 2
148 149 2
149 150 2
151 152 2
153 154 2
154 155 2
155 156 2
156 157 2
157 158 2
158 159 2
159 160 2
160 161 2
161 162 2
162 163 2
164 165 2
165 166 2
167 168 2
168 169 2
169 170 2
170 171 2
171 172 2
172 173 2
173 174 2
174 175 2
175 176 2
176 177 2
177 178 2
178 179 2
179 180 2
180 181 2
181 182 2
182 183 2
183 184 2
184 185 2
186 187 2
188 189 2
189 190 2
190 191 2
191 192 2
192 193 2
193 194 2
194 195 2
195 196 2
196 197 2
197 198 2
198 199 2
199 200 2
200 201 2
201 202 2
202 203 2
203 204 2
204 205 2
205 206 2
207 208 2
208 209 2
210 211 2
211 212 2
212 213 2
213 214 2
214 215 2
215 216 2
216 217 2
217 218 2
218 219 2
219 220 2
220 221 2
221 222 2
222 223 2
223 224 2
224 225 2
225 226 2
227 228 2
229 230 2
230 231 2
231 232 2
232 233 2
233 234 2
234 235 2
235 236 2
236 237 2
237 238 2
238 239 2
239 240 2
240 241 2
241 242 2
242 243 2
243 244 2
244 245 2
246 247 2
247 248 2
249 250 2
250 251 2
251 252 2
252 253 2
253 254 2
254 255 2
255 256 2
256 257 2
257 258 2
258 259 2
259 260 2
260 261 2
261 262 2
262 263 2
263 264 2
264 265 2
265 266 2
266 267 2
268 269 2
270 271 2
271 272 2
272 273 2
273 274 2
274 275 2
275 276 2
276 277 2
277 278 2
278 279 2
279 280 2
280 281 2
281 282 2
282 283 2
283 284 2
284 285 2
285 286 2
286 287 2
287 288 2
289 290 2
290 291 2
292 293 2
293 294 2
294 295 2
295 296 2
296 297 2
297 298 2
298 299 2
299 300 2
301 302 2
303 304 2
304 305 2
305 306 2
306 307 2
307 308 2
308 309 2
309 310 2
310 311 2
312 313 2
313 314 2
315 316 2
316 317 2
317 318 2
318 319 2
319 320 2
320 321 2
322 323 2
324 325 2
325 326 2
326 327 2
327 328 2
328 329 2
329 330 2
331 332 2
332 333 2
334 335 2
335 336 2
336 337 2
337 338 2
338 339 2
339 340 2
340 341 2
341 342 2
342 343 2
343 344 2
344 345 2
345 346 2
346 347 2
348 349 2
350 351 1
351 352 1
352 353 1
353 354 1
354 355 1
355 356 1
356 357 1
357 358 1
358 359 1
359 360 1
360 361 1
361 362 1
362 363 1
363 364 1
364 365 1
365 366 1
366 367 1
367 368 1
30
0.014 0.0005
0.014 0.000637931034483
0.014 0.000775862068966
0.014 0.000913793103448
0.014 0.00105172413793
0.014 0.00118965517241
0.014 0.0013275862069
0.014 0.00146551724138
0.014 0.00160344827586
0.014 0.00174137931034
0.014 0.00187931034483
0.014 0.00201724137931
0.014 0.00215517241379
0.014 0.00229310344828
0.014 0.00243103448276
0.014 0.00256896551724
0.014 0.00270689655172
0.014 0.00284482758621
0.014 0.00298275862069
0.014 0.00312068965517
0.014 0.00325862068966
0.014 0.00339655172414
0.014 0.00353448275862
0.014 0.0036724137931
0.014 0.00381034482759
0.014 0.00394827586207
0.014 0.00408620689655
0.014 0.00422413793103
0.014 0.00436206896552
0.014 0.0045
