50
50
3
1 0
2 60
1 -23292
346
0 0
0.001 0
0.002 0
0.003 0
0.004 0
0.005 0
0.006 0
0.007 0
0.008 0
0.009 0
0.01 0
0.011 0
0.012 0
0.013 0
0.014 0
0.015 0
0.016 0
0.017 0
0.018 0
0.019 0
0.02 0
0.021 0
0.022 0
0.023 0
0.024 0
0.025 0
0.026 0
0.027 0
0.028 0
0.028 0
0.028 0.000985386959832
0.028 0.00197077391966
0.028 0.00295616087949
0.028 0.00394154783933
0.028 0.00492693479916
0.028 0.00591232175899
0.028 0.00689770871882
0.028 0.00788309567865
0.028 0.00886848263848
0.028 0.00985386959832
0.028 0.0108392565581
0.028 0.011824643518
0.028 0.0128100304778
0.028 0.0137954174376
0.028 0.0147808043975
0.028 0.0157661913573
0.028 0.0167515783171
0.028 0.017736965277
0.028 0.0187223522368
0.028 0.0197077391966
0.028 0.0206931261565
0.028 0.0216785131163
0.028 0.0226639000761
0.028 0.0226639000761
0.027 0.0226639000761
0.027 0.0226639000761
0.027 0.0216825722941
0.027 0.0207012445121
0.027 0.0197199167301
0.027 0.0187385889481
0.027 0.0177572611661
0.027 0.0167759333841
0.027 0.0157946056021
0.027 0.0148132778201
0.027 0.0138319500381
0.027 0.0128506222561
0.027 0.011869294474
0.027 0.010887966692
0.027 0.00990663891004
0.027 0.00892531112803
0.027 0.00794398334602
0.027 0.00696265556401
0.027 0.00598132778201
0.027 0.005
0.027 0.005
0.026 0.005
0.025 0.005
0.025 0.005
0.025 0.00597184306041
0.025 0.00694368612082
0.025 0.00791552918122
0.025 0.00888737224163
0.025 0.00985921530204
0.025 0.0108310583624
0.025 0.0118029014229
0.025 0.0127747444833
0.025 0.0127747444833
0.024 0.0127747444833
0.024 0.0127747444833
0.024 0.0118029014229
0.024 0.0108310583624
0.024 0.00985921530204
0.024 0.00888737224163
0.024 0.00791552918122
0.024 0.00694368612082
0.024 0.00597184306041
0.024 0.005
0.024 0.005
0.023 0.005
0.022 0.005
0.022 0.005
0.022 0.00595293095434
0.022 0.00690586190868
0.022 0.00785879286302
0.022 0.00881172381736
0.022 0.00976465477171
0.022 0.010717585726
0.022 0.0116705166804
0.022 0.0126234476347
0.022 0.0126234476347
0.021 0.0126234476347
0.021 0.0126234476347
0.021 0.0116705166804
0.021 0.010717585726
0.021 0.00976465477171
0.021 0.00881172381736
0.021 0.00785879286302
0.021 0.00690586190868
0.021 0.00595293095434
0.021 0.005
0.021 0.005
0.02 0.005
0.019 0.005
0.019 0.005
0.019 0.00605795334466
0.019 0.00711590668932
0.019 0.00817386003397
0.019 0.00923181337863
0.019 0.0102897667233
0.019 0.0113477200679
0.019 0.0124056734126
0.019 0.0134636267573
0.019 0.0134636267573
0.018 0.0134636267573
0.018 0.0134636267573
0.018 0.0124056734126
0.018 0.0113477200679
0.018 0.0102897667233
0.018 0.00923181337863
0.018 0.00817386003397
0.018 0.00711590668932
0.018 0.00605795334466
0.018 0.005
0.018 0.005
0.017 0.005
0.016 0.005
0.016 0.005
0.016 0.00596520848909
0.016 0.00693041697818
0.016 0.00789562546726
0.016 0.00886083395635
0.016 0.00982604244544
0.016 0.0107912509345
0.016 0.0117564594236
0.016 0.0127216679127
0.016 0.0136868764018
0.016 0.0146520848909
0.016 0.01561729338
0.016 0.0165825018691
0.016 0.0175477103581
0.016 0.0175477103581
0.015 0.0175477103581
0.015 0.0175477103581
0.015 0.0165825018691
0.015 0.01561729338
0.015 0.0146520848909
0.015 0.0136868764018
0.015 0.0127216679127
0.015 0.0117564594236
0.015 0.0107912509345
0.015 0.00982604244544
0.015 0.00886083395635
0.015 0.00789562546726
0.015 0.00693041697818
0.015 0.00596520848909
0.015 0.005
0.015 0.005
0.014 0.005
0.013 0.005
0.013 0.005
0.013 0.00601171030558
0.013 0.00702342061117
0.013 0.00803513091675
0.013 0.00904684122234
0.013 0.0100585515279
0.013 0.0110702618335
0.013 0.0120819721391
0.013 0.0130936824447
0.013 0.0141053927503
0.013 0.0151171030558
0.013 0.0161288133614
0.013 0.017140523667
0.013 0.0181522339726
0.013 0.0191639442782
0.013 0.0201756545838
0.013 0.0201756545838
0.012 0.0201756545838
0.012 0.0201756545838
0.012 0.0191639442782
0.012 0.0181522339726
0.012 0.017140523667
0.012 0.0161288133614
0.012 0.0151171030558
0.012 0.0141053927503
0.012 0.0130936824447
0.012 0.0120819721391
0.012 0.0110702618335
0.012 0.0100585515279
0.012 0.00904684122234
0.012 0.00803513091675
0.012 0.00702342061117
0.012 0.00601171030558
0.012 0.005
0.012 0.005
0.011 0.005
0.01 0.005
0.01 0.005
0.01 0.00602514923858
0.01 0.00705029847715
0.01 0.00807544771573
0.01 0.0091005969543
0.01 0.0101257461929
0.01 0.0101257461929
0.009 0.0101257461929
0.009 0.0101257461929
0.009 0.0091005969543
0.009 0.00807544771573
0.009 0.00705029847715
0.009 0.00602514923858
0.009 0.005
0.009 0.005
0.008 0.005
0.007 0.005
0.007 0.005
0.007 0.00600574443227
0.007 0.00701148886453
0.007 0.0080172332968
0.007 0.00902297772907
0.007 0.0100287221613
0.007 0.0110344665936
0.007 0.0120402110259
0.007 0.0130459554581
0.007 0.0140516998904
0.007 0.0150574443227
0.007 0.0160631887549
0.007 0.0170689331872
0.007 0.0180746776195
0.007 0.0190804220517
0.007 0.020086166484
0.007 0.020086166484
0.006 0.020086166484
0.006 0.020086166484
0.006 0.0190804220517
0.006 0.0180746776195
0.006 0.0170689331872
0.006 0.0160631887549
0.006 0.0150574443227
0.006 0.0140516998904
0.006 0.0130459554581
0.006 0.0120402110259
0.006 0.0110344665936
0.006 0.0100287221613
0.006 0.00902297772907
0.006 0.0080172332968
0.006 0.00701148886453
0.006 0.00600574443227
0.006 0.005
0.006 0.005
0.005 0.005
0.004 0.005
0.004 0.005
0.004 0.00601608827675
0.004 0.00703217655351
0.004 0.00804826483026
0.004 0.00906435310702
0.004 0.0100804413838
0.004 0.0110965296605
0.004 0.0121126179373
0.004 0.013128706214
0.004 0.0141447944908
0.004 0.0151608827675
0.004 0.0161769710443
0.004 0.0171930593211
0.004 0.0182091475978
0.004 0.0192252358746
0.004 0.0192252358746
0.003 0.0192252358746
0.003 0.0192252358746
0.003 0.0182091475978
0.003 0.0171930593211
0.003 0.0161769710443
0.003 0.0151608827675
0.003 0.0141447944908
0.003 0.013128706214
0.003 0.0121126179373
0.003 0.0110965296605
0.003 0.0100804413838
0.003 0.00906435310702
0.003 0.00804826483026
0.003 0.00703217655351
0.003 0.00601608827675
0.003 0.005
0.003 0.005
0.002 0.005
0.001 0.005
0.001 0.005
0.001 0.00600784825022
0.001 0.00701569650043
0.001 0.00802354475065
0.001 0.00903139300087
0.001 0.0100392412511
0.001 0.0110470895013
0.001 0.0120549377515
0.001 0.0130627860017
0.001 0.014070634252
0.001 0.0150784825022
0.001 0.0160863307524
0.001 0.0170941790026
0.001 0.0181020272528
0.001 0.019109875503
0.001 0.0201177237533
0.001 0.0211255720035
0.001 0.0211255720035
0 0.0211255720035
0 0.0211255720035
0 0.0201195923843
0 0.019113612765
0 0.0181076331458
0 0.0171016535266
0 0.0160956739074
0 0.0150896942882
0 0.014083714669
0 0.0130777350498
0 0.0120717554306
0 0.0110657758113
0 0.0100597961921
0 0.00905381657292
0 0.0080478369537
0 0.00704185733449
0 0.00603587771528
0 0.00502989809607
0 0.00402391847685
0 0.00301793885764
0 0.00201195923843
0 0.00100597961921
0 0
306
1 2 3
2 3 3
3 4 3
4 5 3
5 6 3
6 7 3
7 8 3
8 9 3
9 10 3
10 11 3
11 12 3
12 13 3
13 14 3
14 15 3
15 16 3
16 17 3
17 18 3
18 19 3
19 20 3
20 21 3
21 22 3
22 23 3
23 24 3
24 25 3
25 26 3
26 27 3
27 28 3
28 29 3
30 31 1
31 32 1
32 33 1
33 34 1
34 35 1
35 36 1
36 37 1
37 38 1
38 39 1
39 40 1
40 41 1
41 42 1
42 43 1
43 44 1
44 45 1
45 46 1
46 47 1
47 48 1
48 49 1
49 50 1
50 51 1
51 52 1
52 53 1
54 55 2
56 57 2
57 58 2
58 59 2
59 60 2
60 61 2
61 62 2
62 63 2
63 64 2
64 65 2
65 66 2
66 67 2
67 68 2
68 69 2
69 70 2
70 71 2
71 72 2
72 73 2
73 74 2
75 76 2
76 77 2
78 79 2
79 80 2
80 81 2
81 82 2
82 83 2
83 84 2
84 85 2
85 86 2
87 88 2
89 90 2
90 91 2
91 92 2
92 93 2
93 94 2
94 95 2
95 96 2
96 97 2
98 99 2
99 100 2
101 102 2
102 103 2
103 104 2
104 105 2
105 106 2
106 107 2
107 108 2
108 109 2
110 111 2
112 113 2
113 114 2
114 115 2
115 116 2
116 117 2
117 118 2
118 119 2
119 120 2
121 122 2
122 123 2
124 125 2
125 126 2
126 127 2
127 128 2
128 129 2
129 130 2
130 131 2
131 132 2
133 134 2
135 136 2
136 137 2
137 138 2
138 139 2
139 140 2
140 141 2
141 142 2
142 143 2
144 145 2
145 146 2
147 148 2
148 149 2
149 150 2
150 151 2
151 152 2
152 153 2
153 154 2
154 155 2
155 156 2
156 157 2
157 158 2
158 159 2
159 160 2
161 162 2
163 164 2
164 165 2
165 166 2
166 167 2
167 168 2
168 169 2
169 170 2
170 171 2
171 172 2
172 173 2
173 174 2
174 175 2
175 176 2
177 178 2
178 179 2
180 181 2
181 182 2
182 183 2
183 184 2
184 185 2
185 186 2
186 187 2
187 188 2
188 189 2
189 190 2
190 191 2
191 192 2
192 193 2
193 194 2
194 195 2
196 197 2
198 199 2
199 200 2
200 201 2
201 202 2
202 203 2
203 204 2
204 205 2
205 206 2
206 207 2
207 208 2
208 209 2
209 210 2
210 211 2
211 212 2
212 213 2
214 215 2
215 216 2
217 218 2
218 219 2
219 220 2
220 221 2
221 222 2
223 224 2
225 226 2
226 227 2
227 228 2
228 229 2
229 230 2
231 232 2
232 233 2
234 235 2
235 236 2
236 237 2
237 238 2
238 239 2
239 240 2
240 241 2
241 242 2
242 243 2
243 244 2
244 245 2
245 246 2
246 247 2
247 248 2
248 249 2
250 251 2
252 253 2
253 254 2
254 255 2
255 256 2
256 257 2
257 258 2
258 259 2
259 260 2
260 261 2
261 262 2
262 263 2
263 264 2
264 265 2
265 266 2
266 267 2
268 269 2
269 270 2
271 272 2
272 273 2
273 274 2
274 275 2
275 276 2
276 277 2
277 278 2
278 279 2
279 280 2
280 281 2
281 282 2
282 283 2
283 284 2
284 285 2
286 287 2
288 289 2
289 290 2
290 291 2
291 292 2
292 293 2
293 294 2
294 295 2
295 296 2
296 297 2
297 298 2
298 299 2
299 300 2
300 301 2
301 302 2
303 304 2
304 305 2
306 307 2
307 308 2
308 309 2
309 310 2
310 311 2
311 312 2
312 313 2
313 314 2
314 315 2
315 316 2
316 317 2
317 318 2
318 319 2
319 320 2
320 321 2
321 322 2
323 324 2
325 326 1
326 327 1
327 328 1
328 329 1
329 330 1
330 331 1
331 332 1
332 333 1
333 334 1
334 335 1
335 336 1
336 337 1
337 338 1
338 339 1
339 340 1
340 341 1
341 342 1
342 343 1
343 344 1
344 345 1
345 346 1
30
0.014 0.0005
0.014 0.000637931034483
0.014 0.000775862068966
0.014 0.000913793103448
0.014 0.00105172413793
0.014 0.00118965517241
0.014 0.0013275862069
0.014 0.00146551724138
0.014 0.00160344827586
0.014 0.00174137931034
0.014 0.00187931034483
0.014 0.00201724137931
0.014 0.00215517241379
0.014 0.00229310344828
0.014 0.00243103448276
0.014 0.00256896551724
0.014 0.00270689655172
0.014 0.00284482758621
0.014 0.00298275862069
0.014 0.00312068965517
0.014 0.00325862068966
0.014 0.00339655172414
0.014 0.00353448275862
0.014 0.0036724137931
0.014 0.00381034482759
0.014 0.00394827586207
0.014 0.00408620689655
0.014 0.00422413793103
0.014 0.00436206896552
0.014 0.0045
