50
50
3
1 0
2 60
1 -23292
360
0 0
0.001 0
0.002 0
0.003 0
0.004 0
0.005 0
0.006 0
0.007 0
0.008 0
0.009 0
0.01 0
0.011 0
0.012 0
0.013 0
0.014 0
0.015 0
0.016 0
0.017 0
0.018 0
0.019 0
0.02 0
0.021 0
0.022 0
0.023 0
0.024 0
0.025 0
0.026 0
0.027 0
0.028 0
0.028 0
0.028 0.000982583373398
0.028 0.0019651667468
0.028 0.00294775012019
0.028 0.00393033349359
0.028 0.00491291686699
0.028 0.00589550024039
0.028 0.00687808361379
0.028 0.00786066698719
0.028 0.00884325036058
0.028 0.00982583373398
0.028 0.0108084171074
0.028 0.0117910004808
0.028 0.0127735838542
0.028 0.0127735838542
0.027 0.0127735838542
0.027 0.0127735838542
0.027 0.0118018858724
0.027 0.0108301878906
0.027 0.00985848990886
0.027 0.00888679192709
0.027 0.00791509394532
0.027 0.00694339596354
0.027 0.00597169798177
0.027 0.005
0.027 0.005
0.026 0.005
0.025 0.005
0.025 0.005
0.025 0.00605582888539
0.025 0.00711165777078
0.025 0.00816748665617
0.025 0.00922331554156
0.025 0.0102791444269
0.025 0.0113349733123
0.025 0.0113349733123
0.024 0.0113349733123
0.024 0.0113349733123
0.024 0.0102791444269
0.024 0.00922331554156
0.024 0.00816748665617
0.024 0.00711165777078
0.024 0.00605582888539
0.024 0.005
0.024 0.005
0.023 0.005
0.022 0.005
0.022 0.005
0.022 0.00600141460749
0.022 0.00700282921498
0.022 0.00800424382247
0.022 0.00900565842996
0.022 0.0100070730375
0.022 0.0110084876449
0.022 0.0120099022524
0.022 0.0130113168599
0.022 0.0140127314674
0.022 0.0150141460749
0.022 0.0150141460749
0.021 0.0150141460749
0.021 0.0150141460749
0.021 0.0140127314674
0.021 0.0130113168599
0.021 0.0120099022524
0.021 0.0110084876449
0.021 0.0100070730375
0.021 0.00900565842996
0.021 0.00800424382247
0.021 0.00700282921498
0.021 0.00600141460749
0.021 0.005
0.021 0.005
0.02 0.005
0.019 0.005
0.019 0.005
0.019 0.00597698492643
0.019 0.00695396985286
0.019 0.0079309547793
0.019 0.00890793970573
0.019 0.00988492463216
0.019 0.0108619095586
0.019 0.011838894485
0.019 0.0128158794115
0.019 0.0137928643379
0.019 0.0147698492643
0.019 0.0157468341908
0.019 0.0167238191172
0.019 0.0177008040436
0.019 0.0186777889701
0.019 0.0196547738965
0.019 0.0206317588229
0.019 0.0216087437493
0.019 0.0216087437493
0.018 0.0216087437493
0.018 0.0216087437493
0.018 0.0206317588229
0.018 0.0196547738965
0.018 0.0186777889701
0.018 0.0177008040436
0.018 0.0167238191172
0.018 0.0157468341908
0.018 0.0147698492643
0.018 0.0137928643379
0.018 0.0128158794115
0.018 0.011838894485
0.018 0.0108619095586
0.018 0.00988492463216
0.018 0.00890793970573
0.018 0.0079309547793
0.018 0.00695396985286
0.018 0.00597698492643
0.018 0.005
0.018 0.005
0.017 0.005
0.016 0.005
0.016 0.005
0.016 0.00599280464767
0.016 0.00698560929533
0.016 0.007978413943
0.016 0.00897121859067
0.016 0.00996402323834
0.016 0.010956827886
0.016 0.0119496325337
0.016 0.0129424371813
0.016 0.013935241829
0.016 0.0149280464767
0.016 0.0159208511243
0.016 0.016913655772
0.016 0.0179064604197
0.016 0.0188992650673
0.016 0.019892069715
0.016 0.0208848743627
0.016 0.0218776790103
0.016 0.022870483658
0.016 0.0238632883057
0.016 0.0248560929533
0.016 0.0248560929533
0.015 0.0248560929533
0.015 0.0248560929533
0.015 0.0238632883057
0.015 0.022870483658
0.015 0.0218776790103
0.015 0.0208848743627
0.015 0.019892069715
0.015 0.0188992650673
0.015 0.0179064604197
0.015 0.016913655772
0.015 0.0159208511243
0.015 0.0149280464767
0.015 0.013935241829
0.015 0.0129424371813
0.015 0.0119496325337
0.015 0.010956827886
0.015 0.00996402323834
0.015 0.00897121859067
0.015 0.007978413943
0.015 0.00698560929533
0.015 0.00599280464767
0.015 0.005
0.015 0.005
0.014 0.005
0.013 0.005
0.013 0.005
0.013 0.00600558524477
0.013 0.00701117048955
0.013 0.00801675573432
0.013 0.0090223409791
0.013 0.0100279262239
0.013 0.0110335114686
0.013 0.0120390967134
0.013 0.0130446819582
0.013 0.014050267203
0.013 0.0150558524477
0.013 0.0160614376925
0.013 0.0170670229373
0.013 0.0180726081821
0.013 0.0190781934268
0.013 0.0190781934268
0.012 0.0190781934268
0.012 0.0190781934268
0.012 0.0180726081821
0.012 0.0170670229373
0.012 0.0160614376925
0.012 0.0150558524477
0.012 0.014050267203
0.012 0.0130446819582
0.012 0.0120390967134
0.012 0.0110335114686
0.012 0.0100279262239
0.012 0.0090223409791
0.012 0.00801675573432
0.012 0.00701117048955
0.012 0.00600558524477
0.012 0.005
0.012 0.005
0.011 0.005
0.01 0.005
0.01 0.005
0.01 0.00598622094747
0.01 0.00697244189494
0.01 0.00795866284241
0.01 0.00894488378988
0.01 0.00993110473735
0.01 0.0109173256848
0.01 0.0119035466323
0.01 0.0128897675798
0.01 0.0138759885272
0.01 0.0148622094747
0.01 0.0158484304222
0.01 0.0168346513696
0.01 0.0168346513696
0.009 0.0168346513696
0.009 0.0168346513696
0.009 0.0158484304222
0.009 0.0148622094747
0.009 0.0138759885272
0.009 0.0128897675798
0.009 0.0119035466323
0.009 0.0109173256848
0.009 0.00993110473735
0.009 0.00894488378988
0.009 0.00795866284241
0.009 0.00697244189494
0.009 0.00598622094747
0.009 0.005
0.009 0.005
0.008 0.005
0.007 0.005
0.007 0.005
0.007 0.00597845741717
0.007 0.00695691483435
0.007 0.00793537225152
0.007 0.0089138296687
0.007 0.00989228708587
0.007 0.010870744503
0.007 0.0118492019202
0.007 0.0128276593374
0.007 0.0138061167546
0.007 0.0147845741717
0.007 0.0157630315889
0.007 0.0167414890061
0.007 0.0177199464233
0.007 0.0186984038404
0.007 0.0196768612576
0.007 0.0206553186748
0.007 0.0206553186748
0.006 0.0206553186748
0.006 0.0206553186748
0.006 0.0196768612576
0.006 0.0186984038404
0.006 0.0177199464233
0.006 0.0167414890061
0.006 0.0157630315889
0.006 0.0147845741717
0.006 0.0138061167546
0.006 0.0128276593374
0.006 0.0118492019202
0.006 0.010870744503
0.006 0.00989228708587
0.006 0.0089138296687
0.006 0.00793537225152
0.006 0.00695691483435
0.006 0.00597845741717
0.006 0.005
0.006 0.005
0.005 0.005
0.004 0.005
0.004 0.005
0.004 0.00596283927559
0.004 0.00692567855117
0.004 0.00788851782676
0.004 0.00885135710235
0.004 0.00981419637794
0.004 0.0107770356535
0.004 0.0117398749291
0.004 0.0127027142047
0.004 0.0136655534803
0.004 0.0146283927559
0.004 0.0155912320315
0.004 0.0155912320315
0.003 0.0155912320315
0.003 0.0155912320315
0.003 0.0146283927559
0.003 0.0136655534803
0.003 0.0127027142047
0.003 0.0117398749291
0.003 0.0107770356535
0.003 0.00981419637794
0.003 0.00885135710235
0.003 0.00788851782676
0.003 0.00692567855117
0.003 0.00596283927559
0.003 0.005
0.003 0.005
0.002 0.005
0.001 0.005
0.001 0.005
0.001 0.00598234526338
0.001 0.00696469052676
0.001 0.00794703579013
0.001 0.00892938105351
0.001 0.00991172631689
0.001 0.0108940715803
0.001 0.0118764168436
0.001 0.012858762107
0.001 0.0138411073704
0.001 0.0148234526338
0.001 0.0158057978972
0.001 0.0167881431605
0.001 0.0177704884239
0.001 0.0177704884239
0 0.0177704884239
0 0.0177704884239
0 0.016783239067
0 0.0157959897101
0 0.0148087403533
0 0.0138214909964
0 0.0128342416395
0 0.0118469922826
0 0.0108597429257
0 0.00987249356884
0 0.00888524421196
0 0.00789799485507
0 0.00691074549819
0 0.00592349614131
0 0.00493624678442
0 0.00394899742754
0 0.00296174807065
0 0.00197449871377
0 0.000987249356884
0 0
320
1 2 3
2 3 3
3 4 3
4 5 3
5 6 3
6 7 3
7 8 3
8 9 3
9 10 3
10 11 3
11 12 3
12 13 3
13 14 3
14 15 3
15 16 3
16 17 3
17 18 3
18 19 3
19 20 3
20 21 3
21 22 3
22 23 3
23 24 3
24 25 3
25 26 3
26 27 3
27 28 3
28 29 3
30 31 1
31 32 1
32 33 1
33 34 1
34 35 1
35 36 1
36 37 1
37 38 1
38 39 1
39 40 1
40 41 1
41 42 1
42 43 1
44 45 2
46 47 2
47 48 2
48 49 2
49 50 2
50 51 2
51 52 2
52 53 2
53 54 2
55 56 2
56 57 2
58 59 2
59 60 2
60 61 2
61 62 2
62 63 2
63 64 2
65 66 2
67 68 2
68 69 2
69 70 2
70 71 2
71 72 2
72 73 2
74 75 2
75 76 2
77 78 2
78 79 2
79 80 2
80 81 2
81 82 2
82 83 2
83 84 2
84 85 2
85 86 2
86 87 2
88 89 2
90 91 2
91 92 2
92 93 2
93 94 2
94 95 2
95 96 2
96 97 2
97 98 2
98 99 2
99 100 2
101 102 2
102 103 2
104 105 2
105 106 2
106 107 2
107 108 2
108 109 2
109 110 2
110 111 2
111 112 2
112 113 2
113 114 2
114 115 2
115 116 2
116 117 2
117 118 2
118 119 2
119 120 2
120 121 2
122 123 2
124 125 2
125 126 2
126 127 2
127 128 2
128 129 2
129 130 2
130 131 2
131 132 2
132 133 2
133 134 2
134 135 2
135 136 2
136 137 2
137 138 2
138 139 2
139 140 2
140 141 2
142 143 2
143 144 2
145 146 2
146 147 2
147 148 2
148 149 2
149 150 2
150 151 2
151 152 2
152 153 2
153 154 2
154 155 2
155 156 2
156 157 2
157 158 2
158 159 2
159 160 2
160 161 2
161 162 2
162 163 2
163 164 2
164 165 2
166 167 2
168 169 2
169 170 2
170 171 2
171 172 2
172 173 2
173 174 2
174 175 2
175 176 2
176 177 2
177 178 2
178 179 2
179 180 2
180 181 2
181 182 2
182 183 2
183 184 2
184 185 2
185 186 2
186 187 2
187 188 2
189 190 2
190 191 2
192 193 2
193 194 2
194 195 2
195 196 2
196 197 2
197 198 2
198 199 2
199 200 2
200 201 2
201 202 2
202 203 2
203 204 2
204 205 2
205 206 2
207 208 2
209 210 2
210 211 2
211 212 2
212 213 2
213 214 2
214 215 2
215 216 2
216 217 2
217 218 2
218 219 2
219 220 2
220 221 2
221 222 2
222 223 2
224 225 2
225 226 2
227 228 2
228 229 2
229 230 2
230 231 2
231 232 2
232 233 2
233 234 2
234 235 2
235 236 2
236 237 2
237 238 2
238 239 2
240 241 2
242 243 2
243 244 2
244 245 2
245 246 2
246 247 2
247 248 2
248 249 2
249 250 2
250 251 2
251 252 2
252 253 2
253 254 2
255 256 2
256 257 2
258 259 2
259 260 2
260 261 2
261 262 2
262 263 2
263 264 2
264 265 2
265 266 2
266 267 2
267 268 2
268 269 2
269 270 2
270 271 2
271 272 2
272 273 2
273 274 2
275 276 2
277 278 2
278 279 2
279 280 2
280 281 2
281 282 2
282 283 2
283 284 2
284 285 2
285 286 2
286 287 2
287 288 2
288 289 2
289 290 2
290 291 2
291 292 2
292 293 2
294 295 2
295 296 2
297 298 2
298 299 2
299 300 2
300 301 2
301 302 2
302 303 2
303 304 2
304 305 2
305 306 2
306 307 2
307 308 2
309 310 2
311 312 2
312 313 2
313 314 2
314 315 2
315 316 2
316 317 2
317 318 2
318 319 2
319 320 2
320 321 2
321 322 2
323 324 2
324 325 2
326 327 2
327 328 2
328 329 2
329 330 2
330 331 2
331 332 2
332 333 2
333 334 2
334 335 2
335 336 2
336 337 2
337 338 2
338 339 2
340 341 2
342 343 1
343 344 1
344 345 1
345 346 1
346 347 1
347 348 1
348 349 1
349 350 1
350 351 1
351 352 1
352 353 1
353 354 1
354 355 1
355 356 1
356 357 1
357 358 1
358 359 1
359 360 1
30
0.014 0.0005
0.014 0.000637931034483
0.014 0.000775862068966
0.014 0.000913793103448
0.014 0.00105172413793
0.014 0.00118965517241
0.014 0.0013275862069
0.014 0.00146551724138
0.014 0.00160344827586
0.014 0.00174137931034
0.014 0.00187931034483
0.014 0.00201724137931
0.014 0.00215517241379
0.014 0.00229310344828
0.014 0.00243103448276
0.014 0.00256896551724
0.014 0.00270689655172
0.014 0.00284482758621
0.014 0.00298275862069
0.014 0.00312068965517
0.014 0.00325862068966
0.014 0.00339655172414
0.014 0.00353448275862
0.014 0.0036724137931
0.014 0.00381034482759
0.014 0.00394827586207
0.014 0.00408620689655
0.014 0.00422413793103
0.014 0.00436206896552
0.014 0.0045
