50
50
3
1 0
2 60
1 -23292
334
0 0
0.001 0
0.002 0
0.003 0
0.004 0
0.005 0
0.006 0
0.007 0
0.008 0
0.009 0
0.01 0
0.011 0
0.012 0
0.013 0
0.014 0
0.015 0
0.016 0
0.017 0
0.018 0
0.019 0
0.02 0
0.021 0
0.022 0
0.023 0
0.024 0
0.025 0
0.026 0
0.027 0
0.028 0
0.028 0
0.028 0.00102220256233
0.028 0.00204440512465
0.028 0.00306660768698
0.028 0.0040888102493
0.028 0.00511101281163
0.028 0.00613321537395
0.028 0.00715541793628
0.028 0.00817762049861
0.028 0.00919982306093
0.028 0.0102220256233
0.028 0.0112442281856
0.028 0.0122664307479
0.028 0.0132886333102
0.028 0.0143108358726
0.028 0.0153330384349
0.028 0.0163552409972
0.028 0.0173774435595
0.028 0.0183996461219
0.028 0.0194218486842
0.028 0.0204440512465
0.028 0.0204440512465
0.027 0.0204440512465
0.027 0.0204440512465
0.027 0.0194144478301
0.027 0.0183848444136
0.027 0.0173552409972
0.027 0.0163256375808
0.027 0.0152960341643
0.027 0.0142664307479
0.027 0.0132368273315
0.027 0.012207223915
0.027 0.0111776204986
0.027 0.0101480170822
0.027 0.00911841366574
0.027 0.0080888102493
0.027 0.00705920683287
0.027 0.00602960341643
0.027 0.005
0.027 0.005
0.026 0.005
0.025 0.005
0.025 0.005
0.025 0.00598719613464
0.025 0.00697439226928
0.025 0.00796158840392
0.025 0.00894878453856
0.025 0.00993598067321
0.025 0.0109231768078
0.025 0.0119103729425
0.025 0.0128975690771
0.025 0.0138847652118
0.025 0.0148719613464
0.025 0.0158591574811
0.025 0.0158591574811
0.024 0.0158591574811
0.024 0.0158591574811
0.024 0.0148719613464
0.024 0.0138847652118
0.024 0.0128975690771
0.024 0.0119103729425
0.024 0.0109231768078
0.024 0.00993598067321
0.024 0.00894878453856
0.024 0.00796158840392
0.024 0.00697439226928
0.024 0.00598719613464
0.024 0.005
0.024 0.005
0.023 0.005
0.022 0.005
0.022 0.005
0.022 0.0060039634484
0.022 0.00700792689679
0.022 0.00801189034519
0.022 0.00901585379358
0.022 0.010019817242
0.022 0.0110237806904
0.022 0.0120277441388
0.022 0.0130317075872
0.022 0.0140356710356
0.022 0.015039634484
0.022 0.0160435979323
0.022 0.0170475613807
0.022 0.0180515248291
0.022 0.0180515248291
0.021 0.0180515248291
0.021 0.0180515248291
0.021 0.0170475613807
0.021 0.0160435979323
0.021 0.015039634484
0.021 0.0140356710356
0.021 0.0130317075872
0.021 0.0120277441388
0.021 0.0110237806904
0.021 0.010019817242
0.021 0.00901585379358
0.021 0.00801189034519
0.021 0.00700792689679
0.021 0.0060039634484
0.021 0.005
0.021 0.005
0.02 0.005
0.019 0.005
0.019 0.005
0.019 0.00602603870515
0.019 0.00705207741029
0.019 0.00807811611544
0.019 0.00910415482058
0.019 0.0101301935257
0.019 0.0111562322309
0.019 0.012182270936
0.019 0.0132083096412
0.019 0.0142343483463
0.019 0.0152603870515
0.019 0.0162864257566
0.019 0.0173124644618
0.019 0.0183385031669
0.019 0.0183385031669
0.018 0.0183385031669
0.018 0.0183385031669
0.018 0.0173124644618
0.018 0.0162864257566
0.018 0.0152603870515
0.018 0.0142343483463
0.018 0.0132083096412
0.018 0.012182270936
0.018 0.0111562322309
0.018 0.0101301935257
0.018 0.00910415482058
0.018 0.00807811611544
0.018 0.00705207741029
0.018 0.00602603870515
0.018 0.005
0.018 0.005
0.017 0.005
0.016 0.005
0.016 0.005
0.016 0.00600880627733
0.016 0.00701761255466
0.016 0.00802641883198
0.016 0.00903522510931
0.016 0.0100440313866
0.016 0.011052837664
0.016 0.0120616439413
0.016 0.0130704502186
0.016 0.0140792564959
0.016 0.0150880627733
0.016 0.0150880627733
0.015 0.0150880627733
0.015 0.0150880627733
0.015 0.0140792564959
0.015 0.0130704502186
0.015 0.0120616439413
0.015 0.011052837664
0.015 0.0100440313866
0.015 0.00903522510931
0.015 0.00802641883198
0.015 0.00701761255466
0.015 0.00600880627733
0.015 0.005
0.015 0.005
0.014 0.005
0.013 0.005
0.013 0.005
0.013 0.00600537044632
0.013 0.00701074089263
0.013 0.00801611133895
0.013 0.00902148178526
0.013 0.0100268522316
0.013 0.0110322226779
0.013 0.0120375931242
0.013 0.0130429635705
0.013 0.0140483340168
0.013 0.0150537044632
0.013 0.0160590749095
0.013 0.0170644453558
0.013 0.0180698158021
0.013 0.0180698158021
0.012 0.0180698158021
0.012 0.0180698158021
0.012 0.0170644453558
0.012 0.0160590749095
0.012 0.0150537044632
0.012 0.0140483340168
0.012 0.0130429635705
0.012 0.0120375931242
0.012 0.0110322226779
0.012 0.0100268522316
0.012 0.00902148178526
0.012 0.00801611133895
0.012 0.00701074089263
0.012 0.00600537044632
0.012 0.005
0.012 0.005
0.011 0.005
0.01 0.005
0.01 0.005
0.01 0.00598482736731
0.01 0.00696965473462
0.01 0.00795448210193
0.01 0.00893930946924
0.01 0.00992413683655
0.01 0.0109089642039
0.01 0.0118937915712
0.01 0.0128786189385
0.01 0.0138634463058
0.01 0.0148482736731
0.01 0.0158331010404
0.01 0.0158331010404
0.009 0.0158331010404
0.009 0.0158331010404
0.009 0.0148482736731
0.009 0.0138634463058
0.009 0.0128786189385
0.009 0.0118937915712
0.009 0.0109089642039
0.009 0.00992413683655
0.009 0.00893930946924
0.009 0.00795448210193
0.009 0.00696965473462
0.009 0.00598482736731
0.009 0.005
0.009 0.005
0.008 0.005
0.007 0.005
0.007 0.005
0.007 0.00593918643214
0.007 0.00687837286427
0.007 0.00781755929641
0.007 0.00875674572854
0.007 0.00969593216068
0.007 0.0106351185928
0.007 0.0115743050249
0.007 0.0115743050249
0.006 0.0115743050249
0.006 0.0115743050249
0.006 0.0106351185928
0.006 0.00969593216068
0.006 0.00875674572854
0.006 0.00781755929641
0.006 0.00687837286427
0.006 0.00593918643214
0.006 0.005
0.006 0.005
0.005 0.005
0.004 0.005
0.004 0.005
0.004 0.0059647973656
0.004 0.0069295947312
0.004 0.00789439209679
0.004 0.00885918946239
0.004 0.00982398682799
0.004 0.0107887841936
0.004 0.0117535815592
0.004 0.0127183789248
0.004 0.0136831762904
0.004 0.014647973656
0.004 0.0156127710216
0.004 0.0165775683872
0.004 0.0175423657528
0.004 0.0175423657528
0.003 0.0175423657528
0.003 0.0175423657528
0.003 0.0165775683872
0.003 0.0156127710216
0.003 0.014647973656
0.003 0.0136831762904
0.003 0.0127183789248
0.003 0.0117535815592
0.003 0.0107887841936
0.003 0.00982398682799
0.003 0.00885918946239
0.003 0.00789439209679
0.003 0.0069295947312
0.003 0.0059647973656
0.003 0.005
0.003 0.005
0.002 0.005
0.001 0.005
0.001 0.005
0.001 0.00602019551641
0.001 0.00704039103283
0.001 0.00806058654924
0.001 0.00908078206565
0.001 0.0101009775821
0.001 0.0111211730985
0.001 0.0121413686149
0.001 0.0131615641313
0.001 0.0131615641313
0 0.0131615641313
0 0.0131615641313
0 0.0121491361212
0 0.0111367081111
0 0.010124280101
0 0.0091118520909
0 0.0080994240808
0 0.0070869960707
0 0.0060745680606
0 0.0050621400505
0 0.0040497120404
0 0.0030372840303
0 0.0020248560202
0 0.0010124280101
0 0
294
1 2 3
2 3 3
3 4 3
4 5 3
5 6 3
6 7 3
7 8 3
8 9 3
9 10 3
10 11 3
11 12 3
12 13 3
13 14 3
14 15 3
15 16 3
16 17 3
17 18 3
18 19 3
19 20 3
20 21 3
21 22 3
22 23 3
23 24 3
24 25 3
25 26 3
26 27 3
27 28 3
28 29 3
30 31 1
31 32 1
32 33 1
33 34 1
34 35 1
35 36 1
36 37 1
37 38 1
38 39 1
39 40 1
40 41 1
41 42 1
42 43 1
43 44 1
44 45 1
45 46 1
46 47 1
47 48 1
48 49 1
49 50 1
51 52 2
53 54 2
54 55 2
55 56 2
56 57 2
57 58 2
58 59 2
59 60 2
60 61 2
61 62 2
62 63 2
63 64 2
64 65 2
65 66 2
66 67 2
67 68 2
69 70 2
70 71 2
72 73 2
73 74 2
74 75 2
75 76 2
76 77 2
77 78 2
78 79 2
79 80 2
80 81 2
81 82 2
82 83 2
84 85 2
86 87 2
87 88 2
88 89 2
89 90 2
90 91 2
91 92 2
92 93 2
93 94 2
94 95 2
95 96 2
96 97 2
98 99 2
99 100 2
101 102 2
102 103 2
103 104 2
104 105 2
105 106 2
106 107 2
107 108 2
108 109 2
109 110 2
110 111 2
111 112 2
112 113 2
113 114 2
115 116 2
117 118 2
118 119 2
119 120 2
120 121 2
121 122 2
122 123 2
123 124 2
124 125 2
125 126 2
126 127 2
127 128 2
128 129 2
129 130 2
131 132 2
132 133 2
134 135 2
135 136 2
136 137 2
137 138 2
138 139 2
139 140 2
140 141 2
141 142 2
142 143 2
143 144 2
144 145 2
145 146 2
146 147 2
148 149 2
150 151 2
151 152 2
152 153 2
153 154 2
154 155 2
155 156 2
156 157 2
157 158 2
158 159 2
159 160 2
160 161 2
161 162 2
162 163 2
164 165 2
165 166 2
167 168 2
168 169 2
169 170 2
170 171 2
171 172 2
172 173 2
173 174 2
174 175 2
175 176 2
176 177 2
178 179 2
180 181 2
181 182 2
182 183 2
183 184 2
184 185 2
185 186 2
186 187 2
187 188 2
188 189 2
189 190 2
191 192 2
192 193 2
194 195 2
195 196 2
196 197 2
197 198 2
198 199 2
199 200 2
200 201 2
201 202 2
202 203 2
203 204 2
204 205 2
205 206 2
206 207 2
208 209 2
210 211 2
211 212 2
212 213 2
213 214 2
214 215 2
215 216 2
216 217 2
217 218 2
218 219 2
219 220 2
220 221 2
221 222 2
222 223 2
224 225 2
225 226 2
227 228 2
228 229 2
229 230 2
230 231 2
231 232 2
232 233 2
233 234 2
234 235 2
235 236 2
236 237 2
237 238 2
239 240 2
241 242 2
242 243 2
243 244 2
244 245 2
245 246 2
246 247 2
247 248 2
248 249 2
249 250 2
250 251 2
251 252 2
253 254 2
254 255 2
256 257 2
257 258 2
258 259 2
259 260 2
260 261 2
261 262 2
262 263 2
264 265 2
266 267 2
267 268 2
268 269 2
269 270 2
270 271 2
271 272 2
272 273 2
274 275 2
275 276 2
277 278 2
278 279 2
279 280 2
280 281 2
281 282 2
282 283 2
283 284 2
284 285 2
285 286 2
286 287 2
287 288 2
288 289 2
289 290 2
291 292 2
293 294 2
294 295 2
295 296 2
296 297 2
297 298 2
298 299 2
299 300 2
300 301 2
301 302 2
302 303 2
303 304 2
304 305 2
305 306 2
307 308 2
308 309 2
310 311 2
311 312 2
312 313 2
313 314 2
314 315 2
315 316 2
316 317 2
317 318 2
319 320 2
321 322 1
322 323 1
323 324 1
324 325 1
325 326 1
326 327 1
327 328 1
328 329 1
329 330 1
330 331 1
331 332 1
332 333 1
333 334 1
30
0.014 0.0005
0.014 0.000637931034483
0.014 0.000775862068966
0.014 0.000913793103448
0.014 0.00105172413793
0.014 0.00118965517241
0.014 0.0013275862069
0.014 0.00146551724138
0.014 0.00160344827586
0.014 0.00174137931034
0.014 0.00187931034483
0.014 0.00201724137931
0.014 0.00215517241379
0.014 0.00229310344828
0.014 0.00243103448276
0.014 0.00256896551724
0.014 0.00270689655172
0.014 0.00284482758621
0.014 0.00298275862069
0.014 0.00312068965517
0.014 0.00325862068966
0.014 0.00339655172414
0.014 0.00353448275862
0.014 0.0036724137931
0.014 0.00381034482759
0.014 0.00394827586207
0.014 0.00408620689655
0.014 0.00422413793103
0.014 0.00436206896552
0.014 0.0045
