50
200
3
1 0
2 60
1 -23292
394
0 0
0.001 0
0.002 0
0.003 0
0.004 0
0.005 0
0.006 0
0.007 0
0.008 0
0.009 0
0.01 0
0.011 0
0.012 0
0.013 0
0.014 0
0.015 0
0.016 0
0.017 0
0.018 0
0.019 0
0.02 0
0.021 0
0.022 0
0.023 0
0.024 0
0.025 0
0.026 0
0.027 0
0.028 0
0.028 0
0.028 0.00101712820017
0.028 0.00203425640033
0.028 0.0030513846005
0.028 0.00406851280066
0.028 0.00508564100083
0.028 0.00610276920099
0.028 0.00711989740116
0.028 0.00813702560132
0.028 0.00915415380149
0.028 0.0101712820017
0.028 0.0111884102018
0.028 0.012205538402
0.028 0.0132226666021
0.028 0.0142397948023
0.028 0.0152569230025
0.028 0.0162740512026
0.028 0.0172911794028
0.028 0.018308307603
0.028 0.0193254358031
0.028 0.0193254358031
0.027 0.0193254358031
0.027 0.0193254358031
0.027 0.0183021903886
0.027 0.0172789449741
0.027 0.0162556995596
0.027 0.0152324541451
0.027 0.0142092087306
0.027 0.0131859633161
0.027 0.0121627179016
0.027 0.0111394724871
0.027 0.0101162270725
0.027 0.00909298165804
0.027 0.00806973624353
0.027 0.00704649082902
0.027 0.00602324541451
0.027 0.005
0.027 0.005
0.026 0.005
0.025 0.005
0.025 0.005
0.025 0.00599677483115
0.025 0.0069935496623
0.025 0.00799032449346
0.025 0.00898709932461
0.025 0.00998387415576
0.025 0.0109806489869
0.025 0.0119774238181
0.025 0.0129741986492
0.025 0.0139709734804
0.025 0.0149677483115
0.025 0.0159645231427
0.025 0.0169612979738
0.025 0.017958072805
0.025 0.0189548476361
0.025 0.0199516224673
0.025 0.0199516224673
0.024 0.0199516224673
0.024 0.0199516224673
0.024 0.0189548476361
0.024 0.017958072805
0.024 0.0169612979738
0.024 0.0159645231427
0.024 0.0149677483115
0.024 0.0139709734804
0.024 0.0129741986492
0.024 0.0119774238181
0.024 0.0109806489869
0.024 0.00998387415576
0.024 0.00898709932461
0.024 0.00799032449346
0.024 0.0069935496623
0.024 0.00599677483115
0.024 0.005
0.024 0.005
0.023 0.005
0.022 0.005
0.022 0.005
0.022 0.00602487372143
0.022 0.00704974744287
0.022 0.0080746211643
0.022 0.00909949488573
0.022 0.0101243686072
0.022 0.0111492423286
0.022 0.01217411605
0.022 0.0131989897715
0.022 0.0142238634929
0.022 0.0152487372143
0.022 0.0162736109358
0.022 0.0172984846572
0.022 0.0183233583786
0.022 0.0193482321001
0.022 0.0203731058215
0.022 0.0213979795429
0.022 0.0224228532644
0.022 0.0234477269858
0.022 0.0244726007072
0.022 0.0244726007072
0.021 0.0244726007072
0.021 0.0244726007072
0.021 0.0234477269858
0.021 0.0224228532644
0.021 0.0213979795429
0.021 0.0203731058215
0.021 0.0193482321001
0.021 0.0183233583786
0.021 0.0172984846572
0.021 0.0162736109358
0.021 0.0152487372143
0.021 0.0142238634929
0.021 0.0131989897715
0.021 0.01217411605
0.021 0.0111492423286
0.021 0.0101243686072
0.021 0.00909949488573
0.021 0.0080746211643
0.021 0.00704974744287
0.021 0.00602487372143
0.021 0.005
0.021 0.005
0.02 0.005
0.019 0.005
0.019 0.005
0.019 0.00603830616801
0.019 0.00707661233601
0.019 0.00811491850402
0.019 0.00915322467203
0.019 0.01019153084
0.019 0.011229837008
0.019 0.012268143176
0.019 0.0133064493441
0.019 0.0143447555121
0.019 0.0153830616801
0.019 0.0164213678481
0.019 0.0164213678481
0.018 0.0164213678481
0.018 0.0164213678481
0.018 0.0153830616801
0.018 0.0143447555121
0.018 0.0133064493441
0.018 0.012268143176
0.018 0.011229837008
0.018 0.01019153084
0.018 0.00915322467203
0.018 0.00811491850402
0.018 0.00707661233601
0.018 0.00603830616801
0.018 0.005
0.018 0.005
0.017 0.005
0.016 0.005
0.016 0.005
0.016 0.00602434962627
0.016 0.00704869925255
0.016 0.00807304887882
0.016 0.0090973985051
0.016 0.0101217481314
0.016 0.0111460977576
0.016 0.0121704473839
0.016 0.0131947970102
0.016 0.0142191466365
0.016 0.0152434962627
0.016 0.016267845889
0.016 0.0172921955153
0.016 0.0183165451416
0.016 0.0193408947678
0.016 0.0203652443941
0.016 0.0213895940204
0.016 0.0224139436467
0.016 0.0234382932729
0.016 0.0234382932729
0.015 0.0234382932729
0.015 0.0234382932729
0.015 0.0224139436467
0.015 0.0213895940204
0.015 0.0203652443941
0.015 0.0193408947678
0.015 0.0183165451416
0.015 0.0172921955153
0.015 0.016267845889
0.015 0.0152434962627
0.015 0.0142191466365
0.015 0.0131947970102
0.015 0.0121704473839
0.015 0.0111460977576
0.015 0.0101217481314
0.015 0.0090973985051
0.015 0.00807304887882
0.015 0.00704869925255
0.015 0.00602434962627
0.015 0.005
0.015 0.005
0.014 0.005
0.013 0.005
0.013 0.005
0.013 0.00600543537516
0.013 0.00701087075033
0.013 0.00801630612549
0.013 0.00902174150066
0.013 0.0100271768758
0.013 0.011032612251
0.013 0.0120380476261
0.013 0.0130434830013
0.013 0.0140489183765
0.013 0.0140489183765
0.012 0.0140489183765
0.012 0.0140489183765
0.012 0.0130434830013
0.012 0.0120380476261
0.012 0.011032612251
0.012 0.0100271768758
0.012 0.00902174150066
0.012 0.00801630612549
0.012 0.00701087075033
0.012 0.00600543537516
0.012 0.005
0.012 0.005
0.011 0.005
0.01 0.005
0.01 0.005
0.01 0.00602334751297
0.01 0.00704669502593
0.01 0.0080700425389
0.01 0.00909339005187
0.01 0.0101167375648
0.01 0.0111400850778
0.01 0.0121634325908
0.01 0.0131867801037
0.01 0.0142101276167
0.01 0.0152334751297
0.01 0.0152334751297
0.009 0.0152334751297
0.009 0.0152334751297
0.009 0.0142101276167
0.009 0.0131867801037
0.009 0.0121634325908
0.009 0.0111400850778
0.009 0.0101167375648
0.009 0.00909339005187
0.009 0.0080700425389
0.009 0.00704669502593
0.009 0.00602334751297
0.009 0.005
0.009 0.005
0.008 0.005
0.007 0.005
0.007 0.005
0.007 0.0060165085319
0.007 0.0070330170638
0.007 0.0080495255957
0.007 0.0090660341276
0.007 0.0100825426595
0.007 0.0110990511914
0.007 0.0121155597233
0.007 0.0131320682552
0.007 0.0141485767871
0.007 0.015165085319
0.007 0.0161815938509
0.007 0.0171981023828
0.007 0.0182146109147
0.007 0.0192311194466
0.007 0.0202476279785
0.007 0.0212641365104
0.007 0.0212641365104
0.006 0.0212641365104
0.006 0.0212641365104
0.006 0.0202476279785
0.006 0.0192311194466
0.006 0.0182146109147
0.006 0.0171981023828
0.006 0.0161815938509
0.006 0.015165085319
0.006 0.0141485767871
0.006 0.0131320682552
0.006 0.0121155597233
0.006 0.0110990511914
0.006 0.0100825426595
0.006 0.0090660341276
0.006 0.0080495255957
0.006 0.0070330170638
0.006 0.0060165085319
0.006 0.005
0.006 0.005
0.005 0.005
0.004 0.005
0.004 0.005
0.004 0.00602536307899
0.004 0.00705072615798
0.004 0.00807608923696
0.004 0.00910145231595
0.004 0.0101268153949
0.004 0.0111521784739
0.004 0.0121775415529
0.004 0.0132029046319
0.004 0.0142282677109
0.004 0.0152536307899
0.004 0.0162789938689
0.004 0.0173043569479
0.004 0.0183297200268
0.004 0.0193550831058
0.004 0.0193550831058
0.003 0.0193550831058
0.003 0.0193550831058
0.003 0.0183297200268
0.003 0.0173043569479
0.003 0.0162789938689
0.003 0.0152536307899
0.003 0.0142282677109
0.003 0.0132029046319
0.003 0.0121775415529
0.003 0.0111521784739
0.003 0.0101268153949
0.003 0.00910145231595
0.003 0.00807608923696
0.003 0.00705072615798
0.003 0.00602536307899
0.003 0.005
0.003 0.005
0.002 0.005
0.001 0.005
0.001 0.005
0.001 0.00601386618712
0.001 0.00702773237423
0.001 0.00804159856135
0.001 0.00905546474846
0.001 0.0100693309356
0.001 0.0110831971227
0.001 0.0120970633098
0.001 0.0131109294969
0.001 0.014124795684
0.001 0.0151386618712
0.001 0.0161525280583
0.001 0.0171663942454
0.001 0.0181802604325
0.001 0.0191941266196
0.001 0.0202079928067
0.001 0.0212218589939
0.001 0.022235725181
0.001 0.0232495913681
0.001 0.0232495913681
0 0.0232495913681
0 0.0232495913681
0 0.0222387395695
0 0.0212278877709
0 0.0202170359722
0 0.0192061841736
0 0.018195332375
0 0.0171844805764
0 0.0161736287778
0 0.0151627769792
0 0.0141519251806
0 0.013141073382
0 0.0121302215833
0 0.0111193697847
0 0.0101085179861
0 0.00909766618751
0 0.0080868143889
0 0.00707596259029
0 0.00606511079167
0 0.00505425899306
0 0.00404340719445
0 0.00303255539584
0 0.00202170359722
0 0.00101085179861
0 -3.46944695195e-18
354
1 2 3
2 3 3
3 4 3
4 5 3
5 6 3
6 7 3
7 8 3
8 9 3
9 10 3
10 11 3
11 12 3
12 13 3
13 14 3
14 15 3
15 16 3
16 17 3
17 18 3
18 19 3
19 20 3
20 21 3
21 22 3
22 23 3
23 24 3
24 25 3
25 26 3
26 27 3
27 28 3
28 29 3
30 31 1
31 32 1
32 33 1
33 34 1
34 35 1
35 36 1
36 37 1
37 38 1
38 39 1
39 40 1
40 41 1
41 42 1
42 43 1
43 44 1
44 45 1
45 46 1
46 47 1
47 48 1
48 49 1
50 51 2
52 53 2
53 54 2
54 55 2
55 56 2
56 57 2
57 58 2
58 59 2
59 60 2
60 61 2
61 62 2
62 63 2
63 64 2
64 65 2
65 66 2
67 68 2
68 69 2
70 71 2
71 72 2
72 73 2
73 74 2
74 75 2
75 76 2
76 77 2
77 78 2
78 79 2
79 80 2
80 81 2
81 82 2
82 83 2
83 84 2
84 85 2
86 87 2
88 89 2
89 90 2
90 91 2
91 92 2
92 93 2
93 94 2
94 95 2
95 96 2
96 97 2
97 98 2
98 99 2
99 100 2
100 101 2
101 102 2
102 103 2
104 105 2
105 106 2
107 108 2
108 109 2
109 110 2
110 111 2
111 112 2
112 113 2
113 114 2
114 115 2
115 116 2
116 117 2
117 118 2
118 119 2
119 120 2
120 121 2
121 122 2
122 123 2
123 124 2
124 125 2
125 126 2
127 128 2
129 130 2
130 131 2
131 132 2
132 133 2
133 134 2
134 135 2
135 136 2
136 137 2
137 138 2
138 139 2
139 140 2
140 141 2
141 142 2
142 143 2
143 144 2
144 145 2
145 146 2
146 147 2
147 148 2
149 150 2
150 151 2
152 153 2
153 154 2
154 155 2
155 156 2
156 157 2
157 158 2
158 159 2
159 160 2
160 161 2
161 162 2
162 163 2
164 165 2
166 167 2
167 168 2
168 169 2
169 170 2
170 171 2
171 172 2
172 173 2
173 174 2
174 175 2
175 176 2
176 177 2
178 179 2
179 180 2
181 182 2
182 183 2
183 184 2
184 185 2
185 186 2
186 187 2
187 188 2
188 189 2
189 190 2
190 191 2
191 192 2
192 193 2
193 194 2
194 195 2
195 196 2
196 197 2
197 198 2
198 199 2
200 201 2
202 203 2
203 204 2
204 205 2
205 206 2
206 207 2
207 208 2
208 209 2
209 210 2
210 211 2
211 212 2
212 213 2
213 214 2
214 215 2
215 216 2
216 217 2
217 218 2
218 219 2
219 220 2
221 222 2
222 223 2
224 225 2
225 226 2
226 227 2
227 228 2
228 229 2
229 230 2
230 231 2
231 232 2
232 233 2
234 235 2
236 237 2
237 238 2
238 239 2
239 240 2
240 241 2
241 242 2
242 243 2
243 244 2
244 245 2
246 247 2
247 248 2
249 250 2
250 251 2
251 252 2
252 253 2
253 254 2
254 255 2
255 256 2
256 257 2
257 258 2
258 259 2
260 261 2
262 263 2
263 264 2
264 265 2
265 266 2
266 267 2
267 268 2
268 269 2
269 270 2
270 271 2
271 272 2
273 274 2
274 275 2
276 277 2
277 278 2
278 279 2
279 280 2
280 281 2
281 282 2
282 283 2
283 284 2
284 285 2
285 286 2
286 287 2
287 288 2
288 289 2
289 290 2
290 291 2
291 292 2
293 294 2
295 296 2
296 297 2
297 298 2
298 299 2
299 300 2
300 301 2
301 302 2
302 303 2
303 304 2
304 305 2
305 306 2
306 307 2
307 308 2
308 309 2
309 310 2
310 311 2
312 313 2
313 314 2
315 316 2
316 317 2
317 318 2
318 319 2
319 320 2
320 321 2
321 322 2
322 323 2
323 324 2
324 325 2
325 326 2
326 327 2
327 328 2
328 329 2
330 331 2
332 333 2
333 334 2
334 335 2
335 336 2
336 337 2
337 338 2
338 339 2
339 340 2
340 341 2
341 342 2
342 343 2
343 344 2
344 345 2
345 346 2
347 348 2
348 349 2
350 351 2
351 352 2
352 353 2
353 354 2
354 355 2
355 356 2
356 357 2
357 358 2
358 359 2
359 360 2
360 361 2
361 362 2
362 363 2
363 364 2
364 365 2
365 366 2
366 367 2
367 368 2
369 370 2
371 372 1
372 373 1
373 374 1
374 375 1
375 376 1
376 377 1
377 378 1
378 379 1
379 380 1
380 381 1
381 382 1
382 383 1
383 384 1
384 385 1
385 386 1
386 387 1
387 388 1
388 389 1
389 390 1
390 391 1
391 392 1
392 393 1
393 394 1
30
0.014 0.0005
0.014 0.000637931034483
0.014 0.000775862068966
0.014 0.000913793103448
0.014 0.00105172413793
0.014 0.00118965517241
0.014 0.0013275862069
0.014 0.00146551724138
0.014 0.00160344827586
0.014 0.00174137931034
0.014 0.00187931034483
0.014 0.00201724137931
0.014 0.00215517241379
0.014 0.00229310344828
0.014 0.00243103448276
0.014 0.00256896551724
0.014 0.00270689655172
0.014 0.00284482758621
0.014 0.00298275862069
0.014 0.00312068965517
0.014 0.00325862068966
0.014 0.00339655172414
0.014 0.00353448275862
0.014 0.0036724137931
0.014 0.00381034482759
0.014 0.00394827586207
0.014 0.00408620689655
0.014 0.00422413793103
0.014 0.00436206896552
0.014 0.0045
