50
50
3
1 0
2 60
1 -23292
306
0 0
0.001 0
0.002 0
0.003 0
0.004 0
0.005 0
0.006 0
0.007 0
0.008 0
0.009 0
0.01 0
0.011 0
0.012 0
0.013 0
0.014 0
0.015 0
0.016 0
0.017 0
0.018 0
0.019 0
0.02 0
0.021 0
0.022 0
0.023 0
0.024 0
0.025 0
0.026 0
0.027 0
0.028 0
0.028 0
0.028 0.00102140211879
0.028 0.00204280423759
0.028 0.00306420635638
0.028 0.00408560847517
0.028 0.00510701059396
0.028 0.00612841271276
0.028 0.00714981483155
0.028 0.00817121695034
0.028 0.00919261906914
0.028 0.0102140211879
0.028 0.0112354233067
0.028 0.0122568254255
0.028 0.0122568254255
0.027 0.0122568254255
0.027 0.0122568254255
0.027 0.011220136079
0.027 0.0101834467325
0.027 0.00914675738601
0.027 0.00811006803951
0.027 0.007073378693
0.027 0.0060366893465
0.027 0.005
0.027 0.005
0.026 0.005
0.025 0.005
0.025 0.005
0.025 0.00595682429492
0.025 0.00691364858983
0.025 0.00787047288475
0.025 0.00882729717967
0.025 0.00978412147458
0.025 0.0107409457695
0.025 0.0107409457695
0.024 0.0107409457695
0.024 0.0107409457695
0.024 0.00978412147458
0.024 0.00882729717967
0.024 0.00787047288475
0.024 0.00691364858983
0.024 0.00595682429492
0.024 0.005
0.024 0.005
0.023 0.005
0.022 0.005
0.022 0.005
0.022 0.00593802725908
0.022 0.00687605451817
0.022 0.00781408177725
0.022 0.00875210903633
0.022 0.00969013629542
0.022 0.0106281635545
0.022 0.0106281635545
0.021 0.0106281635545
0.021 0.0106281635545
0.021 0.00969013629542
0.021 0.00875210903633
0.021 0.00781408177725
0.021 0.00687605451817
0.021 0.00593802725908
0.021 0.005
0.021 0.005
0.02 0.005
0.019 0.005
0.019 0.005
0.019 0.00600779827959
0.019 0.00701559655919
0.019 0.00802339483878
0.019 0.00903119311838
0.019 0.010038991398
0.019 0.0110467896776
0.019 0.0110467896776
0.018 0.0110467896776
0.018 0.0110467896776
0.018 0.010038991398
0.018 0.00903119311838
0.018 0.00802339483878
0.018 0.00701559655919
0.018 0.00600779827959
0.018 0.005
0.018 0.005
0.017 0.005
0.016 0.005
0.016 0.005
0.016 0.00601708092764
0.016 0.00703416185528
0.016 0.00805124278291
0.016 0.00906832371055
0.016 0.0100854046382
0.016 0.0111024855658
0.016 0.0121195664935
0.016 0.0131366474211
0.016 0.0141537283487
0.016 0.0151708092764
0.016 0.016187890204
0.016 0.0172049711317
0.016 0.0182220520593
0.016 0.0192391329869
0.016 0.0202562139146
0.016 0.0212732948422
0.016 0.0222903757698
0.016 0.0222903757698
0.015 0.0222903757698
0.015 0.0222903757698
0.015 0.0212732948422
0.015 0.0202562139146
0.015 0.0192391329869
0.015 0.0182220520593
0.015 0.0172049711317
0.015 0.016187890204
0.015 0.0151708092764
0.015 0.0141537283487
0.015 0.0131366474211
0.015 0.0121195664935
0.015 0.0111024855658
0.015 0.0100854046382
0.015 0.00906832371055
0.015 0.00805124278291
0.015 0.00703416185528
0.015 0.00601708092764
0.015 0.005
0.015 0.005
0.014 0.005
0.013 0.005
0.013 0.005
0.013 0.00595094843279
0.013 0.00690189686557
0.013 0.00785284529836
0.013 0.00880379373114
0.013 0.00975474216393
0.013 0.0107056905967
0.013 0.0116566390295
0.013 0.0126075874623
0.013 0.0135585358951
0.013 0.0145094843279
0.013 0.0145094843279
0.012 0.0145094843279
0.012 0.0145094843279
0.012 0.0135585358951
0.012 0.0126075874623
0.012 0.0116566390295
0.012 0.0107056905967
0.012 0.00975474216393
0.012 0.00880379373114
0.012 0.00785284529836
0.012 0.00690189686557
0.012 0.00595094843279
0.012 0.005
0.012 0.005
0.011 0.005
0.01 0.005
0.01 0.005
0.01 0.00603002489117
0.01 0.00706004978233
0.01 0.0080900746735
0.01 0.00912009956467
0.01 0.0101501244558
0.01 0.011180149347
0.01 0.0122101742382
0.01 0.0132401991293
0.01 0.0142702240205
0.01 0.0153002489117
0.01 0.0163302738028
0.01 0.017360298694
0.01 0.0183903235852
0.01 0.0194203484763
0.01 0.0194203484763
0.009 0.0194203484763
0.009 0.0194203484763
0.009 0.0183903235852
0.009 0.017360298694
0.009 0.0163302738028
0.009 0.0153002489117
0.009 0.0142702240205
0.009 0.0132401991293
0.009 0.0122101742382
0.009 0.011180149347
0.009 0.0101501244558
0.009 0.00912009956467
0.009 0.0080900746735
0.009 0.00706004978233
0.009 0.00603002489117
0.009 0.005
0.009 0.005
0.008 0.005
0.007 0.005
0.007 0.005
0.007 0.00599517639553
0.007 0.00699035279105
0.007 0.00798552918658
0.007 0.00898070558211
0.007 0.00997588197763
0.007 0.0109710583732
0.007 0.0119662347687
0.007 0.0129614111642
0.007 0.0139565875597
0.007 0.0149517639553
0.007 0.0159469403508
0.007 0.0159469403508
0.006 0.0159469403508
0.006 0.0159469403508
0.006 0.0149517639553
0.006 0.0139565875597
0.006 0.0129614111642
0.006 0.0119662347687
0.006 0.0109710583732
0.006 0.00997588197763
0.006 0.00898070558211
0.006 0.00798552918658
0.006 0.00699035279105
0.006 0.00599517639553
0.006 0.005
0.006 0.005
0.005 0.005
0.004 0.005
0.004 0.005
0.004 0.00600229995765
0.004 0.00700459991529
0.004 0.00800689987294
0.004 0.00900919983059
0.004 0.0100114997882
0.004 0.0110137997459
0.004 0.0120160997035
0.004 0.0130183996612
0.004 0.0140206996188
0.004 0.0150229995765
0.004 0.0160252995341
0.004 0.0170275994918
0.004 0.0180298994494
0.004 0.019032199407
0.004 0.019032199407
0.003 0.019032199407
0.003 0.019032199407
0.003 0.0180298994494
0.003 0.0170275994918
0.003 0.0160252995341
0.003 0.0150229995765
0.003 0.0140206996188
0.003 0.0130183996612
0.003 0.0120160997035
0.003 0.0110137997459
0.003 0.0100114997882
0.003 0.00900919983059
0.003 0.00800689987294
0.003 0.00700459991529
0.003 0.00600229995765
0.003 0.005
0.003 0.005
0.002 0.005
0.001 0.005
0.001 0.005
0.001 0.00602381478387
0.001 0.00704762956775
0.001 0.00807144435162
0.001 0.00909525913549
0.001 0.0101190739194
0.001 0.0111428887032
0.001 0.0121667034871
0.001 0.013190518271
0.001 0.0142143330549
0.001 0.0142143330549
0 0.0142143330549
0 0.0142143330549
0 0.0131990235509
0 0.012183714047
0 0.0111684045431
0 0.0101530950392
0 0.00913778553526
0 0.00812247603135
0 0.00710716652743
0 0.00609185702351
0 0.00507654751959
0 0.00406123801567
0 0.00304592851175
0 0.00203061900784
0 0.00101530950392
0 -1.73472347598e-18
266
1 2 3
2 3 3
3 4 3
4 5 3
5 6 3
6 7 3
7 8 3
8 9 3
9 10 3
10 11 3
11 12 3
12 13 3
13 14 3
14 15 3
15 16 3
16 17 3
17 18 3
18 19 3
19 20 3
20 21 3
21 22 3
22 23 3
23 24 3
24 25 3
25 26 3
26 27 3
27 28 3
28 29 3
30 31 1
31 32 1
32 33 1
33 34 1
34 35 1
35 36 1
36 37 1
37 38 1
38 39 1
39 40 1
40 41 1
41 42 1
43 44 2
45 46 2
46 47 2
47 48 2
48 49 2
49 50 2
50 51 2
51 52 2
53 54 2
54 55 2
56 57 2
57 58 2
58 59 2
59 60 2
60 61 2
61 62 2
63 64 2
65 66 2
66 67 2
67 68 2
68 69 2
69 70 2
70 71 2
72 73 2
73 74 2
75 76 2
76 77 2
77 78 2
78 79 2
79 80 2
80 81 2
82 83 2
84 85 2
85 86 2
86 87 2
87 88 2
88 89 2
89 90 2
91 92 2
92 93 2
94 95 2
95 96 2
96 97 2
97 98 2
98 99 2
99 100 2
101 102 2
103 104 2
104 105 2
105 106 2
106 107 2
107 108 2
108 109 2
110 111 2
111 112 2
113 114 2
114 115 2
115 116 2
116 117 2
117 118 2
118 119 2
119 120 2
120 121 2
121 122 2
122 123 2
123 124 2
124 125 2
125 126 2
126 127 2
127 128 2
128 129 2
129 130 2
131 132 2
133 134 2
134 135 2
135 136 2
136 137 2
137 138 2
138 139 2
139 140 2
140 141 2
141 142 2
142 143 2
143 144 2
144 145 2
145 146 2
146 147 2
147 148 2
148 149 2
149 150 2
151 152 2
152 153 2
154 155 2
155 156 2
156 157 2
157 158 2
158 159 2
159 160 2
160 161 2
161 162 2
162 163 2
163 164 2
165 166 2
167 168 2
168 169 2
169 170 2
170 171 2
171 172 2
172 173 2
173 174 2
174 175 2
175 176 2
176 177 2
178 179 2
179 180 2
181 182 2
182 183 2
183 184 2
184 185 2
185 186 2
186 187 2
187 188 2
188 189 2
189 190 2
190 191 2
191 192 2
192 193 2
193 194 2
194 195 2
196 197 2
198 199 2
199 200 2
200 201 2
201 202 2
202 203 2
203 204 2
204 205 2
205 206 2
206 207 2
207 208 2
208 209 2
209 210 2
210 211 2
211 212 2
213 214 2
214 215 2
216 217 2
217 218 2
218 219 2
219 220 2
220 221 2
221 222 2
222 223 2
223 224 2
224 225 2
225 226 2
226 227 2
228 229 2
230 231 2
231 232 2
232 233 2
233 234 2
234 235 2
235 236 2
236 237 2
237 238 2
238 239 2
239 240 2
240 241 2
242 243 2
243 244 2
245 246 2
246 247 2
247 248 2
248 249 2
249 250 2
250 251 2
251 252 2
252 253 2
253 254 2
254 255 2
255 256 2
256 257 2
257 258 2
258 259 2
260 261 2
262 263 2
263 264 2
264 265 2
265 266 2
266 267 2
267 268 2
268 269 2
269 270 2
270 271 2
271 272 2
272 273 2
273 274 2
274 275 2
275 276 2
277 278 2
278 279 2
280 281 2
281 282 2
282 283 2
283 284 2
284 285 2
285 286 2
286 287 2
287 288 2
288 289 2
290 291 2
292 293 1
293 294 1
294 295 1
295 296 1
296 297 1
297 298 1
298 299 1
299 300 1
300 301 1
301 302 1
302 303 1
303 304 1
304 305 1
305 306 1
30
0.014 0.0005
0.014 0.000637931034483
0.014 0.000775862068966
0.014 0.000913793103448
0.014 0.00105172413793
0.014 0.00118965517241
0.014 0.0013275862069
0.014 0.00146551724138
0.014 0.00160344827586
0.014 0.00174137931034
0.014 0.00187931034483
0.014 0.00201724137931
0.014 0.00215517241379
0.014 0.00229310344828
0.014 0.00243103448276
0.014 0.00256896551724
0.014 0.00270689655172
0.014 0.00284482758621
0.014 0.00298275862069
0.014 0.00312068965517
0.014 0.00325862068966
0.014 0.00339655172414
0.014 0.00353448275862
0.014 0.0036724137931
0.014 0.00381034482759
0.014 0.00394827586207
0.014 0.00408620689655
0.014 0.00422413793103
0.014 0.00436206896552
0.014 0.0045
