50
50
3
1 0
2 60
1 -23292
364
0 0
0.001 0
0.002 0
0.003 0
0.004 0
0.005 0
0.006 0
0.007 0
0.008 0
0.009 0
0.01 0
0.011 0
0.012 0
0.013 0
0.014 0
0.015 0
0.016 0
0.017 0
0.018 0
0.019 0
0.02 0
0.021 0
0.022 0
0.023 0
0.024 0
0.025 0
0.026 0
0.027 0
0.028 0
0.028 0
0.028 0.00103323181907
0.028 0.00206646363814
0.028 0.00309969545721
0.028 0.00413292727628
0.028 0.00516615909535
0.028 0.00619939091442
0.028 0.00723262273349
0.028 0.00826585455256
0.028 0.00929908637163
0.028 0.0103323181907
0.028 0.0113655500098
0.028 0.0123987818288
0.028 0.0123987818288
0.027 0.0123987818288
0.027 0.0123987818288
0.027 0.0113418129961
0.027 0.0102848441635
0.027 0.00922787533077
0.027 0.00817090649807
0.027 0.00711393766538
0.027 0.00605696883269
0.027 0.005
0.027 0.005
0.026 0.005
0.025 0.005
0.025 0.005
0.025 0.00601767387217
0.025 0.00703534774434
0.025 0.00805302161651
0.025 0.00907069548868
0.025 0.0100883693609
0.025 0.011106043233
0.025 0.0121237171052
0.025 0.0131413909774
0.025 0.0141590648495
0.025 0.0151767387217
0.025 0.0151767387217
0.024 0.0151767387217
0.024 0.0151767387217
0.024 0.0141590648495
0.024 0.0131413909774
0.024 0.0121237171052
0.024 0.011106043233
0.024 0.0100883693609
0.024 0.00907069548868
0.024 0.00805302161651
0.024 0.00703534774434
0.024 0.00601767387217
0.024 0.005
0.024 0.005
0.023 0.005
0.022 0.005
0.022 0.005
0.022 0.00601992783454
0.022 0.00703985566907
0.022 0.00805978350361
0.022 0.00907971133814
0.022 0.0100996391727
0.022 0.0111195670072
0.022 0.0121394948417
0.022 0.0131594226763
0.022 0.0131594226763
0.021 0.0131594226763
0.021 0.0131594226763
0.021 0.0121394948417
0.021 0.0111195670072
0.021 0.0100996391727
0.021 0.00907971133814
0.021 0.00805978350361
0.021 0.00703985566907
0.021 0.00601992783454
0.021 0.005
0.021 0.005
0.02 0.005
0.019 0.005
0.019 0.005
0.019 0.00603428030407
0.019 0.00706856060814
0.019 0.0081028409122
0.019 0.00913712121627
0.019 0.0101714015203
0.019 0.0112056818244
0.019 0.0122399621285
0.019 0.0132742424325
0.019 0.0143085227366
0.019 0.0153428030407
0.019 0.0163770833447
0.019 0.0174113636488
0.019 0.0184456439529
0.019 0.0194799242569
0.019 0.0194799242569
0.018 0.0194799242569
0.018 0.0194799242569
0.018 0.0184456439529
0.018 0.0174113636488
0.018 0.0163770833447
0.018 0.0153428030407
0.018 0.0143085227366
0.018 0.0132742424325
0.018 0.0122399621285
0.018 0.0112056818244
0.018 0.0101714015203
0.018 0.00913712121627
0.018 0.0081028409122
0.018 0.00706856060814
0.018 0.00603428030407
0.018 0.005
0.018 0.005
0.017 0.005
0.016 0.005
0.016 0.005
0.016 0.00601087956403
0.016 0.00702175912806
0.016 0.00803263869209
0.016 0.00904351825612
0.016 0.0100543978201
0.016 0.0110652773842
0.016 0.0120761569482
0.016 0.0130870365122
0.016 0.0140979160763
0.016 0.0151087956403
0.016 0.0161196752043
0.016 0.0171305547683
0.016 0.0181414343324
0.016 0.0191523138964
0.016 0.0201631934604
0.016 0.0211740730245
0.016 0.0221849525885
0.016 0.0231958321525
0.016 0.0231958321525
0.015 0.0231958321525
0.015 0.0231958321525
0.015 0.0221849525885
0.015 0.0211740730245
0.015 0.0201631934604
0.015 0.0191523138964
0.015 0.0181414343324
0.015 0.0171305547683
0.015 0.0161196752043
0.015 0.0151087956403
0.015 0.0140979160763
0.015 0.0130870365122
0.015 0.0120761569482
0.015 0.0110652773842
0.015 0.0100543978201
0.015 0.00904351825612
0.015 0.00803263869209
0.015 0.00702175912806
0.015 0.00601087956403
0.015 0.005
0.015 0.005
0.014 0.005
0.013 0.005
0.013 0.005
0.013 0.0060488919238
0.013 0.0070977838476
0.013 0.00814667577141
0.013 0.00919556769521
0.013 0.010244459619
0.013 0.0112933515428
0.013 0.0123422434666
0.013 0.0123422434666
0.012 0.0123422434666
0.012 0.0123422434666
0.012 0.0112933515428
0.012 0.010244459619
0.012 0.00919556769521
0.012 0.00814667577141
0.012 0.0070977838476
0.012 0.0060488919238
0.012 0.005
0.012 0.005
0.011 0.005
0.01 0.005
0.01 0.005
0.01 0.00599145091889
0.01 0.00698290183778
0.01 0.00797435275667
0.01 0.00896580367556
0.01 0.00995725459445
0.01 0.0109487055133
0.01 0.0119401564322
0.01 0.0129316073511
0.01 0.01392305827
0.01 0.0149145091889
0.01 0.0159059601078
0.01 0.0168974110267
0.01 0.0178888619456
0.01 0.0188803128645
0.01 0.0198717637833
0.01 0.0208632147022
0.01 0.0218546656211
0.01 0.02284611654
0.01 0.0238375674589
0.01 0.0238375674589
0.009 0.0238375674589
0.009 0.0238375674589
0.009 0.02284611654
0.009 0.0218546656211
0.009 0.0208632147022
0.009 0.0198717637833
0.009 0.0188803128645
0.009 0.0178888619456
0.009 0.0168974110267
0.009 0.0159059601078
0.009 0.0149145091889
0.009 0.01392305827
0.009 0.0129316073511
0.009 0.0119401564322
0.009 0.0109487055133
0.009 0.00995725459445
0.009 0.00896580367556
0.009 0.00797435275667
0.009 0.00698290183778
0.009 0.00599145091889
0.009 0.005
0.009 0.005
0.008 0.005
0.007 0.005
0.007 0.005
0.007 0.00601990468309
0.007 0.00703980936619
0.007 0.00805971404928
0.007 0.00907961873237
0.007 0.0100995234155
0.007 0.0111194280986
0.007 0.0121393327817
0.007 0.0131592374647
0.007 0.0141791421478
0.007 0.0151990468309
0.007 0.016218951514
0.007 0.0172388561971
0.007 0.0182587608802
0.007 0.0192786655633
0.007 0.0202985702464
0.007 0.0213184749295
0.007 0.0223383796126
0.007 0.0233582842957
0.007 0.0233582842957
0.006 0.0233582842957
0.006 0.0233582842957
0.006 0.0223383796126
0.006 0.0213184749295
0.006 0.0202985702464
0.006 0.0192786655633
0.006 0.0182587608802
0.006 0.0172388561971
0.006 0.016218951514
0.006 0.0151990468309
0.006 0.0141791421478
0.006 0.0131592374647
0.006 0.0121393327817
0.006 0.0111194280986
0.006 0.0100995234155
0.006 0.00907961873237
0.006 0.00805971404928
0.006 0.00703980936619
0.006 0.00601990468309
0.006 0.005
0.006 0.005
0.005 0.005
0.004 0.005
0.004 0.005
0.004 0.00597952327019
0.004 0.00695904654038
0.004 0.00793856981057
0.004 0.00891809308076
0.004 0.00989761635095
0.004 0.0108771396211
0.004 0.0118566628913
0.004 0.0128361861615
0.004 0.0138157094317
0.004 0.0147952327019
0.004 0.0157747559721
0.004 0.0167542792423
0.004 0.0177338025125
0.004 0.0187133257827
0.004 0.0196928490529
0.004 0.020672372323
0.004 0.0216518955932
0.004 0.0226314188634
0.004 0.0236109421336
0.004 0.0236109421336
0.003 0.0236109421336
0.003 0.0236109421336
0.003 0.0226314188634
0.003 0.0216518955932
0.003 0.020672372323
0.003 0.0196928490529
0.003 0.0187133257827
0.003 0.0177338025125
0.003 0.0167542792423
0.003 0.0157747559721
0.003 0.0147952327019
0.003 0.0138157094317
0.003 0.0128361861615
0.003 0.0118566628913
0.003 0.0108771396211
0.003 0.00989761635095
0.003 0.00891809308076
0.003 0.00793856981057
0.003 0.00695904654038
0.003 0.00597952327019
0.003 0.005
0.003 0.005
0.002 0.005
0.001 0.005
0.001 0.005
0.001 0.00602992883717
0.001 0.00705985767434
0.001 0.00808978651151
0.001 0.00911971534868
0.001 0.0101496441859
0.001 0.011179573023
0.001 0.0122095018602
0.001 0.0132394306974
0.001 0.0142693595345
0.001 0.0142693595345
0 0.0142693595345
0 0.0142693595345
0 0.0132501195678
0 0.012230879601
0 0.0112116396343
0 0.0101923996675
0 0.00917315970077
0 0.00815391973402
0 0.00713467976727
0 0.00611543980051
0 0.00509619983376
0 0.00407695986701
0 0.00305771990026
0 0.0020384799335
0 0.00101923996675
0 1.73472347598e-18
324
1 2 3
2 3 3
3 4 3
4 5 3
5 6 3
6 7 3
7 8 3
8 9 3
9 10 3
10 11 3
11 12 3
12 13 3
13 14 3
14 15 3
15 16 3
16 17 3
17 18 3
18 19 3
19 20 3
20 21 3
21 22 3
22 23 3
23 24 3
24 25 3
25 26 3
26 27 3
27 28 3
28 29 3
30 31 1
31 32 1
32 33 1
33 34 1
34 35 1
35 36 1
36 37 1
37 38 1
38 39 1
39 40 1
40 41 1
41 42 1
43 44 2
45 46 2
46 47 2
47 48 2
48 49 2
49 50 2
50 51 2
51 52 2
53 54 2
54 55 2
56 57 2
57 58 2
58 59 2
59 60 2
60 61 2
61 62 2
62 63 2
63 64 2
64 65 2
65 66 2
67 68 2
69 70 2
70 71 2
71 72 2
72 73 2
73 74 2
74 75 2
75 76 2
76 77 2
77 78 2
78 79 2
80 81 2
81 82 2
83 84 2
84 85 2
85 86 2
86 87 2
87 88 2
88 89 2
89 90 2
90 91 2
92 93 2
94 95 2
95 96 2
96 97 2
97 98 2
98 99 2
99 100 2
100 101 2
101 102 2
103 104 2
104 105 2
106 107 2
107 108 2
108 109 2
109 110 2
110 111 2
111 112 2
112 113 2
113 114 2
114 115 2
115 116 2
116 117 2
117 118 2
118 119 2
119 120 2
121 122 2
123 124 2
124 125 2
125 126 2
126 127 2
127 128 2
128 129 2
129 130 2
130 131 2
131 132 2
132 133 2
133 134 2
134 135 2
135 136 2
136 137 2
138 139 2
139 140 2
141 142 2
142 143 2
143 144 2
144 145 2
145 146 2
146 147 2
147 148 2
148 149 2
149 150 2
150 151 2
151 152 2
152 153 2
153 154 2
154 155 2
155 156 2
156 157 2
157 158 2
158 159 2
160 161 2
162 163 2
163 164 2
164 165 2
165 166 2
166 167 2
167 168 2
168 169 2
169 170 2
170 171 2
171 172 2
172 173 2
173 174 2
174 175 2
175 176 2
176 177 2
177 178 2
178 179 2
179 180 2
181 182 2
182 183 2
184 185 2
185 186 2
186 187 2
187 188 2
188 189 2
189 190 2
190 191 2
192 193 2
194 195 2
195 196 2
196 197 2
197 198 2
198 199 2
199 200 2
200 201 2
202 203 2
203 204 2
205 206 2
206 207 2
207 208 2
208 209 2
209 210 2
210 211 2
211 212 2
212 213 2
213 214 2
214 215 2
215 216 2
216 217 2
217 218 2
218 219 2
219 220 2
220 221 2
221 222 2
222 223 2
223 224 2
225 226 2
227 228 2
228 229 2
229 230 2
230 231 2
231 232 2
232 233 2
233 234 2
234 235 2
235 236 2
236 237 2
237 238 2
238 239 2
239 240 2
240 241 2
241 242 2
242 243 2
243 244 2
244 245 2
245 246 2
247 248 2
248 249 2
250 251 2
251 252 2
252 253 2
253 254 2
254 255 2
255 256 2
256 257 2
257 258 2
258 259 2
259 260 2
260 261 2
261 262 2
262 263 2
263 264 2
264 265 2
265 266 2
266 267 2
267 268 2
269 270 2
271 272 2
272 273 2
273 274 2
274 275 2
275 276 2
276 277 2
277 278 2
278 279 2
279 280 2
280 281 2
281 282 2
282 283 2
283 284 2
284 285 2
285 286 2
286 287 2
287 288 2
288 289 2
290 291 2
291 292 2
293 294 2
294 295 2
295 296 2
296 297 2
297 298 2
298 299 2
299 300 2
300 301 2
301 302 2
302 303 2
303 304 2
304 305 2
305 306 2
306 307 2
307 308 2
308 309 2
309 310 2
310 311 2
311 312 2
313 314 2
315 316 2
316 317 2
317 318 2
318 319 2
319 320 2
320 321 2
321 322 2
322 323 2
323 324 2
324 325 2
325 326 2
326 327 2
327 328 2
328 329 2
329 330 2
330 331 2
331 332 2
332 333 2
333 334 2
335 336 2
336 337 2
338 339 2
339 340 2
340 341 2
341 342 2
342 343 2
343 344 2
344 345 2
345 346 2
346 347 2
348 349 2
350 351 1
351 352 1
352 353 1
353 354 1
354 355 1
355 356 1
356 357 1
357 358 1
358 359 1
359 360 1
360 361 1
361 362 1
362 363 1
363 364 1
30
0.014 0.0005
0.014 0.000637931034483
0.014 0.000775862068966
0.014 0.000913793103448
0.014 0.00105172413793
0.014 0.00118965517241
0.014 0.0013275862069
0.014 0.00146551724138
0.014 0.00160344827586
0.014 0.00174137931034
0.014 0.00187931034483
0.014 0.00201724137931
0.014 0.00215517241379
0.014 0.00229310344828
0.014 0.00243103448276
0.014 0.00256896551724
0.014 0.00270689655172
0.014 0.00284482758621
0.014 0.00298275862069
0.014 0.00312068965517
0.014 0.00325862068966
0.014 0.00339655172414
0.014 0.00353448275862
0.014 0.0036724137931
0.014 0.00381034482759
0.014 0.00394827586207
0.014 0.00408620689655
0.014 0.00422413793103
0.014 0.00436206896552
0.014 0.0045
