50
50
3
1 0
2 60
1 -23292
398
0 0
0.001 0
0.002 0
0.003 0
0.004 0
0.005 0
0.006 0
0.007 0
0.008 0
0.009 0
0.01 0
0.011 0
0.012 0
0.013 0
0.014 0
0.015 0
0.016 0
0.017 0
0.018 0
0.019 0
0.02 0
0.021 0
0.022 0
0.023 0
0.024 0
0.025 0
0.026 0
0.027 0
0.028 0
0.028 0
0.028 0.00101268319571
0.028 0.00202536639141
0.028 0.00303804958712
0.028 0.00405073278283
0.028 0.00506341597853
0.028 0.00607609917424
0.028 0.00708878236995
0.028 0.00810146556565
0.028 0.00911414876136
0.028 0.0101268319571
0.028 0.0111395151528
0.028 0.0121521983485
0.028 0.0131648815442
0.028 0.0141775647399
0.028 0.0151902479356
0.028 0.0162029311313
0.028 0.017215614327
0.028 0.0182282975227
0.028 0.0192409807184
0.028 0.0202536639141
0.028 0.0212663471098
0.028 0.0212663471098
0.027 0.0212663471098
0.027 0.0212663471098
0.027 0.0202497004155
0.027 0.0192330537211
0.027 0.0182164070267
0.027 0.0171997603324
0.027 0.016183113638
0.027 0.0151664669437
0.027 0.0141498202493
0.027 0.0131331735549
0.027 0.0121165268606
0.027 0.0110998801662
0.027 0.0100832334718
0.027 0.00906658677746
0.027 0.0080499400831
0.027 0.00703329338873
0.027 0.00601664669437
0.027 0.005
0.027 0.005
0.026 0.005
0.025 0.005
0.025 0.005
0.025 0.00601605020005
0.025 0.00703210040011
0.025 0.00804815060016
0.025 0.00906420080021
0.025 0.0100802510003
0.025 0.0110963012003
0.025 0.0121123514004
0.025 0.0131284016004
0.025 0.0141444518005
0.025 0.0151605020005
0.025 0.0161765522006
0.025 0.0171926024006
0.025 0.0182086526007
0.025 0.0192247028007
0.025 0.0202407530008
0.025 0.0212568032008
0.025 0.0212568032008
0.024 0.0212568032008
0.024 0.0212568032008
0.024 0.0202407530008
0.024 0.0192247028007
0.024 0.0182086526007
0.024 0.0171926024006
0.024 0.0161765522006
0.024 0.0151605020005
0.024 0.0141444518005
0.024 0.0131284016004
0.024 0.0121123514004
0.024 0.0110963012003
0.024 0.0100802510003
0.024 0.00906420080021
0.024 0.00804815060016
0.024 0.00703210040011
0.024 0.00601605020005
0.024 0.005
0.024 0.005
0.023 0.005
0.022 0.005
0.022 0.005
0.022 0.00600480437177
0.022 0.00700960874354
0.022 0.0080144131153
0.022 0.00901921748707
0.022 0.0100240218588
0.022 0.0110288262306
0.022 0.0120336306024
0.022 0.0130384349741
0.022 0.0140432393459
0.022 0.0150480437177
0.022 0.0160528480894
0.022 0.0170576524612
0.022 0.018062456833
0.022 0.0190672612048
0.022 0.0200720655765
0.022 0.0210768699483
0.022 0.0220816743201
0.022 0.0230864786918
0.022 0.0240912830636
0.022 0.0240912830636
0.021 0.0240912830636
0.021 0.0240912830636
0.021 0.0230864786918
0.021 0.0220816743201
0.021 0.0210768699483
0.021 0.0200720655765
0.021 0.0190672612048
0.021 0.018062456833
0.021 0.0170576524612
0.021 0.0160528480894
0.021 0.0150480437177
0.021 0.0140432393459
0.021 0.0130384349741
0.021 0.0120336306024
0.021 0.0110288262306
0.021 0.0100240218588
0.021 0.00901921748707
0.021 0.0080144131153
0.021 0.00700960874354
0.021 0.00600480437177
0.021 0.005
0.021 0.005
0.02 0.005
0.019 0.005
0.019 0.005
0.019 0.00602712708906
0.019 0.00705425417812
0.019 0.00808138126717
0.019 0.00910850835623
0.019 0.0101356354453
0.019 0.0111627625343
0.019 0.0121898896234
0.019 0.0132170167125
0.019 0.0132170167125
0.018 0.0132170167125
0.018 0.0132170167125
0.018 0.0121898896234
0.018 0.0111627625343
0.018 0.0101356354453
0.018 0.00910850835623
0.018 0.00808138126717
0.018 0.00705425417812
0.018 0.00602712708906
0.018 0.005
0.018 0.005
0.017 0.005
0.016 0.005
0.016 0.005
0.016 0.0060145178856
0.016 0.0070290357712
0.016 0.0080435536568
0.016 0.0090580715424
0.016 0.010072589428
0.016 0.0110871073136
0.016 0.0121016251992
0.016 0.0131161430848
0.016 0.0141306609704
0.016 0.015145178856
0.016 0.0161596967416
0.016 0.0171742146272
0.016 0.0181887325128
0.016 0.0192032503984
0.016 0.0192032503984
0.015 0.0192032503984
0.015 0.0192032503984
0.015 0.0181887325128
0.015 0.0171742146272
0.015 0.0161596967416
0.015 0.015145178856
0.015 0.0141306609704
0.015 0.0131161430848
0.015 0.0121016251992
0.015 0.0110871073136
0.015 0.010072589428
0.015 0.0090580715424
0.015 0.0080435536568
0.015 0.0070290357712
0.015 0.0060145178856
0.015 0.005
0.015 0.005
0.014 0.005
0.013 0.005
0.013 0.005
0.013 0.00600723595334
0.013 0.00701447190667
0.013 0.00802170786001
0.013 0.00902894381335
0.013 0.0100361797667
0.013 0.01104341572
0.013 0.0120506516734
0.013 0.0130578876267
0.013 0.01406512358
0.013 0.0150723595334
0.013 0.0160795954867
0.013 0.01708683144
0.013 0.0180940673934
0.013 0.0191013033467
0.013 0.0201085393
0.013 0.0211157752534
0.013 0.0221230112067
0.013 0.0231302471601
0.013 0.0241374831134
0.013 0.0241374831134
0.012 0.0241374831134
0.012 0.0241374831134
0.012 0.0231302471601
0.012 0.0221230112067
0.012 0.0211157752534
0.012 0.0201085393
0.012 0.0191013033467
0.012 0.0180940673934
0.012 0.01708683144
0.012 0.0160795954867
0.012 0.0150723595334
0.012 0.01406512358
0.012 0.0130578876267
0.012 0.0120506516734
0.012 0.01104341572
0.012 0.0100361797667
0.012 0.00902894381335
0.012 0.00802170786001
0.012 0.00701447190667
0.012 0.00600723595334
0.012 0.005
0.012 0.005
0.011 0.005
0.01 0.005
0.01 0.005
0.01 0.0059829709266
0.01 0.00696594185321
0.01 0.00794891277981
0.01 0.00893188370641
0.01 0.00991485463302
0.01 0.0108978255596
0.01 0.0118807964862
0.01 0.0128637674128
0.01 0.0138467383394
0.01 0.014829709266
0.01 0.0158126801926
0.01 0.0167956511192
0.01 0.0177786220458
0.01 0.0187615929724
0.01 0.0197445638991
0.01 0.0207275348257
0.01 0.0217105057523
0.01 0.0226934766789
0.01 0.0236764476055
0.01 0.0236764476055
0.009 0.0236764476055
0.009 0.0236764476055
0.009 0.0226934766789
0.009 0.0217105057523
0.009 0.0207275348257
0.009 0.0197445638991
0.009 0.0187615929724
0.009 0.0177786220458
0.009 0.0167956511192
0.009 0.0158126801926
0.009 0.014829709266
0.009 0.0138467383394
0.009 0.0128637674128
0.009 0.0118807964862
0.009 0.0108978255596
0.009 0.00991485463302
0.009 0.00893188370641
0.009 0.00794891277981
0.009 0.00696594185321
0.009 0.0059829709266
0.009 0.005
0.009 0.005
0.008 0.005
0.007 0.005
0.007 0.005
0.007 0.00604692368812
0.007 0.00709384737623
0.007 0.00814077106435
0.007 0.00918769475247
0.007 0.0102346184406
0.007 0.0112815421287
0.007 0.0123284658168
0.007 0.0133753895049
0.007 0.0144223131931
0.007 0.0144223131931
0.006 0.0144223131931
0.006 0.0144223131931
0.006 0.0133753895049
0.006 0.0123284658168
0.006 0.0112815421287
0.006 0.0102346184406
0.006 0.00918769475247
0.006 0.00814077106435
0.006 0.00709384737623
0.006 0.00604692368812
0.006 0.005
0.006 0.005
0.005 0.005
0.004 0.005
0.004 0.005
0.004 0.00596065525154
0.004 0.00692131050308
0.004 0.00788196575462
0.004 0.00884262100616
0.004 0.0098032762577
0.004 0.0107639315092
0.004 0.0117245867608
0.004 0.0126852420123
0.004 0.0136458972639
0.004 0.0146065525154
0.004 0.0155672077669
0.004 0.0155672077669
0.003 0.0155672077669
0.003 0.0155672077669
0.003 0.0146065525154
0.003 0.0136458972639
0.003 0.0126852420123
0.003 0.0117245867608
0.003 0.0107639315092
0.003 0.0098032762577
0.003 0.00884262100616
0.003 0.00788196575462
0.003 0.00692131050308
0.003 0.00596065525154
0.003 0.005
0.003 0.005
0.002 0.005
0.001 0.005
0.001 0.005
0.001 0.00598434094264
0.001 0.00696868188528
0.001 0.00795302282793
0.001 0.00893736377057
0.001 0.00992170471321
0.001 0.0109060456559
0.001 0.0118903865985
0.001 0.0128747275411
0.001 0.0138590684838
0.001 0.0148434094264
0.001 0.0158277503691
0.001 0.0168120913117
0.001 0.0177964322543
0.001 0.018780773197
0.001 0.0197651141396
0.001 0.0197651141396
0 0.0197651141396
0 0.0197651141396
0 0.0187768584326
0 0.0177886027257
0 0.0168003470187
0 0.0158120913117
0 0.0148238356047
0 0.0138355798977
0 0.0128473241908
0 0.0118590684838
0 0.0108708127768
0 0.00988255706981
0 0.00889430136283
0 0.00790604565585
0 0.00691778994887
0 0.00592953424189
0 0.00494127853491
0 0.00395302282793
0 0.00296476712094
0 0.00197651141396
0 0.000988255706981
0 0
358
1 2 3
2 3 3
3 4 3
4 5 3
5 6 3
6 7 3
7 8 3
8 9 3
9 10 3
10 11 3
11 12 3
12 13 3
13 14 3
14 15 3
15 16 3
16 17 3
17 18 3
18 19 3
19 20 3
20 21 3
21 22 3
22 23 3
23 24 3
24 25 3
25 26 3
26 27 3
27 28 3
28 29 3
30 31 1
31 32 1
32 33 1
33 34 1
34 35 1
35 36 1
36 37 1
37 38 1
38 39 1
39 40 1
40 41 1
41 42 1
42 43 1
43 44 1
44 45 1
45 46 1
46 47 1
47 48 1
48 49 1
49 50 1
50 51 1
52 53 2
54 55 2
55 56 2
56 57 2
57 58 2
58 59 2
59 60 2
60 61 2
61 62 2
62 63 2
63 64 2
64 65 2
65 66 2
66 67 2
67 68 2
68 69 2
69 70 2
71 72 2
72 73 2
74 75 2
75 76 2
76 77 2
77 78 2
78 79 2
79 80 2
80 81 2
81 82 2
82 83 2
83 84 2
84 85 2
85 86 2
86 87 2
87 88 2
88 89 2
89 90 2
91 92 2
93 94 2
94 95 2
95 96 2
96 97 2
97 98 2
98 99 2
99 100 2
100 101 2
101 102 2
102 103 2
103 104 2
104 105 2
105 106 2
106 107 2
107 108 2
108 109 2
110 111 2
111 112 2
113 114 2
114 115 2
115 116 2
116 117 2
117 118 2
118 119 2
119 120 2
120 121 2
121 122 2
122 123 2
123 124 2
124 125 2
125 126 2
126 127 2
127 128 2
128 129 2
129 130 2
130 131 2
131 132 2
133 134 2
135 136 2
136 137 2
137 138 2
138 139 2
139 140 2
140 141 2
141 142 2
142 143 2
143 144 2
144 145 2
145 146 2
146 147 2
147 148 2
148 149 2
149 150 2
150 151 2
151 152 2
152 153 2
153 154 2
155 156 2
156 157 2
158 159 2
159 160 2
160 161 2
161 162 2
162 163 2
163 164 2
164 165 2
165 166 2
167 168 2
169 170 2
170 171 2
171 172 2
172 173 2
173 174 2
174 175 2
175 176 2
176 177 2
178 179 2
179 180 2
181 182 2
182 183 2
183 184 2
184 185 2
185 186 2
186 187 2
187 188 2
188 189 2
189 190 2
190 191 2
191 192 2
192 193 2
193 194 2
194 195 2
196 197 2
198 199 2
199 200 2
200 201 2
201 202 2
202 203 2
203 204 2
204 205 2
205 206 2
206 207 2
207 208 2
208 209 2
209 210 2
210 211 2
211 212 2
213 214 2
214 215 2
216 217 2
217 218 2
218 219 2
219 220 2
220 221 2
221 222 2
222 223 2
223 224 2
224 225 2
225 226 2
226 227 2
227 228 2
228 229 2
229 230 2
230 231 2
231 232 2
232 233 2
233 234 2
234 235 2
236 237 2
238 239 2
239 240 2
240 241 2
241 242 2
242 243 2
243 244 2
244 245 2
245 246 2
246 247 2
247 248 2
248 249 2
249 250 2
250 251 2
251 252 2
252 253 2
253 254 2
254 255 2
255 256 2
256 257 2
258 259 2
259 260 2
261 262 2
262 263 2
263 264 2
264 265 2
265 266 2
266 267 2
267 268 2
268 269 2
269 270 2
270 271 2
271 272 2
272 273 2
273 274 2
274 275 2
275 276 2
276 277 2
277 278 2
278 279 2
279 280 2
281 282 2
283 284 2
284 285 2
285 286 2
286 287 2
287 288 2
288 289 2
289 290 2
290 291 2
291 292 2
292 293 2
293 294 2
294 295 2
295 296 2
296 297 2
297 298 2
298 299 2
299 300 2
300 301 2
301 302 2
303 304 2
304 305 2
306 307 2
307 308 2
308 309 2
309 310 2
310 311 2
311 312 2
312 313 2
313 314 2
314 315 2
316 317 2
318 319 2
319 320 2
320 321 2
321 322 2
322 323 2
323 324 2
324 325 2
325 326 2
326 327 2
328 329 2
329 330 2
331 332 2
332 333 2
333 334 2
334 335 2
335 336 2
336 337 2
337 338 2
338 339 2
339 340 2
340 341 2
341 342 2
343 344 2
345 346 2
346 347 2
347 348 2
348 349 2
349 350 2
350 351 2
351 352 2
352 353 2
353 354 2
354 355 2
355 356 2
357 358 2
358 359 2
360 361 2
361 362 2
362 363 2
363 364 2
364 365 2
365 366 2
366 367 2
367 368 2
368 369 2
369 370 2
370 371 2
371 372 2
372 373 2
373 374 2
374 375 2
376 377 2
378 379 1
379 380 1
380 381 1
381 382 1
382 383 1
383 384 1
384 385 1
385 386 1
386 387 1
387 388 1
388 389 1
389 390 1
390 391 1
391 392 1
392 393 1
393 394 1
394 395 1
395 396 1
396 397 1
397 398 1
30
0.014 0.0005
0.014 0.000637931034483
0.014 0.000775862068966
0.014 0.000913793103448
0.014 0.00105172413793
0.014 0.00118965517241
0.014 0.0013275862069
0.014 0.00146551724138
0.014 0.00160344827586
0.014 0.00174137931034
0.014 0.00187931034483
0.014 0.00201724137931
0.014 0.00215517241379
0.014 0.00229310344828
0.014 0.00243103448276
0.014 0.00256896551724
0.014 0.00270689655172
0.014 0.00284482758621
0.014 0.00298275862069
0.014 0.00312068965517
0.014 0.00325862068966
0.014 0.00339655172414
0.014 0.00353448275862
0.014 0.0036724137931
0.014 0.00381034482759
0.014 0.00394827586207
0.014 0.00408620689655
0.014 0.00422413793103
0.014 0.00436206896552
0.014 0.0045
