50
200
3
1 0
2 60
1 -23292
372
0 0
0.001 0
0.002 0
0.003 0
0.004 0
0.005 0
0.006 0
0.007 0
0.008 0
0.009 0
0.01 0
0.011 0
0.012 0
0.013 0
0.014 0
0.015 0
0.016 0
0.017 0
0.018 0
0.019 0
0.02 0
0.021 0
0.022 0
0.023 0
0.024 0
0.025 0
0.026 0
0.027 0
0.028 0
0.028 0
0.028 0.00100183376339
0.028 0.00200366752677
0.028 0.00300550129016
0.028 0.00400733505355
0.028 0.00500916881693
0.028 0.00601100258032
0.028 0.0070128363437
0.028 0.00801467010709
0.028 0.00901650387048
0.028 0.0100183376339
0.028 0.0110201713972
0.028 0.0120220051606
0.028 0.013023838924
0.028 0.0140256726874
0.028 0.0150275064508
0.028 0.0160293402142
0.028 0.0170311739776
0.028 0.018033007741
0.028 0.0190348415043
0.028 0.0200366752677
0.028 0.0210385090311
0.028 0.0220403427945
0.028 0.0220403427945
0.027 0.0220403427945
0.027 0.0220403427945
0.027 0.0210379696889
0.027 0.0200355965834
0.027 0.0190332234778
0.027 0.0180308503723
0.027 0.0170284772667
0.027 0.0160261041611
0.027 0.0150237310556
0.027 0.01402135795
0.027 0.0130189848445
0.027 0.0120166117389
0.027 0.0110142386334
0.027 0.0100118655278
0.027 0.00900949242224
0.027 0.00800711931668
0.027 0.00700474621112
0.027 0.00600237310556
0.027 0.005
0.027 0.005
0.026 0.005
0.025 0.005
0.025 0.005
0.025 0.00598179754523
0.025 0.00696359509046
0.025 0.0079453926357
0.025 0.00892719018093
0.025 0.00990898772616
0.025 0.0108907852714
0.025 0.0118725828166
0.025 0.0128543803619
0.025 0.0138361779071
0.025 0.0138361779071
0.024 0.0138361779071
0.024 0.0138361779071
0.024 0.0128543803619
0.024 0.0118725828166
0.024 0.0108907852714
0.024 0.00990898772616
0.024 0.00892719018093
0.024 0.0079453926357
0.024 0.00696359509046
0.024 0.00598179754523
0.024 0.005
0.024 0.005
0.023 0.005
0.022 0.005
0.022 0.005
0.022 0.00596645518443
0.022 0.00693291036885
0.022 0.00789936555328
0.022 0.00886582073771
0.022 0.00983227592214
0.022 0.0107987311066
0.022 0.011765186291
0.022 0.0127316414754
0.022 0.0136980966598
0.022 0.0146645518443
0.022 0.0156310070287
0.022 0.0165974622131
0.022 0.0165974622131
0.021 0.0165974622131
0.021 0.0165974622131
0.021 0.0156310070287
0.021 0.0146645518443
0.021 0.0136980966598
0.021 0.0127316414754
0.021 0.011765186291
0.021 0.0107987311066
0.021 0.00983227592214
0.021 0.00886582073771
0.021 0.00789936555328
0.021 0.00693291036885
0.021 0.00596645518443
0.021 0.005
0.021 0.005
0.02 0.005
0.019 0.005
0.019 0.005
0.019 0.00599545414308
0.019 0.00699090828617
0.019 0.00798636242925
0.019 0.00898181657233
0.019 0.00997727071542
0.019 0.0109727248585
0.019 0.0119681790016
0.019 0.0129636331447
0.019 0.0139590872878
0.019 0.0149545414308
0.019 0.0159499955739
0.019 0.016945449717
0.019 0.0179409038601
0.019 0.0189363580032
0.019 0.0199318121463
0.019 0.0209272662893
0.019 0.0219227204324
0.019 0.0229181745755
0.019 0.0229181745755
0.018 0.0229181745755
0.018 0.0229181745755
0.018 0.0219227204324
0.018 0.0209272662893
0.018 0.0199318121463
0.018 0.0189363580032
0.018 0.0179409038601
0.018 0.016945449717
0.018 0.0159499955739
0.018 0.0149545414308
0.018 0.0139590872878
0.018 0.0129636331447
0.018 0.0119681790016
0.018 0.0109727248585
0.018 0.00997727071542
0.018 0.00898181657233
0.018 0.00798636242925
0.018 0.00699090828617
0.018 0.00599545414308
0.018 0.005
0.018 0.005
0.017 0.005
0.016 0.005
0.016 0.005
0.016 0.00602005588714
0.016 0.00704011177427
0.016 0.00806016766141
0.016 0.00908022354855
0.016 0.0101002794357
0.016 0.0111203353228
0.016 0.01214039121
0.016 0.0131604470971
0.016 0.0141805029842
0.016 0.0152005588714
0.016 0.0162206147585
0.016 0.0172406706456
0.016 0.0182607265328
0.016 0.0192807824199
0.016 0.0203008383071
0.016 0.0213208941942
0.016 0.0223409500813
0.016 0.0223409500813
0.015 0.0223409500813
0.015 0.0223409500813
0.015 0.0213208941942
0.015 0.0203008383071
0.015 0.0192807824199
0.015 0.0182607265328
0.015 0.0172406706456
0.015 0.0162206147585
0.015 0.0152005588714
0.015 0.0141805029842
0.015 0.0131604470971
0.015 0.01214039121
0.015 0.0111203353228
0.015 0.0101002794357
0.015 0.00908022354855
0.015 0.00806016766141
0.015 0.00704011177427
0.015 0.00602005588714
0.015 0.005
0.015 0.005
0.014 0.005
0.013 0.005
0.013 0.005
0.013 0.00602681730711
0.013 0.00705363461423
0.013 0.00808045192134
0.013 0.00910726922845
0.013 0.0101340865356
0.013 0.0101340865356
0.012 0.0101340865356
0.012 0.0101340865356
0.012 0.00910726922845
0.012 0.00808045192134
0.012 0.00705363461423
0.012 0.00602681730711
0.012 0.005
0.012 0.005
0.011 0.005
0.01 0.005
0.01 0.005
0.01 0.0060101203122
0.01 0.00702024062441
0.01 0.00803036093661
0.01 0.00904048124881
0.01 0.010050601561
0.01 0.0110607218732
0.01 0.0120708421854
0.01 0.0130809624976
0.01 0.0140910828098
0.01 0.015101203122
0.01 0.0161113234342
0.01 0.0171214437464
0.01 0.0181315640586
0.01 0.0191416843708
0.01 0.020151804683
0.01 0.0211619249952
0.01 0.0221720453074
0.01 0.0231821656196
0.01 0.0241922859319
0.01 0.0241922859319
0.009 0.0241922859319
0.009 0.0241922859319
0.009 0.0231821656196
0.009 0.0221720453074
0.009 0.0211619249952
0.009 0.020151804683
0.009 0.0191416843708
0.009 0.0181315640586
0.009 0.0171214437464
0.009 0.0161113234342
0.009 0.015101203122
0.009 0.0140910828098
0.009 0.0130809624976
0.009 0.0120708421854
0.009 0.0110607218732
0.009 0.010050601561
0.009 0.00904048124881
0.009 0.00803036093661
0.009 0.00702024062441
0.009 0.0060101203122
0.009 0.005
0.009 0.005
0.008 0.005
0.007 0.005
0.007 0.005
0.007 0.00598319427042
0.007 0.00696638854084
0.007 0.00794958281127
0.007 0.00893277708169
0.007 0.00991597135211
0.007 0.0108991656225
0.007 0.011882359893
0.007 0.0128655541634
0.007 0.0138487484338
0.007 0.0148319427042
0.007 0.0148319427042
0.006 0.0148319427042
0.006 0.0148319427042
0.006 0.0138487484338
0.006 0.0128655541634
0.006 0.011882359893
0.006 0.0108991656225
0.006 0.00991597135211
0.006 0.00893277708169
0.006 0.00794958281127
0.006 0.00696638854084
0.006 0.00598319427042
0.006 0.005
0.006 0.005
0.005 0.005
0.004 0.005
0.004 0.005
0.004 0.00602761975916
0.004 0.00705523951833
0.004 0.00808285927749
0.004 0.00911047903666
0.004 0.0101380987958
0.004 0.011165718555
0.004 0.011165718555
0.003 0.011165718555
0.003 0.011165718555
0.003 0.0101380987958
0.003 0.00911047903666
0.003 0.00808285927749
0.003 0.00705523951833
0.003 0.00602761975916
0.003 0.005
0.003 0.005
0.002 0.005
0.001 0.005
0.001 0.005
0.001 0.00599200504212
0.001 0.00698401008425
0.001 0.00797601512637
0.001 0.0089680201685
0.001 0.00996002521062
0.001 0.0109520302527
0.001 0.0119440352949
0.001 0.012936040337
0.001 0.0139280453791
0.001 0.0149200504212
0.001 0.0159120554634
0.001 0.0169040605055
0.001 0.0178960655476
0.001 0.0188880705897
0.001 0.0198800756319
0.001 0.020872080674
0.001 0.0218640857161
0.001 0.0228560907582
0.001 0.0238480958004
0.001 0.0248401008425
0.001 0.0248401008425
0 0.0248401008425
0 0.0248401008425
0 0.0238464968088
0 0.0228528927751
0 0.0218592887414
0 0.0208656847077
0 0.019872080674
0 0.0188784766403
0 0.0178848726066
0 0.0168912685729
0 0.0158976645392
0 0.0149040605055
0 0.0139104564718
0 0.0129168524381
0 0.0119232484044
0 0.0109296443707
0 0.009936040337
0 0.0089424363033
0 0.0079488322696
0 0.0069552282359
0 0.0059616242022
0 0.0049680201685
0 0.0039744161348
0 0.0029808121011
0 0.0019872080674
0 0.0009936040337
0 3.46944695195e-18
332
1 2 3
2 3 3
3 4 3
4 5 3
5 6 3
6 7 3
7 8 3
8 9 3
9 10 3
10 11 3
11 12 3
12 13 3
13 14 3
14 15 3
15 16 3
16 17 3
17 18 3
18 19 3
19 20 3
20 21 3
21 22 3
22 23 3
23 24 3
24 25 3
25 26 3
26 27 3
27 28 3
28 29 3
30 31 1
31 32 1
32 33 1
33 34 1
34 35 1
35 36 1
36 37 1
37 38 1
38 39 1
39 40 1
40 41 1
41 42 1
42 43 1
43 44 1
44 45 1
45 46 1
46 47 1
47 48 1
48 49 1
49 50 1
50 51 1
51 52 1
53 54 2
55 56 2
56 57 2
57 58 2
58 59 2
59 60 2
60 61 2
61 62 2
62 63 2
63 64 2
64 65 2
65 66 2
66 67 2
67 68 2
68 69 2
69 70 2
70 71 2
71 72 2
73 74 2
74 75 2
76 77 2
77 78 2
78 79 2
79 80 2
80 81 2
81 82 2
82 83 2
83 84 2
84 85 2
86 87 2
88 89 2
89 90 2
90 91 2
91 92 2
92 93 2
93 94 2
94 95 2
95 96 2
96 97 2
98 99 2
99 100 2
101 102 2
102 103 2
103 104 2
104 105 2
105 106 2
106 107 2
107 108 2
108 109 2
109 110 2
110 111 2
111 112 2
112 113 2
114 115 2
116 117 2
117 118 2
118 119 2
119 120 2
120 121 2
121 122 2
122 123 2
123 124 2
124 125 2
125 126 2
126 127 2
127 128 2
129 130 2
130 131 2
132 133 2
133 134 2
134 135 2
135 136 2
136 137 2
137 138 2
138 139 2
139 140 2
140 141 2
141 142 2
142 143 2
143 144 2
144 145 2
145 146 2
146 147 2
147 148 2
148 149 2
149 150 2
151 152 2
153 154 2
154 155 2
155 156 2
156 157 2
157 158 2
158 159 2
159 160 2
160 161 2
161 162 2
162 163 2
163 164 2
164 165 2
165 166 2
166 167 2
167 168 2
168 169 2
169 170 2
170 171 2
172 173 2
173 174 2
175 176 2
176 177 2
177 178 2
178 179 2
179 180 2
180 181 2
181 182 2
182 183 2
183 184 2
184 185 2
185 186 2
186 187 2
187 188 2
188 189 2
189 190 2
190 191 2
191 192 2
193 194 2
195 196 2
196 197 2
197 198 2
198 199 2
199 200 2
200 201 2
201 202 2
202 203 2
203 204 2
204 205 2
205 206 2
206 207 2
207 208 2
208 209 2
209 210 2
210 211 2
211 212 2
213 214 2
214 215 2
216 217 2
217 218 2
218 219 2
219 220 2
220 221 2
222 223 2
224 225 2
225 226 2
226 227 2
227 228 2
228 229 2
230 231 2
231 232 2
233 234 2
234 235 2
235 236 2
236 237 2
237 238 2
238 239 2
239 240 2
240 241 2
241 242 2
242 243 2
243 244 2
244 245 2
245 246 2
246 247 2
247 248 2
248 249 2
249 250 2
250 251 2
251 252 2
253 254 2
255 256 2
256 257 2
257 258 2
258 259 2
259 260 2
260 261 2
261 262 2
262 263 2
263 264 2
264 265 2
265 266 2
266 267 2
267 268 2
268 269 2
269 270 2
270 271 2
271 272 2
272 273 2
273 274 2
275 276 2
276 277 2
278 279 2
279 280 2
280 281 2
281 282 2
282 283 2
283 284 2
284 285 2
285 286 2
286 287 2
287 288 2
289 290 2
291 292 2
292 293 2
293 294 2
294 295 2
295 296 2
296 297 2
297 298 2
298 299 2
299 300 2
300 301 2
302 303 2
303 304 2
305 306 2
306 307 2
307 308 2
308 309 2
309 310 2
310 311 2
312 313 2
314 315 2
315 316 2
316 317 2
317 318 2
318 319 2
319 320 2
321 322 2
322 323 2
324 325 2
325 326 2
326 327 2
327 328 2
328 329 2
329 330 2
330 331 2
331 332 2
332 333 2
333 334 2
334 335 2
335 336 2
336 337 2
337 338 2
338 339 2
339 340 2
340 341 2
341 342 2
342 343 2
343 344 2
345 346 2
347 348 1
348 349 1
349 350 1
350 351 1
351 352 1
352 353 1
353 354 1
354 355 1
355 356 1
356 357 1
357 358 1
358 359 1
359 360 1
360 361 1
361 362 1
362 363 1
363 364 1
364 365 1
365 366 1
366 367 1
367 368 1
368 369 1
369 370 1
370 371 1
371 372 1
30
0.014 0.0005
0.014 0.000637931034483
0.014 0.000775862068966
0.014 0.000913793103448
0.014 0.00105172413793
0.014 0.00118965517241
0.014 0.0013275862069
0.014 0.00146551724138
0.014 0.00160344827586
0.014 0.00174137931034
0.014 0.00187931034483
0.014 0.00201724137931
0.014 0.00215517241379
0.014 0.00229310344828
0.014 0.00243103448276
0.014 0.00256896551724
0.014 0.00270689655172
0.014 0.00284482758621
0.014 0.00298275862069
0.014 0.00312068965517
0.014 0.00325862068966
0.014 0.00339655172414
0.014 0.00353448275862
0.014 0.0036724137931
0.014 0.00381034482759
0.014 0.00394827586207
0.014 0.00408620689655
0.014 0.00422413793103
0.014 0.00436206896552
0.014 0.0045
