50
50
3
1 0
2 60
1 -23292
358
0 0
0.001 0
0.002 0
0.003 0
0.004 0
0.005 0
0.006 0
0.007 0
0.008 0
0.009 0
0.01 0
0.011 0
0.012 0
0.013 0
0.014 0
0.015 0
0.016 0
0.017 0
0.018 0
0.019 0
0.02 0
0.021 0
0.022 0
0.023 0
0.024 0
0.025 0
0.026 0
0.027 0
0.028 0
0.028 0
0.028 0.00101440129424
0.028 0.00202880258848
0.028 0.00304320388272
0.028 0.00405760517696
0.028 0.0050720064712
0.028 0.00608640776544
0.028 0.00710080905968
0.028 0.00811521035392
0.028 0.00912961164816
0.028 0.0101440129424
0.028 0.0111584142366
0.028 0.0121728155309
0.028 0.0131872168251
0.028 0.0142016181194
0.028 0.0152160194136
0.028 0.0162304207078
0.028 0.0172448220021
0.028 0.0182592232963
0.028 0.0192736245906
0.028 0.0202880258848
0.028 0.021302427179
0.028 0.0223168284733
0.028 0.0223168284733
0.027 0.0223168284733
0.027 0.0223168284733
0.027 0.0212981915043
0.027 0.0202795545353
0.027 0.0192609175662
0.027 0.0182422805972
0.027 0.0172236436282
0.027 0.0162050066592
0.027 0.0151863696902
0.027 0.0141677327212
0.027 0.0131490957521
0.027 0.0121304587831
0.027 0.0111118218141
0.027 0.0100931848451
0.027 0.00907454787607
0.027 0.00805591090705
0.027 0.00703727393803
0.027 0.00601863696902
0.027 0.005
0.027 0.005
0.026 0.005
0.025 0.005
0.025 0.005
0.025 0.0060668145346
0.025 0.0071336290692
0.025 0.0082004436038
0.025 0.00926725813839
0.025 0.010334072673
0.025 0.010334072673
0.024 0.010334072673
0.024 0.010334072673
0.024 0.00926725813839
0.024 0.0082004436038
0.024 0.0071336290692
0.024 0.0060668145346
0.024 0.005
0.024 0.005
0.023 0.005
0.022 0.005
0.022 0.005
0.022 0.00598221537296
0.022 0.00696443074593
0.022 0.00794664611889
0.022 0.00892886149185
0.022 0.00991107686482
0.022 0.0108932922378
0.022 0.0118755076107
0.022 0.0128577229837
0.022 0.0138399383567
0.022 0.0148221537296
0.022 0.0158043691026
0.022 0.0167865844756
0.022 0.0177687998485
0.022 0.0187510152215
0.022 0.0197332305944
0.022 0.0207154459674
0.022 0.0216976613404
0.022 0.0226798767133
0.022 0.0236620920863
0.022 0.0236620920863
0.021 0.0236620920863
0.021 0.0236620920863
0.021 0.0226798767133
0.021 0.0216976613404
0.021 0.0207154459674
0.021 0.0197332305944
0.021 0.0187510152215
0.021 0.0177687998485
0.021 0.0167865844756
0.021 0.0158043691026
0.021 0.0148221537296
0.021 0.0138399383567
0.021 0.0128577229837
0.021 0.0118755076107
0.021 0.0108932922378
0.021 0.00991107686482
0.021 0.00892886149185
0.021 0.00794664611889
0.021 0.00696443074593
0.021 0.00598221537296
0.021 0.005
0.021 0.005
0.02 0.005
0.019 0.005
0.019 0.005
0.019 0.00599222173009
0.019 0.00698444346018
0.019 0.00797666519026
0.019 0.00896888692035
0.019 0.00996110865044
0.019 0.0109533303805
0.019 0.0119455521106
0.019 0.0129377738407
0.019 0.0139299955708
0.019 0.0139299955708
0.018 0.0139299955708
0.018 0.0139299955708
0.018 0.0129377738407
0.018 0.0119455521106
0.018 0.0109533303805
0.018 0.00996110865044
0.018 0.00896888692035
0.018 0.00797666519026
0.018 0.00698444346018
0.018 0.00599222173009
0.018 0.005
0.018 0.005
0.017 0.005
0.016 0.005
0.016 0.005
0.016 0.00602726393456
0.016 0.00705452786912
0.016 0.00808179180368
0.016 0.00910905573824
0.016 0.0101363196728
0.016 0.0111635836074
0.016 0.0121908475419
0.016 0.0132181114765
0.016 0.014245375411
0.016 0.0152726393456
0.016 0.0162999032802
0.016 0.0162999032802
0.015 0.0162999032802
0.015 0.0162999032802
0.015 0.0152726393456
0.015 0.014245375411
0.015 0.0132181114765
0.015 0.0121908475419
0.015 0.0111635836074
0.015 0.0101363196728
0.015 0.00910905573824
0.015 0.00808179180368
0.015 0.00705452786912
0.015 0.00602726393456
0.015 0.005
0.015 0.005
0.014 0.005
0.013 0.005
0.013 0.005
0.013 0.00602565905301
0.013 0.00705131810602
0.013 0.00807697715903
0.013 0.00910263621203
0.013 0.010128295265
0.013 0.0111539543181
0.013 0.0121796133711
0.013 0.0132052724241
0.013 0.0142309314771
0.013 0.0152565905301
0.013 0.0162822495831
0.013 0.0173079086361
0.013 0.0173079086361
0.012 0.0173079086361
0.012 0.0173079086361
0.012 0.0162822495831
0.012 0.0152565905301
0.012 0.0142309314771
0.012 0.0132052724241
0.012 0.0121796133711
0.012 0.0111539543181
0.012 0.010128295265
0.012 0.00910263621203
0.012 0.00807697715903
0.012 0.00705131810602
0.012 0.00602565905301
0.012 0.005
0.012 0.005
0.011 0.005
0.01 0.005
0.01 0.005
0.01 0.00598267369702
0.01 0.00696534739404
0.01 0.00794802109106
0.01 0.00893069478808
0.01 0.0099133684851
0.01 0.0108960421821
0.01 0.0118787158791
0.01 0.0128613895762
0.01 0.0138440632732
0.01 0.0148267369702
0.01 0.0158094106672
0.01 0.0167920843642
0.01 0.0177747580613
0.01 0.0187574317583
0.01 0.0197401054553
0.01 0.0207227791523
0.01 0.0217054528493
0.01 0.0217054528493
0.009 0.0217054528493
0.009 0.0217054528493
0.009 0.0207227791523
0.009 0.0197401054553
0.009 0.0187574317583
0.009 0.0177747580613
0.009 0.0167920843642
0.009 0.0158094106672
0.009 0.0148267369702
0.009 0.0138440632732
0.009 0.0128613895762
0.009 0.0118787158791
0.009 0.0108960421821
0.009 0.0099133684851
0.009 0.00893069478808
0.009 0.00794802109106
0.009 0.00696534739404
0.009 0.00598267369702
0.009 0.005
0.009 0.005
0.008 0.005
0.007 0.005
0.007 0.005
0.007 0.00603186394822
0.007 0.00706372789644
0.007 0.00809559184465
0.007 0.00912745579287
0.007 0.0101593197411
0.007 0.0111911836893
0.007 0.0122230476375
0.007 0.0132549115857
0.007 0.014286775534
0.007 0.0153186394822
0.007 0.0163505034304
0.007 0.0173823673786
0.007 0.0184142313268
0.007 0.0184142313268
0.006 0.0184142313268
0.006 0.0184142313268
0.006 0.0173823673786
0.006 0.0163505034304
0.006 0.0153186394822
0.006 0.014286775534
0.006 0.0132549115857
0.006 0.0122230476375
0.006 0.0111911836893
0.006 0.0101593197411
0.006 0.00912745579287
0.006 0.00809559184465
0.006 0.00706372789644
0.006 0.00603186394822
0.006 0.005
0.006 0.005
0.005 0.005
0.004 0.005
0.004 0.005
0.004 0.00599364130537
0.004 0.00698728261074
0.004 0.00798092391611
0.004 0.00897456522148
0.004 0.00996820652685
0.004 0.0109618478322
0.004 0.0119554891376
0.004 0.012949130443
0.004 0.0139427717483
0.004 0.0149364130537
0.004 0.0159300543591
0.004 0.0169236956644
0.004 0.0169236956644
0.003 0.0169236956644
0.003 0.0169236956644
0.003 0.0159300543591
0.003 0.0149364130537
0.003 0.0139427717483
0.003 0.012949130443
0.003 0.0119554891376
0.003 0.0109618478322
0.003 0.00996820652685
0.003 0.00897456522148
0.003 0.00798092391611
0.003 0.00698728261074
0.003 0.00599364130537
0.003 0.005
0.003 0.005
0.002 0.005
0.001 0.005
0.001 0.005
0.001 0.0059930212671
0.001 0.00698604253419
0.001 0.00797906380129
0.001 0.00897208506838
0.001 0.00996510633548
0.001 0.0109581276026
0.001 0.0119511488697
0.001 0.0129441701368
0.001 0.0139371914039
0.001 0.014930212671
0.001 0.0159232339381
0.001 0.0159232339381
0 0.0159232339381
0 0.0159232339381
0 0.0149280318169
0 0.0139328296958
0 0.0129376275747
0 0.0119424254535
0 0.0109472233324
0 0.00995202121128
0 0.00895681909015
0 0.00796161696903
0 0.0069664148479
0 0.00597121272677
0 0.00497601060564
0 0.00398080848451
0 0.00298560636338
0 0.00199040424226
0 0.000995202121128
0 0
318
1 2 3
2 3 3
3 4 3
4 5 3
5 6 3
6 7 3
7 8 3
8 9 3
9 10 3
10 11 3
11 12 3
12 13 3
13 14 3
14 15 3
15 16 3
16 17 3
17 18 3
18 19 3
19 20 3
20 21 3
21 22 3
22 23 3
23 24 3
24 25 3
25 26 3
26 27 3
27 28 3
28 29 3
30 31 1
31 32 1
32 33 1
33 34 1
34 35 1
35 36 1
36 37 1
37 38 1
38 39 1
39 40 1
40 41 1
41 42 1
42 43 1
43 44 1
44 45 1
45 46 1
46 47 1
47 48 1
48 49 1
49 50 1
50 51 1
51 52 1
53 54 2
55 56 2
56 57 2
57 58 2
58 59 2
59 60 2
60 61 2
61 62 2
62 63 2
63 64 2
64 65 2
65 66 2
66 67 2
67 68 2
68 69 2
69 70 2
70 71 2
71 72 2
73 74 2
74 75 2
76 77 2
77 78 2
78 79 2
79 80 2
80 81 2
82 83 2
84 85 2
85 86 2
86 87 2
87 88 2
88 89 2
90 91 2
91 92 2
93 94 2
94 95 2
95 96 2
96 97 2
97 98 2
98 99 2
99 100 2
100 101 2
101 102 2
102 103 2
103 104 2
104 105 2
105 106 2
106 107 2
107 108 2
108 109 2
109 110 2
110 111 2
111 112 2
113 114 2
115 116 2
116 117 2
117 118 2
118 119 2
119 120 2
120 121 2
121 122 2
122 123 2
123 124 2
124 125 2
125 126 2
126 127 2
127 128 2
128 129 2
129 130 2
130 131 2
131 132 2
132 133 2
133 134 2
135 136 2
136 137 2
138 139 2
139 140 2
140 141 2
141 142 2
142 143 2
143 144 2
144 145 2
145 146 2
146 147 2
148 149 2
150 151 2
151 152 2
152 153 2
153 154 2
154 155 2
155 156 2
156 157 2
157 158 2
158 159 2
160 161 2
161 162 2
163 164 2
164 165 2
165 166 2
166 167 2
167 168 2
168 169 2
169 170 2
170 171 2
171 172 2
172 173 2
173 174 2
175 176 2
177 178 2
178 179 2
179 180 2
180 181 2
181 182 2
182 183 2
183 184 2
184 185 2
185 186 2
186 187 2
187 188 2
189 190 2
190 191 2
192 193 2
193 194 2
194 195 2
195 196 2
196 197 2
197 198 2
198 199 2
199 200 2
200 201 2
201 202 2
202 203 2
203 204 2
205 206 2
207 208 2
208 209 2
209 210 2
210 211 2
211 212 2
212 213 2
213 214 2
214 215 2
215 216 2
216 217 2
217 218 2
218 219 2
220 221 2
221 222 2
223 224 2
224 225 2
225 226 2
226 227 2
227 228 2
228 229 2
229 230 2
230 231 2
231 232 2
232 233 2
233 234 2
234 235 2
235 236 2
236 237 2
237 238 2
238 239 2
239 240 2
241 242 2
243 244 2
244 245 2
245 246 2
246 247 2
247 248 2
248 249 2
249 250 2
250 251 2
251 252 2
252 253 2
253 254 2
254 255 2
255 256 2
256 257 2
257 258 2
258 259 2
259 260 2
261 262 2
262 263 2
264 265 2
265 266 2
266 267 2
267 268 2
268 269 2
269 270 2
270 271 2
271 272 2
272 273 2
273 274 2
274 275 2
275 276 2
276 277 2
278 279 2
280 281 2
281 282 2
282 283 2
283 284 2
284 285 2
285 286 2
286 287 2
287 288 2
288 289 2
289 290 2
290 291 2
291 292 2
292 293 2
294 295 2
295 296 2
297 298 2
298 299 2
299 300 2
300 301 2
301 302 2
302 303 2
303 304 2
304 305 2
305 306 2
306 307 2
307 308 2
308 309 2
310 311 2
312 313 2
313 314 2
314 315 2
315 316 2
316 317 2
317 318 2
318 319 2
319 320 2
320 321 2
321 322 2
322 323 2
323 324 2
325 326 2
326 327 2
328 329 2
329 330 2
330 331 2
331 332 2
332 333 2
333 334 2
334 335 2
335 336 2
336 337 2
337 338 2
338 339 2
340 341 2
342 343 1
343 344 1
344 345 1
345 346 1
346 347 1
347 348 1
348 349 1
349 350 1
350 351 1
351 352 1
352 353 1
353 354 1
354 355 1
355 356 1
356 357 1
357 358 1
30
0.014 0.0005
0.014 0.000637931034483
0.014 0.000775862068966
0.014 0.000913793103448
0.014 0.00105172413793
0.014 0.00118965517241
0.014 0.0013275862069
0.014 0.00146551724138
0.014 0.00160344827586
0.014 0.00174137931034
0.014 0.00187931034483
0.014 0.00201724137931
0.014 0.00215517241379
0.014 0.00229310344828
0.014 0.00243103448276
0.014 0.00256896551724
0.014 0.00270689655172
0.014 0.00284482758621
0.014 0.00298275862069
0.014 0.00312068965517
0.014 0.00325862068966
0.014 0.00339655172414
0.014 0.00353448275862
0.014 0.0036724137931
0.014 0.00381034482759
0.014 0.00394827586207
0.014 0.00408620689655
0.014 0.00422413793103
0.014 0.00436206896552
0.014 0.0045
