%_node_ ______x1_____ ______x2_____ ______T______ ______q______
      1 +0.000000e+00 +0.000000e+00 +9.889385e+01 -2.329200e+04
      2 +1.000000e-03 +0.000000e+00 +9.889186e+01 -2.329200e+04
      3 +2.000000e-03 +0.000000e+00 +9.888598e+01 -2.329200e+04
      4 +3.000000e-03 +0.000000e+00 +9.887631e+01 -2.329200e+04
      5 +4.000000e-03 +0.000000e+00 +9.886370e+01 -2.329200e+04
      6 +5.000000e-03 +0.000000e+00 +9.884943e+01 -2.329200e+04
      7 +6.000000e-03 +0.000000e+00 +9.883462e+01 -2.329200e+04
      8 +7.000000e-03 +0.000000e+00 +9.881933e+01 -2.329200e+04
      9 +8.000000e-03 +0.000000e+00 +9.880181e+01 -2.329200e+04
     10 +9.000000e-03 +0.000000e+00 +9.877925e+01 -2.329200e+04
     11 +1.000000e-02 +0.000000e+00 +9.875018e+01 -2.329200e+04
     12 +1.100000e-02 +0.000000e+00 +9.871645e+01 -2.329200e+04
     13 +1.200000e-02 +0.000000e+00 +9.868317e+01 -2.329200e+04
     14 +1.300000e-02 +0.000000e+00 +9.865674e+01 -2.329200e+04
     15 +1.400000e-02 +0.000000e+00 +9.864227e+01 -2.329200e+04
     16 +1.500000e-02 +0.000000e+00 +9.864255e+01 -2.329200e+04
     17 +1.600000e-02 +0.000000e+00 +9.865845e+01 -2.329200e+04
     18 +1.700000e-02 +0.000000e+00 +9.868903e+01 -2.329200e+04
     19 +1.800000e-02 +0.000000e+00 +9.873199e+01 -2.329200e+04
     20 +1.900000e-02 +0.000000e+00 +9.878428e+01 -2.329200e+04
     21 +2.000000e-02 +0.000000e+00 +9.884222e+01 -2.329200e+04
     22 +2.100000e-02 +0.000000e+00 +9.890183e+01 -2.329200e+04
     23 +2.200000e-02 +0.000000e+00 +9.895956e+01 -2.329200e+04
     24 +2.300000e-02 +0.000000e+00 +9.901262e+01 -2.329200e+04
     25 +2.400000e-02 +0.000000e+00 +9.905892e+01 -2.329200e+04
     26 +2.500000e-02 +0.000000e+00 +9.909692e+01 -2.329200e+04
     27 +2.600000e-02 +0.000000e+00 +9.912522e+01 -2.329200e+04
     28 +2.700000e-02 +0.000000e+00 +9.914264e+01 -2.329200e+04
     29 +2.800000e-02 +0.000000e+00 +9.914821e+01 -2.329200e+04
     30 +2.800000e-02 +0.000000e+00 +9.914821e+01 +0.000000e+00
     31 +2.800000e-02 +1.013665e-03 +9.868163e+01 +0.000000e+00
     32 +2.800000e-02 +2.027330e-03 +9.822713e+01 +0.000000e+00
     33 +2.800000e-02 +3.040996e-03 +9.778181e+01 +0.000000e+00
     34 +2.800000e-02 +4.054661e-03 +9.732963e+01 +0.000000e+00
     35 +2.800000e-02 +5.068326e-03 +9.680720e+01 +0.000000e+00
     36 +2.800000e-02 +6.081991e-03 +9.618379e+01 +0.000000e+00
     37 +2.800000e-02 +7.095657e-03 +9.556862e+01 +0.000000e+00
     38 +2.800000e-02 +8.109322e-03 +9.500441e+01 +0.000000e+00
     39 +2.800000e-02 +9.122987e-03 +9.449535e+01 +0.000000e+00
     40 +2.800000e-02 +1.013665e-02 +9.404159e+01 +0.000000e+00
     41 +2.800000e-02 +1.115032e-02 +9.364277e+01 +0.000000e+00
     42 +2.800000e-02 +1.216398e-02 +9.329845e+01 +0.000000e+00
     43 +2.800000e-02 +1.317765e-02 +9.300822e+01 +0.000000e+00
     44 +2.800000e-02 +1.419131e-02 +9.277168e+01 +0.000000e+00
     45 +2.800000e-02 +1.520498e-02 +9.258843e+01 +0.000000e+00
     46 +2.800000e-02 +1.621864e-02 +9.245781e+01 +0.000000e+00
     47 +2.800000e-02 +1.723231e-02 +9.238061e+01 +0.000000e+00
     48 +2.800000e-02 +1.723231e-02 +9.238061e+01 +2.542837e+03
     49 +2.700000e-02 +1.723231e-02 +9.235546e+01 +2.541328e+03
     50 +2.700000e-02 +1.723231e-02 +9.235546e+01 +2.541328e+03
     51 +2.700000e-02 +1.621295e-02 +9.243273e+01 +2.545964e+03
     52 +2.700000e-02 +1.519359e-02 +9.256412e+01 +2.553847e+03
     53 +2.700000e-02 +1.417423e-02 +9.274894e+01 +2.564937e+03
     54 +2.700000e-02 +1.315487e-02 +9.298770e+01 +2.579262e+03
     55 +2.700000e-02 +1.213551e-02 +9.328075e+01 +2.596845e+03
     56 +2.700000e-02 +1.111615e-02 +9.362846e+01 +2.617707e+03
     57 +2.700000e-02 +1.009680e-02 +9.403125e+01 +2.641875e+03
     58 +2.700000e-02 +9.077436e-03 +9.448959e+01 +2.669376e+03
     59 +2.700000e-02 +8.058077e-03 +9.500391e+01 +2.700235e+03
     60 +2.700000e-02 +7.038718e-03 +9.557453e+01 +2.734472e+03
     61 +2.700000e-02 +6.019359e-03 +9.620318e+01 +2.772191e+03
     62 +2.700000e-02 +5.000000e-03 +9.695156e+01 +2.817094e+03
     63 +2.700000e-02 +5.000000e-03 +9.695156e+01 +2.817094e+03
     64 +2.600000e-02 +5.000000e-03 +9.716189e+01 +2.829714e+03
     65 +2.500000e-02 +5.000000e-03 +9.675298e+01 +2.805179e+03
     66 +2.500000e-02 +5.000000e-03 +9.675298e+01 +2.805179e+03
     67 +2.500000e-02 +6.022591e-03 +9.557671e+01 +2.734602e+03
     68 +2.500000e-02 +7.045182e-03 +9.454909e+01 +2.672945e+03
     69 +2.500000e-02 +8.067773e-03 +9.362692e+01 +2.617615e+03
     70 +2.500000e-02 +9.090364e-03 +9.281174e+01 +2.568704e+03
     71 +2.500000e-02 +1.011295e-02 +9.210249e+01 +2.526149e+03
     72 +2.500000e-02 +1.113555e-02 +9.149761e+01 +2.489857e+03
     73 +2.500000e-02 +1.215814e-02 +9.099566e+01 +2.459740e+03
     74 +2.500000e-02 +1.318073e-02 +9.059541e+01 +2.435724e+03
     75 +2.500000e-02 +1.420332e-02 +9.029580e+01 +2.417748e+03
     76 +2.500000e-02 +1.522591e-02 +9.009585e+01 +2.405751e+03
     77 +2.500000e-02 +1.624850e-02 +8.999780e+01 +2.399868e+03
     78 +2.500000e-02 +1.624850e-02 +8.999780e+01 +2.399868e+03
     79 +2.400000e-02 +1.624850e-02 +8.999813e+01 +2.399888e+03
     80 +2.400000e-02 +1.624850e-02 +8.999813e+01 +2.399888e+03
     81 +2.400000e-02 +1.522591e-02 +9.009573e+01 +2.405744e+03
     82 +2.400000e-02 +1.420332e-02 +9.029547e+01 +2.417728e+03
     83 +2.400000e-02 +1.318073e-02 +9.059502e+01 +2.435701e+03
     84 +2.400000e-02 +1.215814e-02 +9.099526e+01 +2.459716e+03
     85 +2.400000e-02 +1.113555e-02 +9.149720e+01 +2.489832e+03
     86 +2.400000e-02 +1.011295e-02 +9.210207e+01 +2.526124e+03
     87 +2.400000e-02 +9.090364e-03 +9.281134e+01 +2.568680e+03
     88 +2.400000e-02 +8.067773e-03 +9.362659e+01 +2.617595e+03
     89 +2.400000e-02 +7.045182e-03 +9.454910e+01 +2.672946e+03
     90 +2.400000e-02 +6.022591e-03 +9.557677e+01 +2.734606e+03
     91 +2.400000e-02 +5.000000e-03 +9.672050e+01 +2.803230e+03
     92 +2.400000e-02 +5.000000e-03 +9.672050e+01 +2.803230e+03
     93 +2.300000e-02 +5.000000e-03 +9.700138e+01 +2.820083e+03
     94 +2.200000e-02 +5.000000e-03 +9.659215e+01 +2.795529e+03
     95 +2.200000e-02 +5.000000e-03 +9.659215e+01 +2.795529e+03
     96 +2.200000e-02 +5.971133e-03 +9.550172e+01 +2.730103e+03
     97 +2.200000e-02 +6.942267e-03 +9.455442e+01 +2.673265e+03
     98 +2.200000e-02 +7.913400e-03 +9.370238e+01 +2.622143e+03
     99 +2.200000e-02 +8.884534e-03 +9.294791e+01 +2.576875e+03
    100 +2.200000e-02 +9.855667e-03 +9.229050e+01 +2.537430e+03
    101 +2.200000e-02 +1.082680e-02 +9.172892e+01 +2.503735e+03
    102 +2.200000e-02 +1.179793e-02 +9.126194e+01 +2.475716e+03
    103 +2.200000e-02 +1.276907e-02 +9.088849e+01 +2.453310e+03
    104 +2.200000e-02 +1.374020e-02 +9.060772e+01 +2.436463e+03
    105 +2.200000e-02 +1.471133e-02 +9.041887e+01 +2.425132e+03
    106 +2.200000e-02 +1.568247e-02 +9.032503e+01 +2.419502e+03
    107 +2.200000e-02 +1.568247e-02 +9.032503e+01 +2.419502e+03
    108 +2.100000e-02 +1.568247e-02 +9.032453e+01 +2.419472e+03
    109 +2.100000e-02 +1.568247e-02 +9.032453e+01 +2.419472e+03
    110 +2.100000e-02 +1.471133e-02 +9.041890e+01 +2.425134e+03
    111 +2.100000e-02 +1.374020e-02 +9.060782e+01 +2.436469e+03
    112 +2.100000e-02 +1.276907e-02 +9.088861e+01 +2.453316e+03
    113 +2.100000e-02 +1.179793e-02 +9.126204e+01 +2.475723e+03
    114 +2.100000e-02 +1.082680e-02 +9.172902e+01 +2.503741e+03
    115 +2.100000e-02 +9.855667e-03 +9.229060e+01 +2.537436e+03
    116 +2.100000e-02 +8.884534e-03 +9.294802e+01 +2.576881e+03
    117 +2.100000e-02 +7.913400e-03 +9.370253e+01 +2.622152e+03
    118 +2.100000e-02 +6.942267e-03 +9.455478e+01 +2.673287e+03
    119 +2.100000e-02 +5.971133e-03 +9.550119e+01 +2.730071e+03
    120 +2.100000e-02 +5.000000e-03 +9.654140e+01 +2.792484e+03
    121 +2.100000e-02 +5.000000e-03 +9.654140e+01 +2.792484e+03
    122 +2.000000e-02 +5.000000e-03 +9.675209e+01 +2.805126e+03
    123 +1.900000e-02 +5.000000e-03 +9.620248e+01 +2.772149e+03
    124 +1.900000e-02 +5.000000e-03 +9.620248e+01 +2.772149e+03
    125 +1.900000e-02 +5.992369e-03 +9.478670e+01 +2.687202e+03
    126 +1.900000e-02 +6.984738e-03 +9.352715e+01 +2.611629e+03
    127 +1.900000e-02 +7.977107e-03 +9.236362e+01 +2.541817e+03
    128 +1.900000e-02 +8.969476e-03 +9.129841e+01 +2.477905e+03
    129 +1.900000e-02 +9.961845e-03 +9.033037e+01 +2.419822e+03
    130 +1.900000e-02 +1.095421e-02 +8.945751e+01 +2.367450e+03
    131 +1.900000e-02 +1.194658e-02 +8.867785e+01 +2.320671e+03
    132 +1.900000e-02 +1.293895e-02 +8.798958e+01 +2.279375e+03
    133 +1.900000e-02 +1.393132e-02 +8.739107e+01 +2.243464e+03
    134 +1.900000e-02 +1.492369e-02 +8.688091e+01 +2.212855e+03
    135 +1.900000e-02 +1.591606e-02 +8.645766e+01 +2.187460e+03
    136 +1.900000e-02 +1.690843e-02 +8.611958e+01 +2.167175e+03
    137 +1.900000e-02 +1.790080e-02 +8.586543e+01 +2.151926e+03
    138 +1.900000e-02 +1.889317e-02 +8.569467e+01 +2.141680e+03
    139 +1.900000e-02 +1.988553e-02 +8.561022e+01 +2.136613e+03
    140 +1.900000e-02 +1.988553e-02 +8.561022e+01 +2.136613e+03
    141 +1.800000e-02 +1.988553e-02 +8.560900e+01 +2.136540e+03
    142 +1.800000e-02 +1.988553e-02 +8.560900e+01 +2.136540e+03
    143 +1.800000e-02 +1.889317e-02 +8.569413e+01 +2.141648e+03
    144 +1.800000e-02 +1.790080e-02 +8.586489e+01 +2.151893e+03
    145 +1.800000e-02 +1.690843e-02 +8.611902e+01 +2.167141e+03
    146 +1.800000e-02 +1.591606e-02 +8.645729e+01 +2.187437e+03
    147 +1.800000e-02 +1.492369e-02 +8.688083e+01 +2.212850e+03
    148 +1.800000e-02 +1.393132e-02 +8.739112e+01 +2.243467e+03
    149 +1.800000e-02 +1.293895e-02 +8.798965e+01 +2.279379e+03
    150 +1.800000e-02 +1.194658e-02 +8.867792e+01 +2.320675e+03
    151 +1.800000e-02 +1.095421e-02 +8.945757e+01 +2.367454e+03
    152 +1.800000e-02 +9.961845e-03 +9.033042e+01 +2.419825e+03
    153 +1.800000e-02 +8.969476e-03 +9.129847e+01 +2.477908e+03
    154 +1.800000e-02 +7.977107e-03 +9.236374e+01 +2.541824e+03
    155 +1.800000e-02 +6.984738e-03 +9.352759e+01 +2.611656e+03
    156 +1.800000e-02 +5.992369e-03 +9.478663e+01 +2.687198e+03
    157 +1.800000e-02 +5.000000e-03 +9.614862e+01 +2.768917e+03
    158 +1.800000e-02 +5.000000e-03 +9.614862e+01 +2.768917e+03
    159 +1.700000e-02 +5.000000e-03 +9.648283e+01 +2.788970e+03
    160 +1.600000e-02 +5.000000e-03 +9.593935e+01 +2.756361e+03
    161 +1.600000e-02 +5.000000e-03 +9.593935e+01 +2.756361e+03
    162 +1.600000e-02 +5.984133e-03 +9.438750e+01 +2.663250e+03
    163 +1.600000e-02 +6.968267e-03 +9.297537e+01 +2.578522e+03
    164 +1.600000e-02 +7.952400e-03 +9.165532e+01 +2.499319e+03
    165 +1.600000e-02 +8.936533e-03 +9.043038e+01 +2.425823e+03
    166 +1.600000e-02 +9.920667e-03 +8.929913e+01 +2.357948e+03
    167 +1.600000e-02 +1.090480e-02 +8.825928e+01 +2.295557e+03
    168 +1.600000e-02 +1.188893e-02 +8.730850e+01 +2.238510e+03
    169 +1.600000e-02 +1.287307e-02 +8.644459e+01 +2.186676e+03
    170 +1.600000e-02 +1.385720e-02 +8.566555e+01 +2.139933e+03
    171 +1.600000e-02 +1.484133e-02 +8.496956e+01 +2.098174e+03
    172 +1.600000e-02 +1.582547e-02 +8.435501e+01 +2.061301e+03
    173 +1.600000e-02 +1.680960e-02 +8.382047e+01 +2.029228e+03
    174 +1.600000e-02 +1.779373e-02 +8.336469e+01 +2.001882e+03
    175 +1.600000e-02 +1.877787e-02 +8.298662e+01 +1.979197e+03
    176 +1.600000e-02 +1.976200e-02 +8.268528e+01 +1.961117e+03
    177 +1.600000e-02 +2.074613e-02 +8.245940e+01 +1.947564e+03
    178 +1.600000e-02 +2.173027e-02 +8.230777e+01 +1.938466e+03
    179 +1.600000e-02 +2.271440e-02 +8.223290e+01 +1.933974e+03
    180 +1.600000e-02 +2.271440e-02 +8.223290e+01 +1.933974e+03
    181 +1.500000e-02 +2.271440e-02 +8.223172e+01 +1.933903e+03
    182 +1.500000e-02 +2.271440e-02 +8.223172e+01 +1.933903e+03
    183 +1.500000e-02 +2.173027e-02 +8.230715e+01 +1.938429e+03
    184 +1.500000e-02 +2.074613e-02 +8.245887e+01 +1.947532e+03
    185 +1.500000e-02 +1.976200e-02 +8.268500e+01 +1.961100e+03
    186 +1.500000e-02 +1.877787e-02 +8.298658e+01 +1.979195e+03
    187 +1.500000e-02 +1.779373e-02 +8.336473e+01 +2.001884e+03
    188 +1.500000e-02 +1.680960e-02 +8.382051e+01 +2.029231e+03
    189 +1.500000e-02 +1.582547e-02 +8.435505e+01 +2.061303e+03
    190 +1.500000e-02 +1.484133e-02 +8.496960e+01 +2.098176e+03
    191 +1.500000e-02 +1.385720e-02 +8.566559e+01 +2.139935e+03
    192 +1.500000e-02 +1.287307e-02 +8.644463e+01 +2.186678e+03
    193 +1.500000e-02 +1.188893e-02 +8.730853e+01 +2.238512e+03
    194 +1.500000e-02 +1.090480e-02 +8.825931e+01 +2.295558e+03
    195 +1.500000e-02 +9.920667e-03 +8.929914e+01 +2.357949e+03
    196 +1.500000e-02 +8.936533e-03 +9.043039e+01 +2.425823e+03
    197 +1.500000e-02 +7.952400e-03 +9.165536e+01 +2.499322e+03
    198 +1.500000e-02 +6.968267e-03 +9.297555e+01 +2.578533e+03
    199 +1.500000e-02 +5.984133e-03 +9.438759e+01 +2.663255e+03
    200 +1.500000e-02 +5.000000e-03 +9.592211e+01 +2.755327e+03
    201 +1.500000e-02 +5.000000e-03 +9.592211e+01 +2.755327e+03
    202 +1.400000e-02 +5.000000e-03 +9.639538e+01 +2.783723e+03
    203 +1.300000e-02 +5.000000e-03 +9.593723e+01 +2.756234e+03
    204 +1.300000e-02 +5.000000e-03 +9.593723e+01 +2.756234e+03
    205 +1.300000e-02 +6.004252e-03 +9.431641e+01 +2.658984e+03
    206 +1.300000e-02 +7.008504e-03 +9.281121e+01 +2.568672e+03
    207 +1.300000e-02 +8.012756e-03 +9.140202e+01 +2.484121e+03
    208 +1.300000e-02 +9.017008e-03 +9.009155e+01 +2.405493e+03
    209 +1.300000e-02 +1.002126e-02 +8.887773e+01 +2.332664e+03
    210 +1.300000e-02 +1.102551e-02 +8.775781e+01 +2.265469e+03
    211 +1.300000e-02 +1.202976e-02 +8.672888e+01 +2.203733e+03
    212 +1.300000e-02 +1.303402e-02 +8.578811e+01 +2.147287e+03
    213 +1.300000e-02 +1.403827e-02 +8.493315e+01 +2.095989e+03
    214 +1.300000e-02 +1.504252e-02 +8.416211e+01 +2.049727e+03
    215 +1.300000e-02 +1.604677e-02 +8.347338e+01 +2.008403e+03
    216 +1.300000e-02 +1.705102e-02 +8.286545e+01 +1.971927e+03
    217 +1.300000e-02 +1.805528e-02 +8.233692e+01 +1.940215e+03
    218 +1.300000e-02 +1.905953e-02 +8.188653e+01 +1.913192e+03
    219 +1.300000e-02 +2.006378e-02 +8.151313e+01 +1.890788e+03
    220 +1.300000e-02 +2.106803e-02 +8.121574e+01 +1.872945e+03
    221 +1.300000e-02 +2.207228e-02 +8.099349e+01 +1.859609e+03
    222 +1.300000e-02 +2.307654e-02 +8.084534e+01 +1.850720e+03
    223 +1.300000e-02 +2.408079e-02 +8.077269e+01 +1.846362e+03
    224 +1.300000e-02 +2.408079e-02 +8.077269e+01 +1.846362e+03
    225 +1.200000e-02 +2.408079e-02 +8.077218e+01 +1.846331e+03
    226 +1.200000e-02 +2.408079e-02 +8.077218e+01 +1.846331e+03
    227 +1.200000e-02 +2.307654e-02 +8.084519e+01 +1.850712e+03
    228 +1.200000e-02 +2.207228e-02 +8.099356e+01 +1.859614e+03
    229 +1.200000e-02 +2.106803e-02 +8.121588e+01 +1.872953e+03
    230 +1.200000e-02 +2.006378e-02 +8.151324e+01 +1.890795e+03
    231 +1.200000e-02 +1.905953e-02 +8.188660e+01 +1.913196e+03
    232 +1.200000e-02 +1.805528e-02 +8.233698e+01 +1.940219e+03
    233 +1.200000e-02 +1.705102e-02 +8.286551e+01 +1.971930e+03
    234 +1.200000e-02 +1.604677e-02 +8.347347e+01 +2.008408e+03
    235 +1.200000e-02 +1.504252e-02 +8.416228e+01 +2.049737e+03
    236 +1.200000e-02 +1.403827e-02 +8.493344e+01 +2.096007e+03
    237 +1.200000e-02 +1.303402e-02 +8.578855e+01 +2.147313e+03
    238 +1.200000e-02 +1.202976e-02 +8.672927e+01 +2.203756e+03
    239 +1.200000e-02 +1.102551e-02 +8.775794e+01 +2.265476e+03
    240 +1.200000e-02 +1.002126e-02 +8.887773e+01 +2.332664e+03
    241 +1.200000e-02 +9.017008e-03 +9.009151e+01 +2.405490e+03
    242 +1.200000e-02 +8.012756e-03 +9.140187e+01 +2.484112e+03
    243 +1.200000e-02 +7.008504e-03 +9.281056e+01 +2.568634e+03
    244 +1.200000e-02 +6.004252e-03 +9.431558e+01 +2.658935e+03
    245 +1.200000e-02 +5.000000e-03 +9.598607e+01 +2.759164e+03
    246 +1.200000e-02 +5.000000e-03 +9.598607e+01 +2.759164e+03
    247 +1.100000e-02 +5.000000e-03 +9.665002e+01 +2.799001e+03
    248 +1.000000e-02 +5.000000e-03 +9.658568e+01 +2.795141e+03
    249 +1.000000e-02 +5.000000e-03 +9.658568e+01 +2.795141e+03
    250 +1.000000e-02 +5.949949e-03 +9.592120e+01 +2.755272e+03
    251 +1.000000e-02 +6.899897e-03 +9.534263e+01 +2.720558e+03
    252 +1.000000e-02 +7.849846e-03 +9.485597e+01 +2.691358e+03
    253 +1.000000e-02 +8.799794e-03 +9.446512e+01 +2.667907e+03
    254 +1.000000e-02 +9.749743e-03 +9.417024e+01 +2.650214e+03
    255 +1.000000e-02 +1.069969e-02 +9.397082e+01 +2.638249e+03
    256 +1.000000e-02 +1.164964e-02 +9.387023e+01 +2.632214e+03
    257 +1.000000e-02 +1.164964e-02 +9.387023e+01 +2.632214e+03
    258 +9.000000e-03 +1.164964e-02 +9.387022e+01 +2.632213e+03
    259 +9.000000e-03 +1.164964e-02 +9.387022e+01 +2.632213e+03
    260 +9.000000e-03 +1.069969e-02 +9.397082e+01 +2.638249e+03
    261 +9.000000e-03 +9.749743e-03 +9.417024e+01 +2.650215e+03
    262 +9.000000e-03 +8.799794e-03 +9.446512e+01 +2.667907e+03
    263 +9.000000e-03 +7.849846e-03 +9.485594e+01 +2.691357e+03
    264 +9.000000e-03 +6.899897e-03 +9.534249e+01 +2.720549e+03
    265 +9.000000e-03 +5.949949e-03 +9.592159e+01 +2.755295e+03
    266 +9.000000e-03 +5.000000e-03 +9.661344e+01 +2.796806e+03
    267 +9.000000e-03 +5.000000e-03 +9.661344e+01 +2.796806e+03
    268 +8.000000e-03 +5.000000e-03 +9.678730e+01 +2.807238e+03
    269 +7.000000e-03 +5.000000e-03 +9.627855e+01 +2.776713e+03
    270 +7.000000e-03 +5.000000e-03 +9.627855e+01 +2.776713e+03
    271 +7.000000e-03 +5.986506e-03 +9.483016e+01 +2.689809e+03
    272 +7.000000e-03 +6.973012e-03 +9.351977e+01 +2.611186e+03
    273 +7.000000e-03 +7.959517e-03 +9.230433e+01 +2.538260e+03
    274 +7.000000e-03 +8.946023e-03 +9.118614e+01 +2.471168e+03
    275 +7.000000e-03 +9.932529e-03 +9.016380e+01 +2.409828e+03
    276 +7.000000e-03 +1.091903e-02 +8.923524e+01 +2.354114e+03
    277 +7.000000e-03 +1.190554e-02 +8.839816e+01 +2.303890e+03
    278 +7.000000e-03 +1.289205e-02 +8.765000e+01 +2.259000e+03
    279 +7.000000e-03 +1.387855e-02 +8.698881e+01 +2.219329e+03
    280 +7.000000e-03 +1.486506e-02 +8.641342e+01 +2.184805e+03
    281 +7.000000e-03 +1.585156e-02 +8.592267e+01 +2.155360e+03
    282 +7.000000e-03 +1.683807e-02 +8.551535e+01 +2.130921e+03
    283 +7.000000e-03 +1.782458e-02 +8.519013e+01 +2.111408e+03
    284 +7.000000e-03 +1.881108e-02 +8.494595e+01 +2.096757e+03
    285 +7.000000e-03 +1.979759e-02 +8.478203e+01 +2.086922e+03
    286 +7.000000e-03 +2.078409e-02 +8.470062e+01 +2.082037e+03
    287 +7.000000e-03 +2.078409e-02 +8.470062e+01 +2.082037e+03
    288 +6.000000e-03 +2.078409e-02 +8.470125e+01 +2.082075e+03
    289 +6.000000e-03 +2.078409e-02 +8.470125e+01 +2.082075e+03
    290 +6.000000e-03 +1.979759e-02 +8.478238e+01 +2.086943e+03
    291 +6.000000e-03 +1.881108e-02 +8.494637e+01 +2.096782e+03
    292 +6.000000e-03 +1.782458e-02 +8.519059e+01 +2.111435e+03
    293 +6.000000e-03 +1.683807e-02 +8.551564e+01 +2.130938e+03
    294 +6.000000e-03 +1.585156e-02 +8.592265e+01 +2.155359e+03
    295 +6.000000e-03 +1.486506e-02 +8.641319e+01 +2.184792e+03
    296 +6.000000e-03 +1.387855e-02 +8.698844e+01 +2.219306e+03
    297 +6.000000e-03 +1.289205e-02 +8.764950e+01 +2.258970e+03
    298 +6.000000e-03 +1.190554e-02 +8.839776e+01 +2.303866e+03
    299 +6.000000e-03 +1.091903e-02 +8.923509e+01 +2.354105e+03
    300 +6.000000e-03 +9.932529e-03 +9.016378e+01 +2.409827e+03
    301 +6.000000e-03 +8.946023e-03 +9.118615e+01 +2.471169e+03
    302 +6.000000e-03 +7.959517e-03 +9.230440e+01 +2.538264e+03
    303 +6.000000e-03 +6.973012e-03 +9.352006e+01 +2.611204e+03
    304 +6.000000e-03 +5.986506e-03 +9.483092e+01 +2.689855e+03
    305 +6.000000e-03 +5.000000e-03 +9.627450e+01 +2.776470e+03
    306 +6.000000e-03 +5.000000e-03 +9.627450e+01 +2.776470e+03
    307 +5.000000e-03 +5.000000e-03 +9.675718e+01 +2.805431e+03
    308 +4.000000e-03 +5.000000e-03 +9.645525e+01 +2.787315e+03
    309 +4.000000e-03 +5.000000e-03 +9.645525e+01 +2.787315e+03
    310 +4.000000e-03 +5.971379e-03 +9.533042e+01 +2.719825e+03
    311 +4.000000e-03 +6.942758e-03 +9.431618e+01 +2.658971e+03
    312 +4.000000e-03 +7.914137e-03 +9.339541e+01 +2.603724e+03
    313 +4.000000e-03 +8.885516e-03 +9.257089e+01 +2.554253e+03
    314 +4.000000e-03 +9.856895e-03 +9.184169e+01 +2.510501e+03
    315 +4.000000e-03 +1.082827e-02 +9.120636e+01 +2.472382e+03
    316 +4.000000e-03 +1.179965e-02 +9.066351e+01 +2.439811e+03
    317 +4.000000e-03 +1.277103e-02 +9.021192e+01 +2.412715e+03
    318 +4.000000e-03 +1.374241e-02 +8.985055e+01 +2.391033e+03
    319 +4.000000e-03 +1.471379e-02 +8.957857e+01 +2.374714e+03
    320 +4.000000e-03 +1.568517e-02 +8.939527e+01 +2.363716e+03
    321 +4.000000e-03 +1.665655e-02 +8.930335e+01 +2.358201e+03
    322 +4.000000e-03 +1.665655e-02 +8.930335e+01 +2.358201e+03
    323 +3.000000e-03 +1.665655e-02 +8.930419e+01 +2.358251e+03
    324 +3.000000e-03 +1.665655e-02 +8.930419e+01 +2.358251e+03
    325 +3.000000e-03 +1.568517e-02 +8.939566e+01 +2.363739e+03
    326 +3.000000e-03 +1.471379e-02 +8.957895e+01 +2.374737e+03
    327 +3.000000e-03 +1.374241e-02 +8.985093e+01 +2.391056e+03
    328 +3.000000e-03 +1.277103e-02 +9.021231e+01 +2.412739e+03
    329 +3.000000e-03 +1.179965e-02 +9.066392e+01 +2.439835e+03
    330 +3.000000e-03 +1.082827e-02 +9.120679e+01 +2.472407e+03
    331 +3.000000e-03 +9.856895e-03 +9.184213e+01 +2.510528e+03
    332 +3.000000e-03 +8.885516e-03 +9.257132e+01 +2.554279e+03
    333 +3.000000e-03 +7.914137e-03 +9.339572e+01 +2.603743e+03
    334 +3.000000e-03 +6.942758e-03 +9.431605e+01 +2.658963e+03
    335 +3.000000e-03 +5.971379e-03 +9.532995e+01 +2.719797e+03
    336 +3.000000e-03 +5.000000e-03 +9.647514e+01 +2.788508e+03
    337 +3.000000e-03 +5.000000e-03 +9.647514e+01 +2.788508e+03
    338 +2.000000e-03 +5.000000e-03 +9.686195e+01 +2.811717e+03
    339 +1.000000e-03 +5.000000e-03 +9.658242e+01 +2.794945e+03
    340 +1.000000e-03 +5.000000e-03 +9.658242e+01 +2.794945e+03
    341 +1.000000e-03 +5.987174e-03 +9.573687e+01 +2.744212e+03
    342 +1.000000e-03 +6.974347e-03 +9.501992e+01 +2.701195e+03
    343 +1.000000e-03 +7.961521e-03 +9.435709e+01 +2.661425e+03
    344 +1.000000e-03 +8.948694e-03 +9.374608e+01 +2.624765e+03
    345 +1.000000e-03 +9.935868e-03 +9.318651e+01 +2.591191e+03
    346 +1.000000e-03 +1.092304e-02 +9.267790e+01 +2.560674e+03
    347 +1.000000e-03 +1.191021e-02 +9.221974e+01 +2.533184e+03
    348 +1.000000e-03 +1.289739e-02 +9.181152e+01 +2.508691e+03
    349 +1.000000e-03 +1.388456e-02 +9.145278e+01 +2.487167e+03
    350 +1.000000e-03 +1.487174e-02 +9.114310e+01 +2.468586e+03
    351 +1.000000e-03 +1.585891e-02 +9.088212e+01 +2.452927e+03
    352 +1.000000e-03 +1.684608e-02 +9.066931e+01 +2.440159e+03
    353 +1.000000e-03 +1.783326e-02 +9.050364e+01 +2.430219e+03
    354 +1.000000e-03 +1.882043e-02 +9.038439e+01 +2.423063e+03
    355 +1.000000e-03 +1.980760e-02 +9.031313e+01 +2.418788e+03
    356 +1.000000e-03 +1.980760e-02 +9.031313e+01 +2.418788e+03
    357 +0.000000e+00 +1.980760e-02 +9.033728e+01 +2.420237e+03
    358 +0.000000e+00 +1.980760e-02 +9.033728e+01 +0.000000e+00
    359 +0.000000e+00 +1.881722e-02 +9.040885e+01 +0.000000e+00
    360 +0.000000e+00 +1.782684e-02 +9.052876e+01 +0.000000e+00
    361 +0.000000e+00 +1.683646e-02 +9.069562e+01 +0.000000e+00
    362 +0.000000e+00 +1.584608e-02 +9.091009e+01 +0.000000e+00
    363 +0.000000e+00 +1.485570e-02 +9.117291e+01 +0.000000e+00
    364 +0.000000e+00 +1.386532e-02 +9.148469e+01 +0.000000e+00
    365 +0.000000e+00 +1.287494e-02 +9.184587e+01 +0.000000e+00
    366 +0.000000e+00 +1.188456e-02 +9.225690e+01 +0.000000e+00
    367 +0.000000e+00 +1.089418e-02 +9.271825e+01 +0.000000e+00
    368 +0.000000e+00 +9.903801e-03 +9.323042e+01 +0.000000e+00
    369 +0.000000e+00 +8.913421e-03 +9.379393e+01 +0.000000e+00
    370 +0.000000e+00 +7.923041e-03 +9.440915e+01 +0.000000e+00
    371 +0.000000e+00 +6.932661e-03 +9.507574e+01 +0.000000e+00
    372 +0.000000e+00 +5.942281e-03 +9.578711e+01 +0.000000e+00
    373 +0.000000e+00 +4.951901e-03 +9.648330e+01 +0.000000e+00
    374 +0.000000e+00 +3.961521e-03 +9.704463e+01 +0.000000e+00
    375 +0.000000e+00 +2.971140e-03 +9.752037e+01 +0.000000e+00
    376 +0.000000e+00 +1.980760e-03 +9.797753e+01 +0.000000e+00
    377 +0.000000e+00 +9.903801e-04 +9.843410e+01 +0.000000e+00
    378 +0.000000e+00 +0.000000e+00 +9.889385e+01 +0.000000e+00

%_intp_ ______x1_____ ______x2_____ ______T______ _____qx1_____ _____qx2_____
      1 +1.400000e-02 +5.000000e-04 +9.840799e+01 +3.762632e+02 +2.366961e+04
      2 +1.400000e-02 +6.379310e-04 +9.834254e+01 +3.832206e+02 +2.377708e+04
      3 +1.400000e-02 +7.758621e-04 +9.827680e+01 +3.916272e+02 +2.388380e+04
      4 +1.400000e-02 +9.137931e-04 +9.821077e+01 +4.014775e+02 +2.399100e+04
      5 +1.400000e-02 +1.051724e-03 +9.814444e+01 +4.127330e+02 +2.409928e+04
      6 +1.400000e-02 +1.189655e-03 +9.807781e+01 +4.253295e+02 +2.420890e+04
      7 +1.400000e-02 +1.327586e-03 +9.801087e+01 +4.391808e+02 +2.431999e+04
      8 +1.400000e-02 +1.465517e-03 +9.794363e+01 +4.541802e+02 +2.443255e+04
      9 +1.400000e-02 +1.603448e-03 +9.787607e+01 +4.701997e+02 +2.454645e+04
     10 +1.400000e-02 +1.741379e-03 +9.780820e+01 +4.870889e+02 +2.466139e+04
     11 +1.400000e-02 +1.879310e-03 +9.774001e+01 +5.046732e+02 +2.477689e+04
     12 +1.400000e-02 +2.017241e-03 +9.767150e+01 +5.227511e+02 +2.489220e+04
     13 +1.400000e-02 +2.155172e-03 +9.760267e+01 +5.410922e+02 +2.500620e+04
     14 +1.400000e-02 +2.293103e-03 +9.753353e+01 +5.594350e+02 +2.511732e+04
     15 +1.400000e-02 +2.431034e-03 +9.746410e+01 +5.774846e+02 +2.522336e+04
     16 +1.400000e-02 +2.568966e-03 +9.739438e+01 +5.949117e+02 +2.532129e+04
     17 +1.400000e-02 +2.706897e-03 +9.732441e+01 +6.113522e+02 +2.540698e+04
     18 +1.400000e-02 +2.844828e-03 +9.725422e+01 +6.264074e+02 +2.547484e+04
     19 +1.400000e-02 +2.982759e-03 +9.718388e+01 +6.396474e+02 +2.551736e+04
     20 +1.400000e-02 +3.120690e-03 +9.711347e+01 +6.506164e+02 +2.552448e+04
     21 +1.400000e-02 +3.258621e-03 +9.704310e+01 +6.588417e+02 +2.548281e+04
     22 +1.400000e-02 +3.396552e-03 +9.697293e+01 +6.638486e+02 +2.537456e+04
     23 +1.400000e-02 +3.534483e-03 +9.690318e+01 +6.651815e+02 +2.517620e+04
     24 +1.400000e-02 +3.672414e-03 +9.683414e+01 +6.624348e+02 +2.485672e+04
     25 +1.400000e-02 +3.810345e-03 +9.676619e+01 +6.552948e+02 +2.437545e+04
     26 +1.400000e-02 +3.948276e-03 +9.669985e+01 +6.435952e+02 +2.367931e+04
     27 +1.400000e-02 +4.086207e-03 +9.663581e+01 +6.273856e+02 +2.269923e+04
     28 +1.400000e-02 +4.224138e-03 +9.657496e+01 +6.070090e+02 +2.134524e+04
     29 +1.400000e-02 +4.362069e-03 +9.651849e+01 +5.831743e+02 +1.949835e+04
     30 +1.400000e-02 +4.500000e-03 +9.646798e+01 +5.569922e+02 +1.699232e+04

