%_node_ ______x1_____ ______x2_____ ______T______ ______q______
      1 +0.000000e+00 +0.000000e+00 +8.893231e+01 -2.329200e+04
      2 +1.000000e-03 +0.000000e+00 +8.893332e+01 -2.329200e+04
      3 +2.000000e-03 +0.000000e+00 +8.893677e+01 -2.329200e+04
      4 +3.000000e-03 +0.000000e+00 +8.894300e+01 -2.329200e+04
      5 +4.000000e-03 +0.000000e+00 +8.895260e+01 -2.329200e+04
      6 +5.000000e-03 +0.000000e+00 +8.896601e+01 -2.329200e+04
      7 +6.000000e-03 +0.000000e+00 +8.898331e+01 -2.329200e+04
      8 +7.000000e-03 +0.000000e+00 +8.900439e+01 -2.329200e+04
      9 +8.000000e-03 +0.000000e+00 +8.902885e+01 -2.329200e+04
     10 +9.000000e-03 +0.000000e+00 +8.905599e+01 -2.329200e+04
     11 +1.000000e-02 +0.000000e+00 +8.908473e+01 -2.329200e+04
     12 +1.100000e-02 +0.000000e+00 +8.911354e+01 -2.329200e+04
     13 +1.200000e-02 +0.000000e+00 +8.914061e+01 -2.329200e+04
     14 +1.300000e-02 +0.000000e+00 +8.916455e+01 -2.329200e+04
     15 +1.400000e-02 +0.000000e+00 +8.918492e+01 -2.329200e+04
     16 +1.500000e-02 +0.000000e+00 +8.920227e+01 -2.329200e+04
     17 +1.600000e-02 +0.000000e+00 +8.921771e+01 -2.329200e+04
     18 +1.700000e-02 +0.000000e+00 +8.923232e+01 -2.329200e+04
     19 +1.800000e-02 +0.000000e+00 +8.924690e+01 -2.329200e+04
     20 +1.900000e-02 +0.000000e+00 +8.926198e+01 -2.329200e+04
     21 +2.000000e-02 +0.000000e+00 +8.927777e+01 -2.329200e+04
     22 +2.100000e-02 +0.000000e+00 +8.929425e+01 -2.329200e+04
     23 +2.200000e-02 +0.000000e+00 +8.931130e+01 -2.329200e+04
     24 +2.300000e-02 +0.000000e+00 +8.932874e+01 -2.329200e+04
     25 +2.400000e-02 +0.000000e+00 +8.934611e+01 -2.329200e+04
     26 +2.500000e-02 +0.000000e+00 +8.936254e+01 -2.329200e+04
     27 +2.600000e-02 +0.000000e+00 +8.937648e+01 -2.329200e+04
     28 +2.700000e-02 +0.000000e+00 +8.938595e+01 -2.329200e+04
     29 +2.800000e-02 +0.000000e+00 +8.938902e+01 -2.329200e+04
     30 +2.800000e-02 +0.000000e+00 +8.938902e+01 +0.000000e+00
     31 +2.800000e-02 +9.562335e-04 +8.928076e+01 +0.000000e+00
     32 +2.800000e-02 +1.912467e-03 +8.917963e+01 +0.000000e+00
     33 +2.800000e-02 +2.868700e-03 +8.908730e+01 +0.000000e+00
     34 +2.800000e-02 +3.824934e-03 +8.900660e+01 +0.000000e+00
     35 +2.800000e-02 +4.781167e-03 +8.893790e+01 +0.000000e+00
     36 +2.800000e-02 +5.737401e-03 +8.887427e+01 +0.000000e+00
     37 +2.800000e-02 +6.693634e-03 +8.881555e+01 +0.000000e+00
     38 +2.800000e-02 +7.649868e-03 +8.876600e+01 +0.000000e+00
     39 +2.800000e-02 +8.606101e-03 +8.872691e+01 +0.000000e+00
     40 +2.800000e-02 +9.562335e-03 +8.869854e+01 +0.000000e+00
     41 +2.800000e-02 +1.051857e-02 +8.868145e+01 +0.000000e+00
     42 +2.800000e-02 +1.051857e-02 +8.868145e+01 +2.320887e+03
     43 +2.700000e-02 +1.051857e-02 +8.867536e+01 +2.320521e+03
     44 +2.700000e-02 +1.051857e-02 +8.867536e+01 +2.320521e+03
     45 +2.700000e-02 +9.598807e-03 +8.869175e+01 +2.321505e+03
     46 +2.700000e-02 +8.679046e-03 +8.871846e+01 +2.323108e+03
     47 +2.700000e-02 +7.759284e-03 +8.875516e+01 +2.325309e+03
     48 +2.700000e-02 +6.839523e-03 +8.880183e+01 +2.328110e+03
     49 +2.700000e-02 +5.919761e-03 +8.885853e+01 +2.331512e+03
     50 +2.700000e-02 +5.000000e-03 +8.892604e+01 +2.335562e+03
     51 +2.700000e-02 +5.000000e-03 +8.892604e+01 +2.335562e+03
     52 +2.600000e-02 +5.000000e-03 +8.890426e+01 +2.334256e+03
     53 +2.500000e-02 +5.000000e-03 +8.873410e+01 +2.324046e+03
     54 +2.500000e-02 +5.000000e-03 +8.873410e+01 +2.324046e+03
     55 +2.500000e-02 +5.999661e-03 +8.834934e+01 +2.300960e+03
     56 +2.500000e-02 +6.999321e-03 +8.800553e+01 +2.280332e+03
     57 +2.500000e-02 +7.998982e-03 +8.768290e+01 +2.260974e+03
     58 +2.500000e-02 +8.998642e-03 +8.738225e+01 +2.242935e+03
     59 +2.500000e-02 +9.998303e-03 +8.710369e+01 +2.226221e+03
     60 +2.500000e-02 +1.099796e-02 +8.684709e+01 +2.210826e+03
     61 +2.500000e-02 +1.199762e-02 +8.661230e+01 +2.196738e+03
     62 +2.500000e-02 +1.299728e-02 +8.639921e+01 +2.183953e+03
     63 +2.500000e-02 +1.399694e-02 +8.620777e+01 +2.172466e+03
     64 +2.500000e-02 +1.499661e-02 +8.603791e+01 +2.162275e+03
     65 +2.500000e-02 +1.599627e-02 +8.588957e+01 +2.153374e+03
     66 +2.500000e-02 +1.699593e-02 +8.576265e+01 +2.145759e+03
     67 +2.500000e-02 +1.799559e-02 +8.565707e+01 +2.139424e+03
     68 +2.500000e-02 +1.899525e-02 +8.557272e+01 +2.134363e+03
     69 +2.500000e-02 +1.999491e-02 +8.550943e+01 +2.130566e+03
     70 +2.500000e-02 +2.099457e-02 +8.546700e+01 +2.128020e+03
     71 +2.500000e-02 +2.199423e-02 +8.544601e+01 +2.126761e+03
     72 +2.500000e-02 +2.199423e-02 +8.544601e+01 +2.126761e+03
     73 +2.400000e-02 +2.199423e-02 +8.544615e+01 +2.126769e+03
     74 +2.400000e-02 +2.199423e-02 +8.544615e+01 +2.126769e+03
     75 +2.400000e-02 +2.099457e-02 +8.546708e+01 +2.128025e+03
     76 +2.400000e-02 +1.999491e-02 +8.550951e+01 +2.130571e+03
     77 +2.400000e-02 +1.899525e-02 +8.557274e+01 +2.134365e+03
     78 +2.400000e-02 +1.799559e-02 +8.565703e+01 +2.139422e+03
     79 +2.400000e-02 +1.699593e-02 +8.576259e+01 +2.145755e+03
     80 +2.400000e-02 +1.599627e-02 +8.588950e+01 +2.153370e+03
     81 +2.400000e-02 +1.499661e-02 +8.603784e+01 +2.162271e+03
     82 +2.400000e-02 +1.399694e-02 +8.620769e+01 +2.172461e+03
     83 +2.400000e-02 +1.299728e-02 +8.639910e+01 +2.183946e+03
     84 +2.400000e-02 +1.199762e-02 +8.661216e+01 +2.196730e+03
     85 +2.400000e-02 +1.099796e-02 +8.684694e+01 +2.210816e+03
     86 +2.400000e-02 +9.998303e-03 +8.710354e+01 +2.226212e+03
     87 +2.400000e-02 +8.998642e-03 +8.738212e+01 +2.242927e+03
     88 +2.400000e-02 +7.998982e-03 +8.768282e+01 +2.260969e+03
     89 +2.400000e-02 +6.999321e-03 +8.800562e+01 +2.280337e+03
     90 +2.400000e-02 +5.999661e-03 +8.834939e+01 +2.300963e+03
     91 +2.400000e-02 +5.000000e-03 +8.871437e+01 +2.322862e+03
     92 +2.400000e-02 +5.000000e-03 +8.871437e+01 +2.322862e+03
     93 +2.300000e-02 +5.000000e-03 +8.880423e+01 +2.328254e+03
     94 +2.200000e-02 +5.000000e-03 +8.868884e+01 +2.321331e+03
     95 +2.200000e-02 +5.000000e-03 +8.868884e+01 +2.321331e+03
     96 +2.200000e-02 +6.010972e-03 +8.836291e+01 +2.301774e+03
     97 +2.200000e-02 +7.021945e-03 +8.807012e+01 +2.284207e+03
     98 +2.200000e-02 +8.032917e-03 +8.779901e+01 +2.267941e+03
     99 +2.200000e-02 +9.043889e-03 +8.755065e+01 +2.253039e+03
    100 +2.200000e-02 +1.005486e-02 +8.732518e+01 +2.239511e+03
    101 +2.200000e-02 +1.106583e-02 +8.712253e+01 +2.227352e+03
    102 +2.200000e-02 +1.207681e-02 +8.694259e+01 +2.216555e+03
    103 +2.200000e-02 +1.308778e-02 +8.678524e+01 +2.207114e+03
    104 +2.200000e-02 +1.409875e-02 +8.665040e+01 +2.199024e+03
    105 +2.200000e-02 +1.510972e-02 +8.653798e+01 +2.192279e+03
    106 +2.200000e-02 +1.612070e-02 +8.644791e+01 +2.186874e+03
    107 +2.200000e-02 +1.713167e-02 +8.638013e+01 +2.182808e+03
    108 +2.200000e-02 +1.814264e-02 +8.633457e+01 +2.180074e+03
    109 +2.200000e-02 +1.915361e-02 +8.631193e+01 +2.178716e+03
    110 +2.200000e-02 +1.915361e-02 +8.631193e+01 +2.178716e+03
    111 +2.100000e-02 +1.915361e-02 +8.631201e+01 +2.178721e+03
    112 +2.100000e-02 +1.915361e-02 +8.631201e+01 +2.178721e+03
    113 +2.100000e-02 +1.814264e-02 +8.633459e+01 +2.180075e+03
    114 +2.100000e-02 +1.713167e-02 +8.638014e+01 +2.182808e+03
    115 +2.100000e-02 +1.612070e-02 +8.644792e+01 +2.186875e+03
    116 +2.100000e-02 +1.510972e-02 +8.653799e+01 +2.192279e+03
    117 +2.100000e-02 +1.409875e-02 +8.665041e+01 +2.199025e+03
    118 +2.100000e-02 +1.308778e-02 +8.678525e+01 +2.207115e+03
    119 +2.100000e-02 +1.207681e-02 +8.694260e+01 +2.216556e+03
    120 +2.100000e-02 +1.106583e-02 +8.712254e+01 +2.227352e+03
    121 +2.100000e-02 +1.005486e-02 +8.732519e+01 +2.239512e+03
    122 +2.100000e-02 +9.043889e-03 +8.755066e+01 +2.253040e+03
    123 +2.100000e-02 +8.032917e-03 +8.779902e+01 +2.267941e+03
    124 +2.100000e-02 +7.021945e-03 +8.807014e+01 +2.284208e+03
    125 +2.100000e-02 +6.010972e-03 +8.836270e+01 +2.301762e+03
    126 +2.100000e-02 +5.000000e-03 +8.867779e+01 +2.320668e+03
    127 +2.100000e-02 +5.000000e-03 +8.867779e+01 +2.320668e+03
    128 +2.000000e-02 +5.000000e-03 +8.875206e+01 +2.325124e+03
    129 +1.900000e-02 +5.000000e-03 +8.862546e+01 +2.317528e+03
    130 +1.900000e-02 +5.000000e-03 +8.862546e+01 +2.317528e+03
    131 +1.900000e-02 +5.972047e-03 +8.828397e+01 +2.297038e+03
    132 +1.900000e-02 +6.944094e-03 +8.797459e+01 +2.278475e+03
    133 +1.900000e-02 +7.916142e-03 +8.768512e+01 +2.261107e+03
    134 +1.900000e-02 +8.888189e-03 +8.741665e+01 +2.244999e+03
    135 +1.900000e-02 +9.860236e-03 +8.716934e+01 +2.230160e+03
    136 +1.900000e-02 +1.083228e-02 +8.694312e+01 +2.216587e+03
    137 +1.900000e-02 +1.180433e-02 +8.673789e+01 +2.204273e+03
    138 +1.900000e-02 +1.277638e-02 +8.655353e+01 +2.193212e+03
    139 +1.900000e-02 +1.374842e-02 +8.638994e+01 +2.183396e+03
    140 +1.900000e-02 +1.472047e-02 +8.624702e+01 +2.174821e+03
    141 +1.900000e-02 +1.569252e-02 +8.612469e+01 +2.167482e+03
    142 +1.900000e-02 +1.666457e-02 +8.602289e+01 +2.161374e+03
    143 +1.900000e-02 +1.763661e-02 +8.594156e+01 +2.156494e+03
    144 +1.900000e-02 +1.860866e-02 +8.588062e+01 +2.152837e+03
    145 +1.900000e-02 +1.958071e-02 +8.583988e+01 +2.150393e+03
    146 +1.900000e-02 +2.055275e-02 +8.581978e+01 +2.149187e+03
    147 +1.900000e-02 +2.055275e-02 +8.581978e+01 +2.149187e+03
    148 +1.800000e-02 +2.055275e-02 +8.581977e+01 +2.149186e+03
    149 +1.800000e-02 +2.055275e-02 +8.581977e+01 +2.149186e+03
    150 +1.800000e-02 +1.958071e-02 +8.583985e+01 +2.150391e+03
    151 +1.800000e-02 +1.860866e-02 +8.588060e+01 +2.152836e+03
    152 +1.800000e-02 +1.763661e-02 +8.594156e+01 +2.156494e+03
    153 +1.800000e-02 +1.666457e-02 +8.602291e+01 +2.161374e+03
    154 +1.800000e-02 +1.569252e-02 +8.612471e+01 +2.167482e+03
    155 +1.800000e-02 +1.472047e-02 +8.624703e+01 +2.174822e+03
    156 +1.800000e-02 +1.374842e-02 +8.638995e+01 +2.183397e+03
    157 +1.800000e-02 +1.277638e-02 +8.655354e+01 +2.193213e+03
    158 +1.800000e-02 +1.180433e-02 +8.673790e+01 +2.204274e+03
    159 +1.800000e-02 +1.083228e-02 +8.694313e+01 +2.216588e+03
    160 +1.800000e-02 +9.860236e-03 +8.716935e+01 +2.230161e+03
    161 +1.800000e-02 +8.888189e-03 +8.741666e+01 +2.245000e+03
    162 +1.800000e-02 +7.916142e-03 +8.768513e+01 +2.261108e+03
    163 +1.800000e-02 +6.944094e-03 +8.797462e+01 +2.278477e+03
    164 +1.800000e-02 +5.972047e-03 +8.828379e+01 +2.297027e+03
    165 +1.800000e-02 +5.000000e-03 +8.861647e+01 +2.316988e+03
    166 +1.800000e-02 +5.000000e-03 +8.861647e+01 +2.316988e+03
    167 +1.700000e-02 +5.000000e-03 +8.870952e+01 +2.322571e+03
    168 +1.600000e-02 +5.000000e-03 +8.860027e+01 +2.316016e+03
    169 +1.600000e-02 +5.000000e-03 +8.860027e+01 +2.316016e+03
    170 +1.600000e-02 +5.984638e-03 +8.827319e+01 +2.296391e+03
    171 +1.600000e-02 +6.969275e-03 +8.797562e+01 +2.278537e+03
    172 +1.600000e-02 +7.953913e-03 +8.769878e+01 +2.261927e+03
    173 +1.600000e-02 +8.938551e-03 +8.744364e+01 +2.246618e+03
    174 +1.600000e-02 +9.923188e-03 +8.721029e+01 +2.232617e+03
    175 +1.600000e-02 +1.090783e-02 +8.699861e+01 +2.219916e+03
    176 +1.600000e-02 +1.189246e-02 +8.680841e+01 +2.208505e+03
    177 +1.600000e-02 +1.287710e-02 +8.663949e+01 +2.198369e+03
    178 +1.600000e-02 +1.386174e-02 +8.649169e+01 +2.189502e+03
    179 +1.600000e-02 +1.484638e-02 +8.636498e+01 +2.181899e+03
    180 +1.600000e-02 +1.583101e-02 +8.625932e+01 +2.175559e+03
    181 +1.600000e-02 +1.681565e-02 +8.617467e+01 +2.170480e+03
    182 +1.600000e-02 +1.780029e-02 +8.611099e+01 +2.166660e+03
    183 +1.600000e-02 +1.878493e-02 +8.606821e+01 +2.164093e+03
    184 +1.600000e-02 +1.976956e-02 +8.604702e+01 +2.162821e+03
    185 +1.600000e-02 +1.976956e-02 +8.604702e+01 +2.162821e+03
    186 +1.500000e-02 +1.976956e-02 +8.604705e+01 +2.162823e+03
    187 +1.500000e-02 +1.976956e-02 +8.604705e+01 +2.162823e+03
    188 +1.500000e-02 +1.878493e-02 +8.606825e+01 +2.164095e+03
    189 +1.500000e-02 +1.780029e-02 +8.611102e+01 +2.166661e+03
    190 +1.500000e-02 +1.681565e-02 +8.617469e+01 +2.170482e+03
    191 +1.500000e-02 +1.583101e-02 +8.625934e+01 +2.175561e+03
    192 +1.500000e-02 +1.484638e-02 +8.636502e+01 +2.181901e+03
    193 +1.500000e-02 +1.386174e-02 +8.649176e+01 +2.189506e+03
    194 +1.500000e-02 +1.287710e-02 +8.663958e+01 +2.198375e+03
    195 +1.500000e-02 +1.189246e-02 +8.680849e+01 +2.208509e+03
    196 +1.500000e-02 +1.090783e-02 +8.699861e+01 +2.219916e+03
    197 +1.500000e-02 +9.923188e-03 +8.721024e+01 +2.232615e+03
    198 +1.500000e-02 +8.938551e-03 +8.744358e+01 +2.246615e+03
    199 +1.500000e-02 +7.953913e-03 +8.769869e+01 +2.261922e+03
    200 +1.500000e-02 +6.969275e-03 +8.797543e+01 +2.278526e+03
    201 +1.500000e-02 +5.984638e-03 +8.827269e+01 +2.296361e+03
    202 +1.500000e-02 +5.000000e-03 +8.859764e+01 +2.315858e+03
    203 +1.500000e-02 +5.000000e-03 +8.859764e+01 +2.315858e+03
    204 +1.400000e-02 +5.000000e-03 +8.870224e+01 +2.322135e+03
    205 +1.300000e-02 +5.000000e-03 +8.865175e+01 +2.319105e+03
    206 +1.300000e-02 +5.000000e-03 +8.865175e+01 +2.319105e+03
    207 +1.300000e-02 +6.080192e-03 +8.848608e+01 +2.309165e+03
    208 +1.300000e-02 +7.160384e-03 +8.835417e+01 +2.301250e+03
    209 +1.300000e-02 +8.240576e-03 +8.824769e+01 +2.294862e+03
    210 +1.300000e-02 +9.320767e-03 +8.816749e+01 +2.290050e+03
    211 +1.300000e-02 +1.040096e-02 +8.811371e+01 +2.286822e+03
    212 +1.300000e-02 +1.148115e-02 +8.808711e+01 +2.285227e+03
    213 +1.300000e-02 +1.148115e-02 +8.808711e+01 +2.285227e+03
    214 +1.200000e-02 +1.148115e-02 +8.808711e+01 +2.285227e+03
    215 +1.200000e-02 +1.148115e-02 +8.808711e+01 +2.285227e+03
    216 +1.200000e-02 +1.040096e-02 +8.811371e+01 +2.286823e+03
    217 +1.200000e-02 +9.320767e-03 +8.816749e+01 +2.290050e+03
    218 +1.200000e-02 +8.240576e-03 +8.824770e+01 +2.294862e+03
    219 +1.200000e-02 +7.160384e-03 +8.835424e+01 +2.301255e+03
    220 +1.200000e-02 +6.080192e-03 +8.848608e+01 +2.309165e+03
    221 +1.200000e-02 +5.000000e-03 +8.863414e+01 +2.318048e+03
    222 +1.200000e-02 +5.000000e-03 +8.863414e+01 +2.318048e+03
    223 +1.100000e-02 +5.000000e-03 +8.861687e+01 +2.317012e+03
    224 +1.000000e-02 +5.000000e-03 +8.842979e+01 +2.305787e+03
    225 +1.000000e-02 +5.000000e-03 +8.842979e+01 +2.305787e+03
    226 +1.000000e-02 +5.989541e-03 +8.803007e+01 +2.281804e+03
    227 +1.000000e-02 +6.979081e-03 +8.767432e+01 +2.260459e+03
    228 +1.000000e-02 +7.968622e-03 +8.733931e+01 +2.240358e+03
    229 +1.000000e-02 +8.958163e-03 +8.702590e+01 +2.221554e+03
    230 +1.000000e-02 +9.947703e-03 +8.673427e+01 +2.204056e+03
    231 +1.000000e-02 +1.093724e-02 +8.646432e+01 +2.187859e+03
    232 +1.000000e-02 +1.192678e-02 +8.621582e+01 +2.172949e+03
    233 +1.000000e-02 +1.291633e-02 +8.598843e+01 +2.159306e+03
    234 +1.000000e-02 +1.390587e-02 +8.578200e+01 +2.146920e+03
    235 +1.000000e-02 +1.489541e-02 +8.559649e+01 +2.135789e+03
    236 +1.000000e-02 +1.588495e-02 +8.543184e+01 +2.125910e+03
    237 +1.000000e-02 +1.687449e-02 +8.528799e+01 +2.117279e+03
    238 +1.000000e-02 +1.786403e-02 +8.516486e+01 +2.109891e+03
    239 +1.000000e-02 +1.885357e-02 +8.506236e+01 +2.103742e+03
    240 +1.000000e-02 +1.984311e-02 +8.498043e+01 +2.098826e+03
    241 +1.000000e-02 +2.083265e-02 +8.491895e+01 +2.095137e+03
    242 +1.000000e-02 +2.182219e-02 +8.487781e+01 +2.092668e+03
    243 +1.000000e-02 +2.281173e-02 +8.485754e+01 +2.091452e+03
    244 +1.000000e-02 +2.281173e-02 +8.485754e+01 +2.091452e+03
    245 +9.000000e-03 +2.281173e-02 +8.485756e+01 +2.091454e+03
    246 +9.000000e-03 +2.281173e-02 +8.485756e+01 +2.091454e+03
    247 +9.000000e-03 +2.182219e-02 +8.487775e+01 +2.092665e+03
    248 +9.000000e-03 +2.083265e-02 +8.491887e+01 +2.095132e+03
    249 +9.000000e-03 +1.984311e-02 +8.498036e+01 +2.098822e+03
    250 +9.000000e-03 +1.885357e-02 +8.506231e+01 +2.103739e+03
    251 +9.000000e-03 +1.786403e-02 +8.516481e+01 +2.109889e+03
    252 +9.000000e-03 +1.687449e-02 +8.528795e+01 +2.117277e+03
    253 +9.000000e-03 +1.588495e-02 +8.543179e+01 +2.125908e+03
    254 +9.000000e-03 +1.489541e-02 +8.559643e+01 +2.135786e+03
    255 +9.000000e-03 +1.390587e-02 +8.578191e+01 +2.146915e+03
    256 +9.000000e-03 +1.291633e-02 +8.598832e+01 +2.159299e+03
    257 +9.000000e-03 +1.192678e-02 +8.621572e+01 +2.172943e+03
    258 +9.000000e-03 +1.093724e-02 +8.646430e+01 +2.187858e+03
    259 +9.000000e-03 +9.947703e-03 +8.673430e+01 +2.204058e+03
    260 +9.000000e-03 +8.958163e-03 +8.702594e+01 +2.221557e+03
    261 +9.000000e-03 +7.968622e-03 +8.733938e+01 +2.240363e+03
    262 +9.000000e-03 +6.979081e-03 +8.767454e+01 +2.260473e+03
    263 +9.000000e-03 +5.989541e-03 +8.802999e+01 +2.281799e+03
    264 +9.000000e-03 +5.000000e-03 +8.840226e+01 +2.304135e+03
    265 +9.000000e-03 +5.000000e-03 +8.840226e+01 +2.304135e+03
    266 +8.000000e-03 +5.000000e-03 +8.847986e+01 +2.308791e+03
    267 +7.000000e-03 +5.000000e-03 +8.833146e+01 +2.299888e+03
    268 +7.000000e-03 +5.000000e-03 +8.833146e+01 +2.299888e+03
    269 +7.000000e-03 +6.023300e-03 +8.793672e+01 +2.276203e+03
    270 +7.000000e-03 +7.046601e-03 +8.757887e+01 +2.254732e+03
    271 +7.000000e-03 +8.069901e-03 +8.724277e+01 +2.234566e+03
    272 +7.000000e-03 +9.093201e-03 +8.692959e+01 +2.215775e+03
    273 +7.000000e-03 +1.011650e-02 +8.663947e+01 +2.198368e+03
    274 +7.000000e-03 +1.113980e-02 +8.637231e+01 +2.182339e+03
    275 +7.000000e-03 +1.216310e-02 +8.612796e+01 +2.167677e+03
    276 +7.000000e-03 +1.318640e-02 +8.590625e+01 +2.154375e+03
    277 +7.000000e-03 +1.420970e-02 +8.570705e+01 +2.142423e+03
    278 +7.000000e-03 +1.523300e-02 +8.553024e+01 +2.131815e+03
    279 +7.000000e-03 +1.625630e-02 +8.537571e+01 +2.122542e+03
    280 +7.000000e-03 +1.727960e-02 +8.524335e+01 +2.114601e+03
    281 +7.000000e-03 +1.830290e-02 +8.513309e+01 +2.107985e+03
    282 +7.000000e-03 +1.932620e-02 +8.504485e+01 +2.102691e+03
    283 +7.000000e-03 +2.034950e-02 +8.497857e+01 +2.098714e+03
    284 +7.000000e-03 +2.137280e-02 +8.493420e+01 +2.096052e+03
    285 +7.000000e-03 +2.239610e-02 +8.491243e+01 +2.094746e+03
    286 +7.000000e-03 +2.239610e-02 +8.491243e+01 +2.094746e+03
    287 +6.000000e-03 +2.239610e-02 +8.491226e+01 +2.094736e+03
    288 +6.000000e-03 +2.239610e-02 +8.491226e+01 +2.094736e+03
    289 +6.000000e-03 +2.137280e-02 +8.493417e+01 +2.096050e+03
    290 +6.000000e-03 +2.034950e-02 +8.497857e+01 +2.098714e+03
    291 +6.000000e-03 +1.932620e-02 +8.504484e+01 +2.102691e+03
    292 +6.000000e-03 +1.830290e-02 +8.513308e+01 +2.107985e+03
    293 +6.000000e-03 +1.727960e-02 +8.524334e+01 +2.114601e+03
    294 +6.000000e-03 +1.625630e-02 +8.537570e+01 +2.122542e+03
    295 +6.000000e-03 +1.523300e-02 +8.553024e+01 +2.131814e+03
    296 +6.000000e-03 +1.420970e-02 +8.570705e+01 +2.142423e+03
    297 +6.000000e-03 +1.318640e-02 +8.590624e+01 +2.154375e+03
    298 +6.000000e-03 +1.216310e-02 +8.612795e+01 +2.167677e+03
    299 +6.000000e-03 +1.113980e-02 +8.637231e+01 +2.182338e+03
    300 +6.000000e-03 +1.011650e-02 +8.663947e+01 +2.198368e+03
    301 +6.000000e-03 +9.093201e-03 +8.692958e+01 +2.215775e+03
    302 +6.000000e-03 +8.069901e-03 +8.724277e+01 +2.234566e+03
    303 +6.000000e-03 +7.046601e-03 +8.757891e+01 +2.254735e+03
    304 +6.000000e-03 +6.023300e-03 +8.793654e+01 +2.276192e+03
    305 +6.000000e-03 +5.000000e-03 +8.831641e+01 +2.298985e+03
    306 +6.000000e-03 +5.000000e-03 +8.831641e+01 +2.298985e+03
    307 +5.000000e-03 +5.000000e-03 +8.840750e+01 +2.304450e+03
    308 +4.000000e-03 +5.000000e-03 +8.826601e+01 +2.295960e+03
    309 +4.000000e-03 +5.000000e-03 +8.826601e+01 +2.295960e+03
    310 +4.000000e-03 +6.013005e-03 +8.784838e+01 +2.270903e+03
    311 +4.000000e-03 +7.026009e-03 +8.746293e+01 +2.247776e+03
    312 +4.000000e-03 +8.039014e-03 +8.709865e+01 +2.225919e+03
    313 +4.000000e-03 +9.052019e-03 +8.675666e+01 +2.205400e+03
    314 +4.000000e-03 +1.006502e-02 +8.643701e+01 +2.186221e+03
    315 +4.000000e-03 +1.107803e-02 +8.613956e+01 +2.168374e+03
    316 +4.000000e-03 +1.209103e-02 +8.586415e+01 +2.151849e+03
    317 +4.000000e-03 +1.310404e-02 +8.561062e+01 +2.136637e+03
    318 +4.000000e-03 +1.411704e-02 +8.537880e+01 +2.122728e+03
    319 +4.000000e-03 +1.513005e-02 +8.516857e+01 +2.110114e+03
    320 +4.000000e-03 +1.614305e-02 +8.497979e+01 +2.098787e+03
    321 +4.000000e-03 +1.715606e-02 +8.481234e+01 +2.088741e+03
    322 +4.000000e-03 +1.816906e-02 +8.466614e+01 +2.079968e+03
    323 +4.000000e-03 +1.918207e-02 +8.454109e+01 +2.072465e+03
    324 +4.000000e-03 +2.019507e-02 +8.443711e+01 +2.066226e+03
    325 +4.000000e-03 +2.120808e-02 +8.435413e+01 +2.061248e+03
    326 +4.000000e-03 +2.222108e-02 +8.429208e+01 +2.057525e+03
    327 +4.000000e-03 +2.323409e-02 +8.425069e+01 +2.055041e+03
    328 +4.000000e-03 +2.424709e-02 +8.423038e+01 +2.053823e+03
    329 +4.000000e-03 +2.424709e-02 +8.423038e+01 +2.053823e+03
    330 +3.000000e-03 +2.424709e-02 +8.423037e+01 +2.053822e+03
    331 +3.000000e-03 +2.424709e-02 +8.423037e+01 +2.053822e+03
    332 +3.000000e-03 +2.323409e-02 +8.425068e+01 +2.055041e+03
    333 +3.000000e-03 +2.222108e-02 +8.429212e+01 +2.057527e+03
    334 +3.000000e-03 +2.120808e-02 +8.435422e+01 +2.061253e+03
    335 +3.000000e-03 +2.019507e-02 +8.443722e+01 +2.066233e+03
    336 +3.000000e-03 +1.918207e-02 +8.454120e+01 +2.072472e+03
    337 +3.000000e-03 +1.816906e-02 +8.466625e+01 +2.079975e+03
    338 +3.000000e-03 +1.715606e-02 +8.481246e+01 +2.088747e+03
    339 +3.000000e-03 +1.614305e-02 +8.497990e+01 +2.098794e+03
    340 +3.000000e-03 +1.513005e-02 +8.516868e+01 +2.110121e+03
    341 +3.000000e-03 +1.411704e-02 +8.537892e+01 +2.122735e+03
    342 +3.000000e-03 +1.310404e-02 +8.561073e+01 +2.136644e+03
    343 +3.000000e-03 +1.209103e-02 +8.586427e+01 +2.151856e+03
    344 +3.000000e-03 +1.107803e-02 +8.613968e+01 +2.168381e+03
    345 +3.000000e-03 +1.006502e-02 +8.643713e+01 +2.186228e+03
    346 +3.000000e-03 +9.052019e-03 +8.675677e+01 +2.205406e+03
    347 +3.000000e-03 +8.039014e-03 +8.709874e+01 +2.225924e+03
    348 +3.000000e-03 +7.026009e-03 +8.746292e+01 +2.247775e+03
    349 +3.000000e-03 +6.013005e-03 +8.784810e+01 +2.270886e+03
    350 +3.000000e-03 +5.000000e-03 +8.826320e+01 +2.295792e+03
    351 +3.000000e-03 +5.000000e-03 +8.826320e+01 +2.295792e+03
    352 +2.000000e-03 +5.000000e-03 +8.839692e+01 +2.303815e+03
    353 +1.000000e-03 +5.000000e-03 +8.832780e+01 +2.299668e+03
    354 +1.000000e-03 +5.000000e-03 +8.832780e+01 +2.299668e+03
    355 +1.000000e-03 +5.999951e-03 +8.810126e+01 +2.286076e+03
    356 +1.000000e-03 +6.999903e-03 +8.790475e+01 +2.274285e+03
    357 +1.000000e-03 +7.999854e-03 +8.771990e+01 +2.263194e+03
    358 +1.000000e-03 +8.999805e-03 +8.754635e+01 +2.252781e+03
    359 +1.000000e-03 +9.999757e-03 +8.738415e+01 +2.243049e+03
    360 +1.000000e-03 +1.099971e-02 +8.723329e+01 +2.233997e+03
    361 +1.000000e-03 +1.199966e-02 +8.709375e+01 +2.225625e+03
    362 +1.000000e-03 +1.299961e-02 +8.696550e+01 +2.217930e+03
    363 +1.000000e-03 +1.399956e-02 +8.684850e+01 +2.210910e+03
    364 +1.000000e-03 +1.499951e-02 +8.674273e+01 +2.204564e+03
    365 +1.000000e-03 +1.599946e-02 +8.664815e+01 +2.198889e+03
    366 +1.000000e-03 +1.699942e-02 +8.656474e+01 +2.193884e+03
    367 +1.000000e-03 +1.799937e-02 +8.649246e+01 +2.189547e+03
    368 +1.000000e-03 +1.899932e-02 +8.643129e+01 +2.185877e+03
    369 +1.000000e-03 +1.999927e-02 +8.638121e+01 +2.182873e+03
    370 +1.000000e-03 +2.099922e-02 +8.634219e+01 +2.180532e+03
    371 +1.000000e-03 +2.199917e-02 +8.631420e+01 +2.178852e+03
    372 +1.000000e-03 +2.299912e-02 +8.629751e+01 +2.177851e+03
    373 +1.000000e-03 +2.299912e-02 +8.629751e+01 +2.177851e+03
    374 +0.000000e+00 +2.299912e-02 +8.630323e+01 +2.178194e+03
    375 +0.000000e+00 +2.299912e-02 +8.630323e+01 +0.000000e+00
    376 +0.000000e+00 +2.199916e-02 +8.631979e+01 +0.000000e+00
    377 +0.000000e+00 +2.099920e-02 +8.634778e+01 +0.000000e+00
    378 +0.000000e+00 +1.999924e-02 +8.638680e+01 +0.000000e+00
    379 +0.000000e+00 +1.899928e-02 +8.643688e+01 +0.000000e+00
    380 +0.000000e+00 +1.799931e-02 +8.649806e+01 +0.000000e+00
    381 +0.000000e+00 +1.699935e-02 +8.657035e+01 +0.000000e+00
    382 +0.000000e+00 +1.599939e-02 +8.665378e+01 +0.000000e+00
    383 +0.000000e+00 +1.499943e-02 +8.674838e+01 +0.000000e+00
    384 +0.000000e+00 +1.399947e-02 +8.685417e+01 +0.000000e+00
    385 +0.000000e+00 +1.299950e-02 +8.697119e+01 +0.000000e+00
    386 +0.000000e+00 +1.199954e-02 +8.709947e+01 +0.000000e+00
    387 +0.000000e+00 +1.099958e-02 +8.723904e+01 +0.000000e+00
    388 +0.000000e+00 +9.999619e-03 +8.738993e+01 +0.000000e+00
    389 +0.000000e+00 +8.999657e-03 +8.755217e+01 +0.000000e+00
    390 +0.000000e+00 +7.999695e-03 +8.772572e+01 +0.000000e+00
    391 +0.000000e+00 +6.999733e-03 +8.791034e+01 +0.000000e+00
    392 +0.000000e+00 +5.999772e-03 +8.810426e+01 +0.000000e+00
    393 +0.000000e+00 +4.999810e-03 +8.829282e+01 +0.000000e+00
    394 +0.000000e+00 +3.999848e-03 +8.844482e+01 +0.000000e+00
    395 +0.000000e+00 +2.999886e-03 +8.857307e+01 +0.000000e+00
    396 +0.000000e+00 +1.999924e-03 +8.869516e+01 +0.000000e+00
    397 +0.000000e+00 +9.999619e-04 +8.881484e+01 +0.000000e+00
    398 +0.000000e+00 +0.000000e+00 +8.893231e+01 +0.000000e+00

%_intp_ ______x1_____ ______x2_____ ______T______ _____qx1_____ _____qx2_____
      1 +1.400000e-02 +5.000000e-04 +8.912698e+01 -3.722231e+03 +2.297788e+04
      2 +1.400000e-02 +6.379310e-04 +8.911116e+01 -3.705227e+03 +2.288850e+04
      3 +1.400000e-02 +7.758621e-04 +8.909541e+01 -3.684207e+03 +2.279910e+04
      4 +1.400000e-02 +9.137931e-04 +8.907972e+01 -3.658795e+03 +2.270846e+04
      5 +1.400000e-02 +1.051724e-03 +8.906409e+01 -3.628592e+03 +2.261587e+04
      6 +1.400000e-02 +1.189655e-03 +8.904852e+01 -3.593156e+03 +2.252079e+04
      7 +1.400000e-02 +1.327586e-03 +8.903303e+01 -3.551979e+03 +2.242272e+04
      8 +1.400000e-02 +1.465517e-03 +8.901760e+01 -3.504477e+03 +2.232117e+04
      9 +1.400000e-02 +1.603448e-03 +8.900224e+01 -3.449973e+03 +2.221561e+04
     10 +1.400000e-02 +1.741379e-03 +8.898695e+01 -3.387681e+03 +2.210541e+04
     11 +1.400000e-02 +1.879310e-03 +8.897175e+01 -3.316696e+03 +2.198987e+04
     12 +1.400000e-02 +2.017241e-03 +8.895663e+01 -3.235973e+03 +2.186813e+04
     13 +1.400000e-02 +2.155172e-03 +8.894159e+01 -3.144312e+03 +2.173916e+04
     14 +1.400000e-02 +2.293103e-03 +8.892664e+01 -3.040339e+03 +2.160167e+04
     15 +1.400000e-02 +2.431034e-03 +8.891179e+01 -2.922481e+03 +2.145404e+04
     16 +1.400000e-02 +2.568966e-03 +8.889705e+01 -2.788951e+03 +2.129422e+04
     17 +1.400000e-02 +2.706897e-03 +8.888243e+01 -2.637722e+03 +2.111954e+04
     18 +1.400000e-02 +2.844828e-03 +8.886793e+01 -2.466515e+03 +2.092654e+04
     19 +1.400000e-02 +2.982759e-03 +8.885357e+01 -2.272783e+03 +2.071067e+04
     20 +1.400000e-02 +3.120690e-03 +8.883937e+01 -2.053722e+03 +2.046597e+04
     21 +1.400000e-02 +3.258621e-03 +8.882535e+01 -1.806291e+03 +2.018453e+04
     22 +1.400000e-02 +3.396552e-03 +8.881154e+01 -1.527277e+03 +1.985589e+04
     23 +1.400000e-02 +3.534483e-03 +8.879797e+01 -1.213418e+03 +1.946621e+04
     24 +1.400000e-02 +3.672414e-03 +8.878471e+01 -8.616100e+02 +1.899713e+04
     25 +1.400000e-02 +3.810345e-03 +8.877179e+01 -4.692505e+02 +1.842444e+04
     26 +1.400000e-02 +3.948276e-03 +8.875932e+01 -3.475722e+01 +1.771617e+04
     27 +1.400000e-02 +4.086207e-03 +8.874740e+01 +4.416706e+02 +1.683024e+04
     28 +1.400000e-02 +4.224138e-03 +8.873616e+01 +9.570272e+02 +1.571100e+04
     29 +1.400000e-02 +4.362069e-03 +8.872580e+01 +1.504264e+03 +1.428353e+04
     30 +1.400000e-02 +4.500000e-03 +8.871656e+01 +2.071094e+03 +1.244089e+04

