%_node_ ______x1_____ ______x2_____ ______T______ ______q______
      1 +0.000000e+00 +0.000000e+00 +9.056225e+01 -2.329200e+04
      2 +1.000000e-03 +0.000000e+00 +9.056000e+01 -2.329200e+04
      3 +2.000000e-03 +0.000000e+00 +9.055300e+01 -2.329200e+04
      4 +3.000000e-03 +0.000000e+00 +9.054240e+01 -2.329200e+04
      5 +4.000000e-03 +0.000000e+00 +9.052959e+01 -2.329200e+04
      6 +5.000000e-03 +0.000000e+00 +9.051600e+01 -2.329200e+04
      7 +6.000000e-03 +0.000000e+00 +9.050288e+01 -2.329200e+04
      8 +7.000000e-03 +0.000000e+00 +9.049102e+01 -2.329200e+04
      9 +8.000000e-03 +0.000000e+00 +9.048048e+01 -2.329200e+04
     10 +9.000000e-03 +0.000000e+00 +9.047084e+01 -2.329200e+04
     11 +1.000000e-02 +0.000000e+00 +9.046170e+01 -2.329200e+04
     12 +1.100000e-02 +0.000000e+00 +9.045316e+01 -2.329200e+04
     13 +1.200000e-02 +0.000000e+00 +9.044580e+01 -2.329200e+04
     14 +1.300000e-02 +0.000000e+00 +9.044025e+01 -2.329200e+04
     15 +1.400000e-02 +0.000000e+00 +9.043661e+01 -2.329200e+04
     16 +1.500000e-02 +0.000000e+00 +9.043425e+01 -2.329200e+04
     17 +1.600000e-02 +0.000000e+00 +9.043196e+01 -2.329200e+04
     18 +1.700000e-02 +0.000000e+00 +9.042822e+01 -2.329200e+04
     19 +1.800000e-02 +0.000000e+00 +9.042157e+01 -2.329200e+04
     20 +1.900000e-02 +0.000000e+00 +9.041129e+01 -2.329200e+04
     21 +2.000000e-02 +0.000000e+00 +9.039786e+01 -2.329200e+04
     22 +2.100000e-02 +0.000000e+00 +9.038282e+01 -2.329200e+04
     23 +2.200000e-02 +0.000000e+00 +9.036807e+01 -2.329200e+04
     24 +2.300000e-02 +0.000000e+00 +9.035498e+01 -2.329200e+04
     25 +2.400000e-02 +0.000000e+00 +9.034419e+01 -2.329200e+04
     26 +2.500000e-02 +0.000000e+00 +9.033582e+01 -2.329200e+04
     27 +2.600000e-02 +0.000000e+00 +9.032982e+01 -2.329200e+04
     28 +2.700000e-02 +0.000000e+00 +9.032616e+01 -2.329200e+04
     29 +2.800000e-02 +0.000000e+00 +9.032506e+01 -2.329200e+04
     30 +2.800000e-02 +0.000000e+00 +9.032506e+01 +0.000000e+00
     31 +2.800000e-02 +9.983937e-04 +9.020754e+01 +0.000000e+00
     32 +2.800000e-02 +1.996787e-03 +9.008716e+01 +0.000000e+00
     33 +2.800000e-02 +2.995181e-03 +8.996268e+01 +0.000000e+00
     34 +2.800000e-02 +3.993575e-03 +8.982800e+01 +0.000000e+00
     35 +2.800000e-02 +4.991969e-03 +8.966122e+01 +0.000000e+00
     36 +2.800000e-02 +5.990362e-03 +8.944867e+01 +0.000000e+00
     37 +2.800000e-02 +6.988756e-03 +8.922838e+01 +0.000000e+00
     38 +2.800000e-02 +7.987150e-03 +8.901760e+01 +0.000000e+00
     39 +2.800000e-02 +8.985543e-03 +8.881825e+01 +0.000000e+00
     40 +2.800000e-02 +9.983937e-03 +8.863056e+01 +0.000000e+00
     41 +2.800000e-02 +1.098233e-02 +8.845457e+01 +0.000000e+00
     42 +2.800000e-02 +1.198072e-02 +8.829025e+01 +0.000000e+00
     43 +2.800000e-02 +1.297912e-02 +8.813755e+01 +0.000000e+00
     44 +2.800000e-02 +1.397751e-02 +8.799646e+01 +0.000000e+00
     45 +2.800000e-02 +1.497591e-02 +8.786692e+01 +0.000000e+00
     46 +2.800000e-02 +1.597430e-02 +8.774891e+01 +0.000000e+00
     47 +2.800000e-02 +1.697269e-02 +8.764238e+01 +0.000000e+00
     48 +2.800000e-02 +1.797109e-02 +8.754731e+01 +0.000000e+00
     49 +2.800000e-02 +1.896948e-02 +8.746366e+01 +0.000000e+00
     50 +2.800000e-02 +1.996787e-02 +8.739136e+01 +0.000000e+00
     51 +2.800000e-02 +2.096627e-02 +8.733029e+01 +0.000000e+00
     52 +2.800000e-02 +2.196466e-02 +8.728031e+01 +0.000000e+00
     53 +2.800000e-02 +2.296306e-02 +8.724134e+01 +0.000000e+00
     54 +2.800000e-02 +2.396145e-02 +8.721333e+01 +0.000000e+00
     55 +2.800000e-02 +2.495984e-02 +8.719663e+01 +0.000000e+00
     56 +2.800000e-02 +2.495984e-02 +8.719663e+01 +2.231798e+03
     57 +2.700000e-02 +2.495984e-02 +8.719107e+01 +2.231464e+03
     58 +2.700000e-02 +2.495984e-02 +8.719107e+01 +2.231464e+03
     59 +2.700000e-02 +2.396185e-02 +8.720774e+01 +2.232465e+03
     60 +2.700000e-02 +2.296386e-02 +8.723574e+01 +2.234145e+03
     61 +2.700000e-02 +2.196587e-02 +8.727470e+01 +2.236482e+03
     62 +2.700000e-02 +2.096787e-02 +8.732461e+01 +2.239477e+03
     63 +2.700000e-02 +1.996988e-02 +8.738555e+01 +2.243133e+03
     64 +2.700000e-02 +1.897189e-02 +8.745773e+01 +2.247464e+03
     65 +2.700000e-02 +1.797390e-02 +8.754129e+01 +2.252477e+03
     66 +2.700000e-02 +1.697591e-02 +8.763627e+01 +2.258176e+03
     67 +2.700000e-02 +1.597791e-02 +8.774270e+01 +2.264562e+03
     68 +2.700000e-02 +1.497992e-02 +8.786060e+01 +2.271636e+03
     69 +2.700000e-02 +1.398193e-02 +8.799002e+01 +2.279401e+03
     70 +2.700000e-02 +1.298394e-02 +8.813098e+01 +2.287859e+03
     71 +2.700000e-02 +1.198594e-02 +8.828352e+01 +2.297011e+03
     72 +2.700000e-02 +1.098795e-02 +8.844768e+01 +2.306861e+03
     73 +2.700000e-02 +9.989961e-03 +8.862350e+01 +2.317410e+03
     74 +2.700000e-02 +8.991969e-03 +8.881100e+01 +2.328660e+03
     75 +2.700000e-02 +7.993976e-03 +8.901018e+01 +2.340611e+03
     76 +2.700000e-02 +6.995984e-03 +8.922099e+01 +2.353259e+03
     77 +2.700000e-02 +5.997992e-03 +8.944391e+01 +2.366634e+03
     78 +2.700000e-02 +5.000000e-03 +8.970174e+01 +2.382105e+03
     79 +2.700000e-02 +5.000000e-03 +8.970174e+01 +2.382105e+03
     80 +2.600000e-02 +5.000000e-03 +8.979454e+01 +2.387672e+03
     81 +2.500000e-02 +5.000000e-03 +8.969159e+01 +2.381495e+03
     82 +2.500000e-02 +5.000000e-03 +8.969159e+01 +2.381495e+03
     83 +2.500000e-02 +6.024230e-03 +8.933634e+01 +2.360180e+03
     84 +2.500000e-02 +7.048461e-03 +8.900973e+01 +2.340584e+03
     85 +2.500000e-02 +8.072691e-03 +8.870563e+01 +2.322338e+03
     86 +2.500000e-02 +9.096921e-03 +8.842522e+01 +2.305513e+03
     87 +2.500000e-02 +1.012115e-02 +8.816862e+01 +2.290117e+03
     88 +2.500000e-02 +1.114538e-02 +8.793574e+01 +2.276145e+03
     89 +2.500000e-02 +1.216961e-02 +8.772645e+01 +2.263587e+03
     90 +2.500000e-02 +1.319384e-02 +8.754061e+01 +2.252437e+03
     91 +2.500000e-02 +1.421807e-02 +8.737812e+01 +2.242687e+03
     92 +2.500000e-02 +1.524230e-02 +8.723887e+01 +2.234332e+03
     93 +2.500000e-02 +1.626653e-02 +8.712277e+01 +2.227366e+03
     94 +2.500000e-02 +1.729076e-02 +8.702976e+01 +2.221786e+03
     95 +2.500000e-02 +1.831499e-02 +8.695977e+01 +2.217586e+03
     96 +2.500000e-02 +1.933922e-02 +8.691273e+01 +2.214764e+03
     97 +2.500000e-02 +2.036345e-02 +8.688944e+01 +2.213367e+03
     98 +2.500000e-02 +2.036345e-02 +8.688944e+01 +2.213367e+03
     99 +2.400000e-02 +2.036345e-02 +8.688921e+01 +2.213353e+03
    100 +2.400000e-02 +2.036345e-02 +8.688921e+01 +2.213353e+03
    101 +2.400000e-02 +1.933922e-02 +8.691262e+01 +2.214757e+03
    102 +2.400000e-02 +1.831499e-02 +8.695966e+01 +2.217580e+03
    103 +2.400000e-02 +1.729076e-02 +8.702965e+01 +2.221779e+03
    104 +2.400000e-02 +1.626653e-02 +8.712267e+01 +2.227360e+03
    105 +2.400000e-02 +1.524230e-02 +8.723876e+01 +2.234326e+03
    106 +2.400000e-02 +1.421807e-02 +8.737801e+01 +2.242681e+03
    107 +2.400000e-02 +1.319384e-02 +8.754050e+01 +2.252430e+03
    108 +2.400000e-02 +1.216961e-02 +8.772634e+01 +2.263580e+03
    109 +2.400000e-02 +1.114538e-02 +8.793563e+01 +2.276138e+03
    110 +2.400000e-02 +1.012115e-02 +8.816851e+01 +2.290111e+03
    111 +2.400000e-02 +9.096921e-03 +8.842512e+01 +2.305507e+03
    112 +2.400000e-02 +8.072691e-03 +8.870555e+01 +2.322333e+03
    113 +2.400000e-02 +7.048461e-03 +8.900975e+01 +2.340585e+03
    114 +2.400000e-02 +6.024230e-03 +8.933663e+01 +2.360198e+03
    115 +2.400000e-02 +5.000000e-03 +8.969477e+01 +2.381686e+03
    116 +2.400000e-02 +5.000000e-03 +8.969477e+01 +2.381686e+03
    117 +2.300000e-02 +5.000000e-03 +8.980725e+01 +2.388435e+03
    118 +2.200000e-02 +5.000000e-03 +8.969377e+01 +2.381626e+03
    119 +2.200000e-02 +5.000000e-03 +8.969377e+01 +2.381626e+03
    120 +2.200000e-02 +5.996924e-03 +8.927891e+01 +2.356735e+03
    121 +2.200000e-02 +6.993848e-03 +8.888796e+01 +2.333278e+03
    122 +2.200000e-02 +7.990772e-03 +8.851842e+01 +2.311105e+03
    123 +2.200000e-02 +8.987697e-03 +8.817159e+01 +2.290295e+03
    124 +2.200000e-02 +9.984621e-03 +8.784748e+01 +2.270849e+03
    125 +2.200000e-02 +1.098154e-02 +8.754585e+01 +2.252751e+03
    126 +2.200000e-02 +1.197847e-02 +8.726647e+01 +2.235988e+03
    127 +2.200000e-02 +1.297539e-02 +8.700917e+01 +2.220550e+03
    128 +2.200000e-02 +1.397232e-02 +8.677385e+01 +2.206431e+03
    129 +2.200000e-02 +1.496924e-02 +8.656041e+01 +2.193625e+03
    130 +2.200000e-02 +1.596617e-02 +8.636877e+01 +2.182126e+03
    131 +2.200000e-02 +1.696309e-02 +8.619883e+01 +2.171930e+03
    132 +2.200000e-02 +1.796001e-02 +8.605047e+01 +2.163028e+03
    133 +2.200000e-02 +1.895694e-02 +8.592360e+01 +2.155416e+03
    134 +2.200000e-02 +1.995386e-02 +8.581812e+01 +2.149087e+03
    135 +2.200000e-02 +2.095079e-02 +8.573383e+01 +2.144030e+03
    136 +2.200000e-02 +2.194771e-02 +8.567047e+01 +2.140228e+03
    137 +2.200000e-02 +2.294463e-02 +8.562791e+01 +2.137674e+03
    138 +2.200000e-02 +2.394156e-02 +8.560687e+01 +2.136412e+03
    139 +2.200000e-02 +2.394156e-02 +8.560687e+01 +2.136412e+03
    140 +2.100000e-02 +2.394156e-02 +8.560681e+01 +2.136408e+03
    141 +2.100000e-02 +2.394156e-02 +8.560681e+01 +2.136408e+03
    142 +2.100000e-02 +2.294463e-02 +8.562786e+01 +2.137671e+03
    143 +2.100000e-02 +2.194771e-02 +8.567039e+01 +2.140224e+03
    144 +2.100000e-02 +2.095079e-02 +8.573376e+01 +2.144026e+03
    145 +2.100000e-02 +1.995386e-02 +8.581811e+01 +2.149087e+03
    146 +2.100000e-02 +1.895694e-02 +8.592363e+01 +2.155418e+03
    147 +2.100000e-02 +1.796001e-02 +8.605050e+01 +2.163030e+03
    148 +2.100000e-02 +1.696309e-02 +8.619885e+01 +2.171931e+03
    149 +2.100000e-02 +1.596617e-02 +8.636880e+01 +2.182128e+03
    150 +2.100000e-02 +1.496924e-02 +8.656044e+01 +2.193627e+03
    151 +2.100000e-02 +1.397232e-02 +8.677389e+01 +2.206434e+03
    152 +2.100000e-02 +1.297539e-02 +8.700924e+01 +2.220555e+03
    153 +2.100000e-02 +1.197847e-02 +8.726658e+01 +2.235995e+03
    154 +2.100000e-02 +1.098154e-02 +8.754597e+01 +2.252758e+03
    155 +2.100000e-02 +9.984621e-03 +8.784753e+01 +2.270852e+03
    156 +2.100000e-02 +8.987697e-03 +8.817158e+01 +2.290295e+03
    157 +2.100000e-02 +7.990772e-03 +8.851836e+01 +2.311102e+03
    158 +2.100000e-02 +6.993848e-03 +8.888777e+01 +2.333266e+03
    159 +2.100000e-02 +5.996924e-03 +8.927880e+01 +2.356728e+03
    160 +2.100000e-02 +5.000000e-03 +8.971173e+01 +2.382704e+03
    161 +2.100000e-02 +5.000000e-03 +8.971173e+01 +2.382704e+03
    162 +2.000000e-02 +5.000000e-03 +8.989856e+01 +2.393914e+03
    163 +1.900000e-02 +5.000000e-03 +8.991337e+01 +2.394802e+03
    164 +1.900000e-02 +5.000000e-03 +8.991337e+01 +2.394802e+03
    165 +1.900000e-02 +6.047464e-03 +8.979116e+01 +2.387469e+03
    166 +1.900000e-02 +7.094927e-03 +8.968760e+01 +2.381256e+03
    167 +1.900000e-02 +8.142391e-03 +8.960877e+01 +2.376526e+03
    168 +1.900000e-02 +9.189855e-03 +8.955564e+01 +2.373339e+03
    169 +1.900000e-02 +1.023732e-02 +8.952920e+01 +2.371752e+03
    170 +1.900000e-02 +1.023732e-02 +8.952920e+01 +2.371752e+03
    171 +1.800000e-02 +1.023732e-02 +8.952916e+01 +2.371750e+03
    172 +1.800000e-02 +1.023732e-02 +8.952916e+01 +2.371750e+03
    173 +1.800000e-02 +9.189855e-03 +8.955562e+01 +2.373337e+03
    174 +1.800000e-02 +8.142391e-03 +8.960874e+01 +2.376524e+03
    175 +1.800000e-02 +7.094927e-03 +8.968751e+01 +2.381251e+03
    176 +1.800000e-02 +6.047464e-03 +8.979107e+01 +2.387464e+03
    177 +1.800000e-02 +5.000000e-03 +8.992307e+01 +2.395384e+03
    178 +1.800000e-02 +5.000000e-03 +8.992307e+01 +2.395384e+03
    179 +1.700000e-02 +5.000000e-03 +8.994703e+01 +2.396822e+03
    180 +1.600000e-02 +5.000000e-03 +8.982088e+01 +2.389253e+03
    181 +1.600000e-02 +5.000000e-03 +8.982088e+01 +2.389253e+03
    182 +1.600000e-02 +6.025029e-03 +8.947704e+01 +2.368622e+03
    183 +1.600000e-02 +7.050057e-03 +8.916852e+01 +2.350111e+03
    184 +1.600000e-02 +8.075086e-03 +8.888308e+01 +2.332985e+03
    185 +1.600000e-02 +9.100115e-03 +8.862175e+01 +2.317305e+03
    186 +1.600000e-02 +1.012514e-02 +8.838464e+01 +2.303079e+03
    187 +1.600000e-02 +1.115017e-02 +8.817152e+01 +2.290291e+03
    188 +1.600000e-02 +1.217520e-02 +8.798212e+01 +2.278927e+03
    189 +1.600000e-02 +1.320023e-02 +8.781640e+01 +2.268984e+03
    190 +1.600000e-02 +1.422526e-02 +8.767434e+01 +2.260461e+03
    191 +1.600000e-02 +1.525029e-02 +8.755591e+01 +2.253354e+03
    192 +1.600000e-02 +1.627532e-02 +8.746103e+01 +2.247662e+03
    193 +1.600000e-02 +1.730034e-02 +8.738967e+01 +2.243380e+03
    194 +1.600000e-02 +1.832537e-02 +8.734172e+01 +2.240503e+03
    195 +1.600000e-02 +1.935040e-02 +8.731795e+01 +2.239077e+03
    196 +1.600000e-02 +1.935040e-02 +8.731795e+01 +2.239077e+03
    197 +1.500000e-02 +1.935040e-02 +8.731785e+01 +2.239071e+03
    198 +1.500000e-02 +1.935040e-02 +8.731785e+01 +2.239071e+03
    199 +1.500000e-02 +1.832537e-02 +8.734170e+01 +2.240502e+03
    200 +1.500000e-02 +1.730034e-02 +8.738966e+01 +2.243380e+03
    201 +1.500000e-02 +1.627532e-02 +8.746103e+01 +2.247662e+03
    202 +1.500000e-02 +1.525029e-02 +8.755590e+01 +2.253354e+03
    203 +1.500000e-02 +1.422526e-02 +8.767433e+01 +2.260460e+03
    204 +1.500000e-02 +1.320023e-02 +8.781636e+01 +2.268982e+03
    205 +1.500000e-02 +1.217520e-02 +8.798204e+01 +2.278923e+03
    206 +1.500000e-02 +1.115017e-02 +8.817142e+01 +2.290285e+03
    207 +1.500000e-02 +1.012514e-02 +8.838460e+01 +2.303076e+03
    208 +1.500000e-02 +9.100115e-03 +8.862177e+01 +2.317306e+03
    209 +1.500000e-02 +8.075086e-03 +8.888316e+01 +2.332990e+03
    210 +1.500000e-02 +7.050057e-03 +8.916876e+01 +2.350126e+03
    211 +1.500000e-02 +6.025029e-03 +8.947751e+01 +2.368651e+03
    212 +1.500000e-02 +5.000000e-03 +8.981202e+01 +2.388721e+03
    213 +1.500000e-02 +5.000000e-03 +8.981202e+01 +2.388721e+03
    214 +1.400000e-02 +5.000000e-03 +8.989733e+01 +2.393840e+03
    215 +1.300000e-02 +5.000000e-03 +8.976308e+01 +2.385785e+03
    216 +1.300000e-02 +5.000000e-03 +8.976308e+01 +2.385785e+03
    217 +1.300000e-02 +5.980422e-03 +8.935364e+01 +2.361218e+03
    218 +1.300000e-02 +6.960845e-03 +8.897317e+01 +2.338390e+03
    219 +1.300000e-02 +7.941267e-03 +8.861338e+01 +2.316803e+03
    220 +1.300000e-02 +8.921690e-03 +8.827555e+01 +2.296533e+03
    221 +1.300000e-02 +9.902112e-03 +8.795980e+01 +2.277588e+03
    222 +1.300000e-02 +1.088253e-02 +8.766602e+01 +2.259961e+03
    223 +1.300000e-02 +1.186296e-02 +8.739407e+01 +2.243644e+03
    224 +1.300000e-02 +1.284338e-02 +8.714378e+01 +2.228627e+03
    225 +1.300000e-02 +1.382380e-02 +8.691502e+01 +2.214901e+03
    226 +1.300000e-02 +1.480422e-02 +8.670762e+01 +2.202457e+03
    227 +1.300000e-02 +1.578465e-02 +8.652140e+01 +2.191284e+03
    228 +1.300000e-02 +1.676507e-02 +8.635615e+01 +2.181369e+03
    229 +1.300000e-02 +1.774549e-02 +8.621174e+01 +2.172705e+03
    230 +1.300000e-02 +1.872591e-02 +8.608814e+01 +2.165288e+03
    231 +1.300000e-02 +1.970634e-02 +8.598523e+01 +2.159114e+03
    232 +1.300000e-02 +2.068676e-02 +8.590280e+01 +2.154168e+03
    233 +1.300000e-02 +2.166718e-02 +8.584074e+01 +2.150444e+03
    234 +1.300000e-02 +2.264760e-02 +8.579900e+01 +2.147940e+03
    235 +1.300000e-02 +2.362803e-02 +8.577830e+01 +2.146698e+03
    236 +1.300000e-02 +2.362803e-02 +8.577830e+01 +2.146698e+03
    237 +1.200000e-02 +2.362803e-02 +8.577825e+01 +2.146695e+03
    238 +1.200000e-02 +2.362803e-02 +8.577825e+01 +2.146695e+03
    239 +1.200000e-02 +2.264760e-02 +8.579895e+01 +2.147937e+03
    240 +1.200000e-02 +2.166718e-02 +8.584066e+01 +2.150440e+03
    241 +1.200000e-02 +2.068676e-02 +8.590271e+01 +2.154162e+03
    242 +1.200000e-02 +1.970634e-02 +8.598517e+01 +2.159110e+03
    243 +1.200000e-02 +1.872591e-02 +8.608816e+01 +2.165290e+03
    244 +1.200000e-02 +1.774549e-02 +8.621183e+01 +2.172710e+03
    245 +1.200000e-02 +1.676507e-02 +8.635627e+01 +2.181376e+03
    246 +1.200000e-02 +1.578465e-02 +8.652151e+01 +2.191290e+03
    247 +1.200000e-02 +1.480422e-02 +8.670766e+01 +2.202460e+03
    248 +1.200000e-02 +1.382380e-02 +8.691502e+01 +2.214901e+03
    249 +1.200000e-02 +1.284338e-02 +8.714377e+01 +2.228626e+03
    250 +1.200000e-02 +1.186296e-02 +8.739406e+01 +2.243643e+03
    251 +1.200000e-02 +1.088253e-02 +8.766601e+01 +2.259961e+03
    252 +1.200000e-02 +9.902112e-03 +8.795979e+01 +2.277587e+03
    253 +1.200000e-02 +8.921690e-03 +8.827554e+01 +2.296532e+03
    254 +1.200000e-02 +7.941267e-03 +8.861336e+01 +2.316801e+03
    255 +1.200000e-02 +6.960845e-03 +8.897310e+01 +2.338386e+03
    256 +1.200000e-02 +5.980422e-03 +8.935359e+01 +2.361215e+03
    257 +1.200000e-02 +5.000000e-03 +8.976841e+01 +2.386105e+03
    258 +1.200000e-02 +5.000000e-03 +8.976841e+01 +2.386105e+03
    259 +1.100000e-02 +5.000000e-03 +8.992441e+01 +2.395465e+03
    260 +1.000000e-02 +5.000000e-03 +8.987949e+01 +2.392769e+03
    261 +1.000000e-02 +5.000000e-03 +8.987949e+01 +2.392769e+03
    262 +1.000000e-02 +6.035905e-03 +8.963271e+01 +2.377963e+03
    263 +1.000000e-02 +7.071809e-03 +8.940932e+01 +2.364559e+03
    264 +1.000000e-02 +8.107714e-03 +8.920951e+01 +2.352570e+03
    265 +1.000000e-02 +9.143619e-03 +8.903451e+01 +2.342070e+03
    266 +1.000000e-02 +1.017952e-02 +8.888447e+01 +2.333068e+03
    267 +1.000000e-02 +1.121543e-02 +8.875936e+01 +2.325562e+03
    268 +1.000000e-02 +1.225133e-02 +8.865910e+01 +2.319546e+03
    269 +1.000000e-02 +1.328724e-02 +8.858362e+01 +2.315017e+03
    270 +1.000000e-02 +1.432314e-02 +8.853286e+01 +2.311971e+03
    271 +1.000000e-02 +1.535905e-02 +8.850758e+01 +2.310455e+03
    272 +1.000000e-02 +1.535905e-02 +8.850758e+01 +2.310455e+03
    273 +9.000000e-03 +1.535905e-02 +8.850754e+01 +2.310452e+03
    274 +9.000000e-03 +1.535905e-02 +8.850754e+01 +2.310452e+03
    275 +9.000000e-03 +1.432314e-02 +8.853284e+01 +2.311970e+03
    276 +9.000000e-03 +1.328724e-02 +8.858361e+01 +2.315016e+03
    277 +9.000000e-03 +1.225133e-02 +8.865908e+01 +2.319545e+03
    278 +9.000000e-03 +1.121543e-02 +8.875934e+01 +2.325561e+03
    279 +9.000000e-03 +1.017952e-02 +8.888446e+01 +2.333067e+03
    280 +9.000000e-03 +9.143619e-03 +8.903449e+01 +2.342069e+03
    281 +9.000000e-03 +8.107714e-03 +8.920949e+01 +2.352569e+03
    282 +9.000000e-03 +7.071809e-03 +8.940928e+01 +2.364557e+03
    283 +9.000000e-03 +6.035905e-03 +8.963276e+01 +2.377965e+03
    284 +9.000000e-03 +5.000000e-03 +8.988571e+01 +2.393142e+03
    285 +9.000000e-03 +5.000000e-03 +8.988571e+01 +2.393142e+03
    286 +8.000000e-03 +5.000000e-03 +8.995420e+01 +2.397252e+03
    287 +7.000000e-03 +5.000000e-03 +8.982404e+01 +2.389442e+03
    288 +7.000000e-03 +5.000000e-03 +8.982404e+01 +2.389442e+03
    289 +7.000000e-03 +6.016063e-03 +8.940878e+01 +2.364527e+03
    290 +7.000000e-03 +7.032126e-03 +8.902315e+01 +2.341389e+03
    291 +7.000000e-03 +8.048189e-03 +8.865985e+01 +2.319591e+03
    292 +7.000000e-03 +9.064251e-03 +8.832012e+01 +2.299207e+03
    293 +7.000000e-03 +1.008031e-02 +8.800406e+01 +2.280243e+03
    294 +7.000000e-03 +1.109638e-02 +8.771152e+01 +2.262691e+03
    295 +7.000000e-03 +1.211244e-02 +8.744236e+01 +2.246542e+03
    296 +7.000000e-03 +1.312850e-02 +8.719641e+01 +2.231785e+03
    297 +7.000000e-03 +1.414457e-02 +8.697353e+01 +2.218412e+03
    298 +7.000000e-03 +1.516063e-02 +8.677355e+01 +2.206413e+03
    299 +7.000000e-03 +1.617669e-02 +8.659621e+01 +2.195773e+03
    300 +7.000000e-03 +1.719275e-02 +8.644124e+01 +2.186474e+03
    301 +7.000000e-03 +1.820882e-02 +8.630851e+01 +2.178511e+03
    302 +7.000000e-03 +1.922488e-02 +8.619792e+01 +2.171875e+03
    303 +7.000000e-03 +2.024094e-02 +8.610937e+01 +2.166562e+03
    304 +7.000000e-03 +2.125701e-02 +8.604284e+01 +2.162570e+03
    305 +7.000000e-03 +2.227307e-02 +8.599825e+01 +2.159895e+03
    306 +7.000000e-03 +2.328913e-02 +8.597625e+01 +2.158575e+03
    307 +7.000000e-03 +2.328913e-02 +8.597625e+01 +2.158575e+03
    308 +6.000000e-03 +2.328913e-02 +8.597631e+01 +2.158579e+03
    309 +6.000000e-03 +2.328913e-02 +8.597631e+01 +2.158579e+03
    310 +6.000000e-03 +2.227307e-02 +8.599830e+01 +2.159898e+03
    311 +6.000000e-03 +2.125701e-02 +8.604290e+01 +2.162574e+03
    312 +6.000000e-03 +2.024094e-02 +8.610946e+01 +2.166568e+03
    313 +6.000000e-03 +1.922488e-02 +8.619801e+01 +2.171881e+03
    314 +6.000000e-03 +1.820882e-02 +8.630856e+01 +2.178513e+03
    315 +6.000000e-03 +1.719275e-02 +8.644119e+01 +2.186471e+03
    316 +6.000000e-03 +1.617669e-02 +8.659611e+01 +2.195767e+03
    317 +6.000000e-03 +1.516063e-02 +8.677350e+01 +2.206410e+03
    318 +6.000000e-03 +1.414457e-02 +8.697353e+01 +2.218412e+03
    319 +6.000000e-03 +1.312850e-02 +8.719643e+01 +2.231786e+03
    320 +6.000000e-03 +1.211244e-02 +8.744239e+01 +2.246543e+03
    321 +6.000000e-03 +1.109638e-02 +8.771155e+01 +2.262693e+03
    322 +6.000000e-03 +1.008031e-02 +8.800408e+01 +2.280245e+03
    323 +6.000000e-03 +9.064251e-03 +8.832015e+01 +2.299209e+03
    324 +6.000000e-03 +8.048189e-03 +8.865988e+01 +2.319593e+03
    325 +6.000000e-03 +7.032126e-03 +8.902319e+01 +2.341392e+03
    326 +6.000000e-03 +6.016063e-03 +8.940901e+01 +2.364540e+03
    327 +6.000000e-03 +5.000000e-03 +8.983089e+01 +2.389854e+03
    328 +6.000000e-03 +5.000000e-03 +8.983089e+01 +2.389854e+03
    329 +5.000000e-03 +5.000000e-03 +8.998576e+01 +2.399145e+03
    330 +4.000000e-03 +5.000000e-03 +8.993068e+01 +2.395841e+03
    331 +4.000000e-03 +5.000000e-03 +8.993068e+01 +2.395841e+03
    332 +4.000000e-03 +5.992759e-03 +8.964185e+01 +2.378511e+03
    333 +4.000000e-03 +6.985519e-03 +8.937245e+01 +2.362347e+03
    334 +4.000000e-03 +7.978278e-03 +8.912459e+01 +2.347475e+03
    335 +4.000000e-03 +8.971037e-03 +8.889941e+01 +2.333965e+03
    336 +4.000000e-03 +9.963797e-03 +8.869698e+01 +2.321819e+03
    337 +4.000000e-03 +1.095656e-02 +8.851721e+01 +2.311033e+03
    338 +4.000000e-03 +1.194932e-02 +8.836001e+01 +2.301601e+03
    339 +4.000000e-03 +1.294207e-02 +8.822530e+01 +2.293518e+03
    340 +4.000000e-03 +1.393483e-02 +8.811297e+01 +2.286778e+03
    341 +4.000000e-03 +1.492759e-02 +8.802294e+01 +2.281376e+03
    342 +4.000000e-03 +1.592035e-02 +8.795512e+01 +2.277307e+03
    343 +4.000000e-03 +1.691311e-02 +8.790941e+01 +2.274565e+03
    344 +4.000000e-03 +1.790587e-02 +8.788650e+01 +2.273190e+03
    345 +4.000000e-03 +1.790587e-02 +8.788650e+01 +2.273190e+03
    346 +3.000000e-03 +1.790587e-02 +8.788685e+01 +2.273211e+03
    347 +3.000000e-03 +1.790587e-02 +8.788685e+01 +2.273211e+03
    348 +3.000000e-03 +1.691311e-02 +8.790957e+01 +2.274574e+03
    349 +3.000000e-03 +1.592035e-02 +8.795529e+01 +2.277317e+03
    350 +3.000000e-03 +1.492759e-02 +8.802309e+01 +2.281386e+03
    351 +3.000000e-03 +1.393483e-02 +8.811310e+01 +2.286786e+03
    352 +3.000000e-03 +1.294207e-02 +8.822542e+01 +2.293525e+03
    353 +3.000000e-03 +1.194932e-02 +8.836013e+01 +2.301608e+03
    354 +3.000000e-03 +1.095656e-02 +8.851733e+01 +2.311040e+03
    355 +3.000000e-03 +9.963797e-03 +8.869710e+01 +2.321826e+03
    356 +3.000000e-03 +8.971037e-03 +8.889952e+01 +2.333971e+03
    357 +3.000000e-03 +7.978278e-03 +8.912466e+01 +2.347479e+03
    358 +3.000000e-03 +6.985519e-03 +8.937233e+01 +2.362340e+03
    359 +3.000000e-03 +5.992759e-03 +8.964171e+01 +2.378503e+03
    360 +3.000000e-03 +5.000000e-03 +8.994811e+01 +2.396886e+03
    361 +3.000000e-03 +5.000000e-03 +8.994811e+01 +2.396886e+03
    362 +2.000000e-03 +5.000000e-03 +9.007513e+01 +2.404508e+03
    363 +1.000000e-03 +5.000000e-03 +9.005450e+01 +2.403270e+03
    364 +1.000000e-03 +5.000000e-03 +9.005450e+01 +2.403270e+03
    365 +1.000000e-03 +5.989967e-03 +8.992093e+01 +2.395256e+03
    366 +1.000000e-03 +6.979935e-03 +8.980820e+01 +2.388492e+03
    367 +1.000000e-03 +7.969902e-03 +8.970744e+01 +2.382447e+03
    368 +1.000000e-03 +8.959869e-03 +8.961844e+01 +2.377107e+03
    369 +1.000000e-03 +9.949837e-03 +8.954122e+01 +2.372473e+03
    370 +1.000000e-03 +1.093980e-02 +8.947577e+01 +2.368546e+03
    371 +1.000000e-03 +1.192977e-02 +8.942208e+01 +2.365325e+03
    372 +1.000000e-03 +1.291974e-02 +8.938014e+01 +2.362808e+03
    373 +1.000000e-03 +1.390971e-02 +8.934991e+01 +2.360995e+03
    374 +1.000000e-03 +1.489967e-02 +8.933171e+01 +2.359903e+03
    375 +1.000000e-03 +1.489967e-02 +8.933171e+01 +2.359903e+03
    376 +0.000000e+00 +1.489967e-02 +8.933796e+01 +2.360278e+03
    377 +0.000000e+00 +1.489967e-02 +8.933796e+01 +0.000000e+00
    378 +0.000000e+00 +1.390636e-02 +8.935605e+01 +0.000000e+00
    379 +0.000000e+00 +1.291305e-02 +8.938643e+01 +0.000000e+00
    380 +0.000000e+00 +1.191974e-02 +8.942862e+01 +0.000000e+00
    381 +0.000000e+00 +1.092643e-02 +8.948263e+01 +0.000000e+00
    382 +0.000000e+00 +9.933116e-03 +8.954850e+01 +0.000000e+00
    383 +0.000000e+00 +8.939804e-03 +8.962621e+01 +0.000000e+00
    384 +0.000000e+00 +7.946493e-03 +8.971575e+01 +0.000000e+00
    385 +0.000000e+00 +6.953181e-03 +8.981693e+01 +0.000000e+00
    386 +0.000000e+00 +5.959869e-03 +8.992849e+01 +0.000000e+00
    387 +0.000000e+00 +4.966558e-03 +9.004176e+01 +0.000000e+00
    388 +0.000000e+00 +3.973246e-03 +9.014196e+01 +0.000000e+00
    389 +0.000000e+00 +2.979935e-03 +9.023887e+01 +0.000000e+00
    390 +0.000000e+00 +1.986623e-03 +9.034098e+01 +0.000000e+00
    391 +0.000000e+00 +9.933116e-04 +9.044895e+01 +0.000000e+00
    392 +0.000000e+00 +0.000000e+00 +9.056225e+01 +0.000000e+00

%_intp_ ______x1_____ ______x2_____ ______T______ _____qx1_____ _____qx2_____
      1 +1.400000e-02 +5.000000e-04 +9.037825e+01 +5.505458e+02 +2.342940e+04
      2 +1.400000e-02 +6.379310e-04 +9.036208e+01 +5.341218e+02 +2.346886e+04
      3 +1.400000e-02 +7.758621e-04 +9.034588e+01 +5.140022e+02 +2.350897e+04
      4 +1.400000e-02 +9.137931e-04 +9.032965e+01 +4.899797e+02 +2.355033e+04
      5 +1.400000e-02 +1.051724e-03 +9.031340e+01 +4.618673e+02 +2.359331e+04
      6 +1.400000e-02 +1.189655e-03 +9.029711e+01 +4.294772e+02 +2.363815e+04
      7 +1.400000e-02 +1.327586e-03 +9.028079e+01 +3.926062e+02 +2.368499e+04
      8 +1.400000e-02 +1.465517e-03 +9.026444e+01 +3.510256e+02 +2.373390e+04
      9 +1.400000e-02 +1.603448e-03 +9.024806e+01 +3.044722e+02 +2.378482e+04
     10 +1.400000e-02 +1.741379e-03 +9.023164e+01 +2.526417e+02 +2.383759e+04
     11 +1.400000e-02 +1.879310e-03 +9.021518e+01 +1.951810e+02 +2.389182e+04
     12 +1.400000e-02 +2.017241e-03 +9.019868e+01 +1.316802e+02 +2.394692e+04
     13 +1.400000e-02 +2.155172e-03 +9.018215e+01 +6.166324e+01 +2.400194e+04
     14 +1.400000e-02 +2.293103e-03 +9.016557e+01 -1.542211e+01 +2.405549e+04
     15 +1.400000e-02 +2.431034e-03 +9.014897e+01 -1.002164e+02 +2.410562e+04
     16 +1.400000e-02 +2.568966e-03 +9.013233e+01 -1.934614e+02 +2.414957e+04
     17 +1.400000e-02 +2.706897e-03 +9.011566e+01 -2.960140e+02 +2.418356e+04
     18 +1.400000e-02 +2.844828e-03 +9.009897e+01 -4.088603e+02 +2.420242e+04
     19 +1.400000e-02 +2.982759e-03 +9.008228e+01 -5.331282e+02 +2.419918e+04
     20 +1.400000e-02 +3.120690e-03 +9.006560e+01 -6.700962e+02 +2.416446e+04
     21 +1.400000e-02 +3.258621e-03 +9.004896e+01 -8.211937e+02 +2.408573e+04
     22 +1.400000e-02 +3.396552e-03 +9.003240e+01 -9.879865e+02 +2.394631e+04
     23 +1.400000e-02 +3.534483e-03 +9.001595e+01 -1.172136e+03 +2.372410e+04
     24 +1.400000e-02 +3.672414e-03 +8.999970e+01 -1.375315e+03 +2.338997e+04
     25 +1.400000e-02 +3.810345e-03 +8.998372e+01 -1.599061e+03 +2.290569e+04
     26 +1.400000e-02 +3.948276e-03 +8.996815e+01 -1.844526e+03 +2.222128e+04
     27 +1.400000e-02 +4.086207e-03 +8.995313e+01 -2.112090e+03 +2.127175e+04
     28 +1.400000e-02 +4.224138e-03 +8.993889e+01 -2.400806e+03 +1.997241e+04
     29 +1.400000e-02 +4.362069e-03 +8.992569e+01 -2.707678e+03 +1.821118e+04
     30 +1.400000e-02 +4.500000e-03 +8.991391e+01 -3.026875e+03 +1.583143e+04

