%_node_ ______x1_____ ______x2_____ ______T______ ______q______
      1 +0.000000e+00 +0.000000e+00 +1.025798e+02 -2.329200e+04
      2 +1.000000e-03 +0.000000e+00 +1.025770e+02 -2.329200e+04
      3 +2.000000e-03 +0.000000e+00 +1.025688e+02 -2.329200e+04
      4 +3.000000e-03 +0.000000e+00 +1.025572e+02 -2.329200e+04
      5 +4.000000e-03 +0.000000e+00 +1.025443e+02 -2.329200e+04
      6 +5.000000e-03 +0.000000e+00 +1.025309e+02 -2.329200e+04
      7 +6.000000e-03 +0.000000e+00 +1.025166e+02 -2.329200e+04
      8 +7.000000e-03 +0.000000e+00 +1.025018e+02 -2.329200e+04
      9 +8.000000e-03 +0.000000e+00 +1.024884e+02 -2.329200e+04
     10 +9.000000e-03 +0.000000e+00 +1.024801e+02 -2.329200e+04
     11 +1.000000e-02 +0.000000e+00 +1.024797e+02 -2.329200e+04
     12 +1.100000e-02 +0.000000e+00 +1.024869e+02 -2.329200e+04
     13 +1.200000e-02 +0.000000e+00 +1.024980e+02 -2.329200e+04
     14 +1.300000e-02 +0.000000e+00 +1.025091e+02 -2.329200e+04
     15 +1.400000e-02 +0.000000e+00 +1.025186e+02 -2.329200e+04
     16 +1.500000e-02 +0.000000e+00 +1.025273e+02 -2.329200e+04
     17 +1.600000e-02 +0.000000e+00 +1.025379e+02 -2.329200e+04
     18 +1.700000e-02 +0.000000e+00 +1.025531e+02 -2.329200e+04
     19 +1.800000e-02 +0.000000e+00 +1.025741e+02 -2.329200e+04
     20 +1.900000e-02 +0.000000e+00 +1.026007e+02 -2.329200e+04
     21 +2.000000e-02 +0.000000e+00 +1.026309e+02 -2.329200e+04
     22 +2.100000e-02 +0.000000e+00 +1.026615e+02 -2.329200e+04
     23 +2.200000e-02 +0.000000e+00 +1.026894e+02 -2.329200e+04
     24 +2.300000e-02 +0.000000e+00 +1.027131e+02 -2.329200e+04
     25 +2.400000e-02 +0.000000e+00 +1.027323e+02 -2.329200e+04
     26 +2.500000e-02 +0.000000e+00 +1.027475e+02 -2.329200e+04
     27 +2.600000e-02 +0.000000e+00 +1.027588e+02 -2.329200e+04
     28 +2.700000e-02 +0.000000e+00 +1.027659e+02 -2.329200e+04
     29 +2.800000e-02 +0.000000e+00 +1.027682e+02 -2.329200e+04
     30 +2.800000e-02 +0.000000e+00 +1.027682e+02 +0.000000e+00
     31 +2.800000e-02 +1.021478e-03 +1.022946e+02 +0.000000e+00
     32 +2.800000e-02 +2.042956e-03 +1.018257e+02 +0.000000e+00
     33 +2.800000e-02 +3.064434e-03 +1.013585e+02 +0.000000e+00
     34 +2.800000e-02 +4.085912e-03 +1.008747e+02 +0.000000e+00
     35 +2.800000e-02 +5.107391e-03 +1.003037e+02 +0.000000e+00
     36 +2.800000e-02 +6.128869e-03 +9.962100e+01 +0.000000e+00
     37 +2.800000e-02 +7.150347e-03 +9.895037e+01 +0.000000e+00
     38 +2.800000e-02 +8.171825e-03 +9.833572e+01 +0.000000e+00
     39 +2.800000e-02 +9.193303e-03 +9.778114e+01 +0.000000e+00
     40 +2.800000e-02 +1.021478e-02 +9.728673e+01 +0.000000e+00
     41 +2.800000e-02 +1.123626e-02 +9.685208e+01 +0.000000e+00
     42 +2.800000e-02 +1.225774e-02 +9.647671e+01 +0.000000e+00
     43 +2.800000e-02 +1.327922e-02 +9.616015e+01 +0.000000e+00
     44 +2.800000e-02 +1.430069e-02 +9.590199e+01 +0.000000e+00
     45 +2.800000e-02 +1.532217e-02 +9.570181e+01 +0.000000e+00
     46 +2.800000e-02 +1.634365e-02 +9.555910e+01 +0.000000e+00
     47 +2.800000e-02 +1.736513e-02 +9.547499e+01 +0.000000e+00
     48 +2.800000e-02 +1.736513e-02 +9.547499e+01 +2.728499e+03
     49 +2.700000e-02 +1.736513e-02 +9.544763e+01 +2.726858e+03
     50 +2.700000e-02 +1.736513e-02 +9.544763e+01 +2.726858e+03
     51 +2.700000e-02 +1.633470e-02 +9.553233e+01 +2.731940e+03
     52 +2.700000e-02 +1.530427e-02 +9.567680e+01 +2.740608e+03
     53 +2.700000e-02 +1.427385e-02 +9.587987e+01 +2.752792e+03
     54 +2.700000e-02 +1.324342e-02 +9.614193e+01 +2.768516e+03
     55 +2.700000e-02 +1.221299e-02 +9.646338e+01 +2.787803e+03
     56 +2.700000e-02 +1.118256e-02 +9.684465e+01 +2.810679e+03
     57 +2.700000e-02 +1.015214e-02 +9.728623e+01 +2.837174e+03
     58 +2.700000e-02 +9.121709e-03 +9.778861e+01 +2.867316e+03
     59 +2.700000e-02 +8.091282e-03 +9.835228e+01 +2.901137e+03
     60 +2.700000e-02 +7.060855e-03 +9.897760e+01 +2.938656e+03
     61 +2.700000e-02 +6.030427e-03 +9.966628e+01 +2.979977e+03
     62 +2.700000e-02 +5.000000e-03 +1.004865e+02 +3.029190e+03
     63 +2.700000e-02 +5.000000e-03 +1.004865e+02 +3.029190e+03
     64 +2.600000e-02 +5.000000e-03 +1.007250e+02 +3.043500e+03
     65 +2.500000e-02 +5.000000e-03 +1.002891e+02 +3.017347e+03
     66 +2.500000e-02 +5.000000e-03 +1.002891e+02 +3.017347e+03
     67 +2.500000e-02 +5.999553e-03 +9.899077e+01 +2.939446e+03
     68 +2.500000e-02 +6.999106e-03 +9.783971e+01 +2.870383e+03
     69 +2.500000e-02 +7.998659e-03 +9.679710e+01 +2.807826e+03
     70 +2.500000e-02 +8.998212e-03 +9.586479e+01 +2.751887e+03
     71 +2.500000e-02 +9.997765e-03 +9.504153e+01 +2.702492e+03
     72 +2.500000e-02 +1.099732e-02 +9.432562e+01 +2.659537e+03
     73 +2.500000e-02 +1.199687e-02 +9.371540e+01 +2.622924e+03
     74 +2.500000e-02 +1.299642e-02 +9.320927e+01 +2.592556e+03
     75 +2.500000e-02 +1.399598e-02 +9.280560e+01 +2.568336e+03
     76 +2.500000e-02 +1.499553e-02 +9.250286e+01 +2.550171e+03
     77 +2.500000e-02 +1.599508e-02 +9.229997e+01 +2.537998e+03
     78 +2.500000e-02 +1.699463e-02 +9.219999e+01 +2.532000e+03
     79 +2.500000e-02 +1.699463e-02 +9.219999e+01 +2.532000e+03
     80 +2.400000e-02 +1.699463e-02 +9.219973e+01 +2.531984e+03
     81 +2.400000e-02 +1.699463e-02 +9.219973e+01 +2.531984e+03
     82 +2.400000e-02 +1.599508e-02 +9.230002e+01 +2.538001e+03
     83 +2.400000e-02 +1.499553e-02 +9.250300e+01 +2.550180e+03
     84 +2.400000e-02 +1.399598e-02 +9.280563e+01 +2.568338e+03
     85 +2.400000e-02 +1.299642e-02 +9.320893e+01 +2.592536e+03
     86 +2.400000e-02 +1.199687e-02 +9.371482e+01 +2.622889e+03
     87 +2.400000e-02 +1.099732e-02 +9.432498e+01 +2.659499e+03
     88 +2.400000e-02 +9.997765e-03 +9.504087e+01 +2.702452e+03
     89 +2.400000e-02 +8.998212e-03 +9.586413e+01 +2.751848e+03
     90 +2.400000e-02 +7.998659e-03 +9.679651e+01 +2.807791e+03
     91 +2.400000e-02 +6.999106e-03 +9.783933e+01 +2.870360e+03
     92 +2.400000e-02 +5.999553e-03 +9.899057e+01 +2.939434e+03
     93 +2.400000e-02 +5.000000e-03 +1.002795e+02 +3.016771e+03
     94 +2.400000e-02 +5.000000e-03 +1.002795e+02 +3.016771e+03
     95 +2.300000e-02 +5.000000e-03 +1.006789e+02 +3.040735e+03
     96 +2.200000e-02 +5.000000e-03 +1.003834e+02 +3.023004e+03
     97 +2.200000e-02 +5.000000e-03 +1.003834e+02 +3.023004e+03
     98 +2.200000e-02 +6.058106e-03 +9.935744e+01 +2.961447e+03
     99 +2.200000e-02 +7.116212e-03 +9.848377e+01 +2.909026e+03
    100 +2.200000e-02 +8.174318e-03 +9.773389e+01 +2.864033e+03
    101 +2.200000e-02 +9.232425e-03 +9.711035e+01 +2.826621e+03
    102 +2.200000e-02 +1.029053e-02 +9.661244e+01 +2.796747e+03
    103 +2.200000e-02 +1.134864e-02 +9.623898e+01 +2.774339e+03
    104 +2.200000e-02 +1.240674e-02 +9.598887e+01 +2.759332e+03
    105 +2.200000e-02 +1.346485e-02 +9.586514e+01 +2.751909e+03
    106 +2.200000e-02 +1.346485e-02 +9.586514e+01 +2.751909e+03
    107 +2.100000e-02 +1.346485e-02 +9.586512e+01 +2.751907e+03
    108 +2.100000e-02 +1.346485e-02 +9.586512e+01 +2.751907e+03
    109 +2.100000e-02 +1.240674e-02 +9.598886e+01 +2.759331e+03
    110 +2.100000e-02 +1.134864e-02 +9.623897e+01 +2.774338e+03
    111 +2.100000e-02 +1.029053e-02 +9.661242e+01 +2.796745e+03
    112 +2.100000e-02 +9.232425e-03 +9.711033e+01 +2.826620e+03
    113 +2.100000e-02 +8.174318e-03 +9.773389e+01 +2.864033e+03
    114 +2.100000e-02 +7.116212e-03 +9.848390e+01 +2.909034e+03
    115 +2.100000e-02 +6.058106e-03 +9.935752e+01 +2.961451e+03
    116 +2.100000e-02 +5.000000e-03 +1.003571e+02 +3.021424e+03
    117 +2.100000e-02 +5.000000e-03 +1.003571e+02 +3.021424e+03
    118 +2.000000e-02 +5.000000e-03 +1.005481e+02 +3.032888e+03
    119 +1.900000e-02 +5.000000e-03 +9.999852e+01 +2.999911e+03
    120 +1.900000e-02 +5.000000e-03 +9.999852e+01 +2.999911e+03
    121 +1.900000e-02 +6.019298e-03 +9.848411e+01 +2.909046e+03
    122 +1.900000e-02 +7.038596e-03 +9.713373e+01 +2.828024e+03
    123 +1.900000e-02 +8.057894e-03 +9.589431e+01 +2.753659e+03
    124 +1.900000e-02 +9.077191e-03 +9.476804e+01 +2.686082e+03
    125 +1.900000e-02 +1.009649e-02 +9.375334e+01 +2.625201e+03
    126 +1.900000e-02 +1.111579e-02 +9.284800e+01 +2.570880e+03
    127 +1.900000e-02 +1.213508e-02 +9.204985e+01 +2.522991e+03
    128 +1.900000e-02 +1.315438e-02 +9.135685e+01 +2.481411e+03
    129 +1.900000e-02 +1.417368e-02 +9.076667e+01 +2.446000e+03
    130 +1.900000e-02 +1.519298e-02 +9.027692e+01 +2.416615e+03
    131 +1.900000e-02 +1.621228e-02 +8.988640e+01 +2.393184e+03
    132 +1.900000e-02 +1.723157e-02 +8.959429e+01 +2.375657e+03
    133 +1.900000e-02 +1.825087e-02 +8.939944e+01 +2.363967e+03
    134 +1.900000e-02 +1.927017e-02 +8.930378e+01 +2.358227e+03
    135 +1.900000e-02 +1.927017e-02 +8.930378e+01 +2.358227e+03
    136 +1.800000e-02 +1.927017e-02 +8.930416e+01 +2.358249e+03
    137 +1.800000e-02 +1.927017e-02 +8.930416e+01 +2.358249e+03
    138 +1.800000e-02 +1.825087e-02 +8.939945e+01 +2.363967e+03
    139 +1.800000e-02 +1.723157e-02 +8.959400e+01 +2.375640e+03
    140 +1.800000e-02 +1.621228e-02 +8.988596e+01 +2.393158e+03
    141 +1.800000e-02 +1.519298e-02 +9.027638e+01 +2.416583e+03
    142 +1.800000e-02 +1.417368e-02 +9.076616e+01 +2.445970e+03
    143 +1.800000e-02 +1.315438e-02 +9.135668e+01 +2.481401e+03
    144 +1.800000e-02 +1.213508e-02 +9.204995e+01 +2.522997e+03
    145 +1.800000e-02 +1.111579e-02 +9.284817e+01 +2.570890e+03
    146 +1.800000e-02 +1.009649e-02 +9.375352e+01 +2.625211e+03
    147 +1.800000e-02 +9.077191e-03 +9.476821e+01 +2.686093e+03
    148 +1.800000e-02 +8.057894e-03 +9.589453e+01 +2.753672e+03
    149 +1.800000e-02 +7.038596e-03 +9.713419e+01 +2.828051e+03
    150 +1.800000e-02 +6.019298e-03 +9.848454e+01 +2.909072e+03
    151 +1.800000e-02 +5.000000e-03 +9.996770e+01 +2.998062e+03
    152 +1.800000e-02 +5.000000e-03 +9.996770e+01 +2.998062e+03
    153 +1.700000e-02 +5.000000e-03 +1.003913e+02 +3.023478e+03
    154 +1.600000e-02 +5.000000e-03 +9.997628e+01 +2.998577e+03
    155 +1.600000e-02 +5.000000e-03 +9.997628e+01 +2.998577e+03
    156 +1.600000e-02 +6.007322e-03 +9.858956e+01 +2.915374e+03
    157 +1.600000e-02 +7.014644e-03 +9.733928e+01 +2.840357e+03
    158 +1.600000e-02 +8.021966e-03 +9.619798e+01 +2.771879e+03
    159 +1.600000e-02 +9.029289e-03 +9.516819e+01 +2.710091e+03
    160 +1.600000e-02 +1.003661e-02 +9.424844e+01 +2.654907e+03
    161 +1.600000e-02 +1.104393e-02 +9.343671e+01 +2.606203e+03
    162 +1.600000e-02 +1.205126e-02 +9.273087e+01 +2.563852e+03
    163 +1.600000e-02 +1.305858e-02 +9.212875e+01 +2.527725e+03
    164 +1.600000e-02 +1.406590e-02 +9.162839e+01 +2.497704e+03
    165 +1.600000e-02 +1.507322e-02 +9.122847e+01 +2.473708e+03
    166 +1.600000e-02 +1.608054e-02 +9.092815e+01 +2.455689e+03
    167 +1.600000e-02 +1.708787e-02 +9.072673e+01 +2.443604e+03
    168 +1.600000e-02 +1.809519e-02 +9.062697e+01 +2.437618e+03
    169 +1.600000e-02 +1.809519e-02 +9.062697e+01 +2.437618e+03
    170 +1.500000e-02 +1.809519e-02 +9.062743e+01 +2.437646e+03
    171 +1.500000e-02 +1.809519e-02 +9.062743e+01 +2.437646e+03
    172 +1.500000e-02 +1.708787e-02 +9.072702e+01 +2.443621e+03
    173 +1.500000e-02 +1.608054e-02 +9.092846e+01 +2.455708e+03
    174 +1.500000e-02 +1.507322e-02 +9.122886e+01 +2.473732e+03
    175 +1.500000e-02 +1.406590e-02 +9.162891e+01 +2.497735e+03
    176 +1.500000e-02 +1.305858e-02 +9.212927e+01 +2.527756e+03
    177 +1.500000e-02 +1.205126e-02 +9.273107e+01 +2.563864e+03
    178 +1.500000e-02 +1.104393e-02 +9.343664e+01 +2.606199e+03
    179 +1.500000e-02 +1.003661e-02 +9.424831e+01 +2.654899e+03
    180 +1.500000e-02 +9.029289e-03 +9.516804e+01 +2.710082e+03
    181 +1.500000e-02 +8.021966e-03 +9.619777e+01 +2.771866e+03
    182 +1.500000e-02 +7.014644e-03 +9.733876e+01 +2.840326e+03
    183 +1.500000e-02 +6.007322e-03 +9.858850e+01 +2.915310e+03
    184 +1.500000e-02 +5.000000e-03 +9.998891e+01 +2.999335e+03
    185 +1.500000e-02 +5.000000e-03 +9.998891e+01 +2.999335e+03
    186 +1.400000e-02 +5.000000e-03 +1.004665e+02 +3.027989e+03
    187 +1.300000e-02 +5.000000e-03 +1.002490e+02 +3.014943e+03
    188 +1.300000e-02 +5.000000e-03 +1.002490e+02 +3.014943e+03
    189 +1.300000e-02 +6.048518e-03 +9.936417e+01 +2.961850e+03
    190 +1.300000e-02 +7.097037e-03 +9.862030e+01 +2.917218e+03
    191 +1.300000e-02 +8.145555e-03 +9.799779e+01 +2.879867e+03
    192 +1.300000e-02 +9.194073e-03 +9.749976e+01 +2.849986e+03
    193 +1.300000e-02 +1.024259e-02 +9.712592e+01 +2.827555e+03
    194 +1.300000e-02 +1.129111e-02 +9.687534e+01 +2.812520e+03
    195 +1.300000e-02 +1.233963e-02 +9.675108e+01 +2.805065e+03
    196 +1.300000e-02 +1.233963e-02 +9.675108e+01 +2.805065e+03
    197 +1.200000e-02 +1.233963e-02 +9.675138e+01 +2.805083e+03
    198 +1.200000e-02 +1.233963e-02 +9.675138e+01 +2.805083e+03
    199 +1.200000e-02 +1.129111e-02 +9.687546e+01 +2.812527e+03
    200 +1.200000e-02 +1.024259e-02 +9.712603e+01 +2.827562e+03
    201 +1.200000e-02 +9.194073e-03 +9.749987e+01 +2.849992e+03
    202 +1.200000e-02 +8.145555e-03 +9.799793e+01 +2.879876e+03
    203 +1.200000e-02 +7.097037e-03 +9.862067e+01 +2.917240e+03
    204 +1.200000e-02 +6.048518e-03 +9.936481e+01 +2.961889e+03
    205 +1.200000e-02 +5.000000e-03 +1.002286e+02 +3.013719e+03
    206 +1.200000e-02 +5.000000e-03 +1.002286e+02 +3.013719e+03
    207 +1.100000e-02 +5.000000e-03 +1.003592e+02 +3.021550e+03
    208 +1.000000e-02 +5.000000e-03 +9.969653e+01 +2.981792e+03
    209 +1.000000e-02 +5.000000e-03 +9.969653e+01 +2.981792e+03
    210 +1.000000e-02 +5.985810e-03 +9.790459e+01 +2.874276e+03
    211 +1.000000e-02 +6.971620e-03 +9.626934e+01 +2.776160e+03
    212 +1.000000e-02 +7.957429e-03 +9.473526e+01 +2.684116e+03
    213 +1.000000e-02 +8.943239e-03 +9.330452e+01 +2.598271e+03
    214 +1.000000e-02 +9.929049e-03 +9.197510e+01 +2.518506e+03
    215 +1.000000e-02 +1.091486e-02 +9.074426e+01 +2.444655e+03
    216 +1.000000e-02 +1.190067e-02 +8.960916e+01 +2.376550e+03
    217 +1.000000e-02 +1.288648e-02 +8.856653e+01 +2.313992e+03
    218 +1.000000e-02 +1.387229e-02 +8.761266e+01 +2.256760e+03
    219 +1.000000e-02 +1.485810e-02 +8.674495e+01 +2.204697e+03
    220 +1.000000e-02 +1.584391e-02 +8.596178e+01 +2.157707e+03
    221 +1.000000e-02 +1.682972e-02 +8.526174e+01 +2.115705e+03
    222 +1.000000e-02 +1.781553e-02 +8.464345e+01 +2.078607e+03
    223 +1.000000e-02 +1.880134e-02 +8.410550e+01 +2.046330e+03
    224 +1.000000e-02 +1.978715e-02 +8.364656e+01 +2.018794e+03
    225 +1.000000e-02 +2.077296e-02 +8.326545e+01 +1.995927e+03
    226 +1.000000e-02 +2.175877e-02 +8.296115e+01 +1.977669e+03
    227 +1.000000e-02 +2.274458e-02 +8.273280e+01 +1.963968e+03
    228 +1.000000e-02 +2.373039e-02 +8.257963e+01 +1.954778e+03
    229 +1.000000e-02 +2.471620e-02 +8.250377e+01 +1.950226e+03
    230 +1.000000e-02 +2.471620e-02 +8.250377e+01 +1.950226e+03
    231 +9.000000e-03 +2.471620e-02 +8.250374e+01 +1.950225e+03
    232 +9.000000e-03 +2.471620e-02 +8.250374e+01 +1.950225e+03
    233 +9.000000e-03 +2.373039e-02 +8.257961e+01 +1.954777e+03
    234 +9.000000e-03 +2.274458e-02 +8.273278e+01 +1.963967e+03
    235 +9.000000e-03 +2.175877e-02 +8.296112e+01 +1.977667e+03
    236 +9.000000e-03 +2.077296e-02 +8.326542e+01 +1.995925e+03
    237 +9.000000e-03 +1.978715e-02 +8.364652e+01 +2.018791e+03
    238 +9.000000e-03 +1.880134e-02 +8.410545e+01 +2.046327e+03
    239 +9.000000e-03 +1.781553e-02 +8.464342e+01 +2.078605e+03
    240 +9.000000e-03 +1.682972e-02 +8.526174e+01 +2.115705e+03
    241 +9.000000e-03 +1.584391e-02 +8.596182e+01 +2.157709e+03
    242 +9.000000e-03 +1.485810e-02 +8.674503e+01 +2.204702e+03
    243 +9.000000e-03 +1.387229e-02 +8.761268e+01 +2.256761e+03
    244 +9.000000e-03 +1.288648e-02 +8.856640e+01 +2.313984e+03
    245 +9.000000e-03 +1.190067e-02 +8.960910e+01 +2.376546e+03
    246 +9.000000e-03 +1.091486e-02 +9.074434e+01 +2.444660e+03
    247 +9.000000e-03 +9.929049e-03 +9.197522e+01 +2.518513e+03
    248 +9.000000e-03 +8.943239e-03 +9.330465e+01 +2.598279e+03
    249 +9.000000e-03 +7.957429e-03 +9.473540e+01 +2.684124e+03
    250 +9.000000e-03 +6.971620e-03 +9.626951e+01 +2.776171e+03
    251 +9.000000e-03 +5.985810e-03 +9.790477e+01 +2.874286e+03
    252 +9.000000e-03 +5.000000e-03 +9.969426e+01 +2.981656e+03
    253 +9.000000e-03 +5.000000e-03 +9.969426e+01 +2.981656e+03
    254 +8.000000e-03 +5.000000e-03 +1.003466e+02 +3.020795e+03
    255 +7.000000e-03 +5.000000e-03 +1.001889e+02 +3.011334e+03
    256 +7.000000e-03 +5.000000e-03 +1.001889e+02 +3.011334e+03
    257 +7.000000e-03 +5.994278e-03 +9.929998e+01 +2.957999e+03
    258 +7.000000e-03 +6.988555e-03 +9.852092e+01 +2.911255e+03
    259 +7.000000e-03 +7.982833e-03 +9.785010e+01 +2.871006e+03
    260 +7.000000e-03 +8.977110e-03 +9.729124e+01 +2.837474e+03
    261 +7.000000e-03 +9.971388e-03 +9.684405e+01 +2.810643e+03
    262 +7.000000e-03 +1.096567e-02 +9.650764e+01 +2.790459e+03
    263 +7.000000e-03 +1.195994e-02 +9.628112e+01 +2.776867e+03
    264 +7.000000e-03 +1.295422e-02 +9.616786e+01 +2.770072e+03
    265 +7.000000e-03 +1.295422e-02 +9.616786e+01 +2.770072e+03
    266 +6.000000e-03 +1.295422e-02 +9.616755e+01 +2.770053e+03
    267 +6.000000e-03 +1.295422e-02 +9.616755e+01 +2.770053e+03
    268 +6.000000e-03 +1.195994e-02 +9.628098e+01 +2.776859e+03
    269 +6.000000e-03 +1.096567e-02 +9.650753e+01 +2.790452e+03
    270 +6.000000e-03 +9.971388e-03 +9.684394e+01 +2.810637e+03
    271 +6.000000e-03 +8.977110e-03 +9.729113e+01 +2.837468e+03
    272 +6.000000e-03 +7.982833e-03 +9.784994e+01 +2.870996e+03
    273 +6.000000e-03 +6.988555e-03 +9.852055e+01 +2.911233e+03
    274 +6.000000e-03 +5.994278e-03 +9.929964e+01 +2.957979e+03
    275 +6.000000e-03 +5.000000e-03 +1.002114e+02 +3.012687e+03
    276 +6.000000e-03 +5.000000e-03 +1.002114e+02 +3.012687e+03
    277 +5.000000e-03 +5.000000e-03 +1.004628e+02 +3.027770e+03
    278 +4.000000e-03 +5.000000e-03 +9.998777e+01 +2.999266e+03
    279 +4.000000e-03 +5.000000e-03 +9.998777e+01 +2.999266e+03
    280 +4.000000e-03 +6.020400e-03 +9.849913e+01 +2.909948e+03
    281 +4.000000e-03 +7.040799e-03 +9.715556e+01 +2.829333e+03
    282 +4.000000e-03 +8.061199e-03 +9.592270e+01 +2.755362e+03
    283 +4.000000e-03 +9.081598e-03 +9.480224e+01 +2.688134e+03
    284 +4.000000e-03 +1.010200e-02 +9.379232e+01 +2.627539e+03
    285 +4.000000e-03 +1.112240e-02 +9.289069e+01 +2.573441e+03
    286 +4.000000e-03 +1.214280e-02 +9.209518e+01 +2.525711e+03
    287 +4.000000e-03 +1.316320e-02 +9.140365e+01 +2.484219e+03
    288 +4.000000e-03 +1.418360e-02 +9.081355e+01 +2.448813e+03
    289 +4.000000e-03 +1.520400e-02 +9.032306e+01 +2.419383e+03
    290 +4.000000e-03 +1.622440e-02 +8.993119e+01 +2.395871e+03
    291 +4.000000e-03 +1.724480e-02 +8.963709e+01 +2.378225e+03
    292 +4.000000e-03 +1.826519e-02 +8.944002e+01 +2.366401e+03
    293 +4.000000e-03 +1.928559e-02 +8.934257e+01 +2.360554e+03
    294 +4.000000e-03 +1.928559e-02 +8.934257e+01 +2.360554e+03
    295 +3.000000e-03 +1.928559e-02 +8.934321e+01 +2.360593e+03
    296 +3.000000e-03 +1.928559e-02 +8.934321e+01 +2.360593e+03
    297 +3.000000e-03 +1.826519e-02 +8.944037e+01 +2.366422e+03
    298 +3.000000e-03 +1.724480e-02 +8.963750e+01 +2.378250e+03
    299 +3.000000e-03 +1.622440e-02 +8.993157e+01 +2.395894e+03
    300 +3.000000e-03 +1.520400e-02 +9.032322e+01 +2.419393e+03
    301 +3.000000e-03 +1.418360e-02 +9.081352e+01 +2.448811e+03
    302 +3.000000e-03 +1.316320e-02 +9.140374e+01 +2.484225e+03
    303 +3.000000e-03 +1.214280e-02 +9.209559e+01 +2.525736e+03
    304 +3.000000e-03 +1.112240e-02 +9.289124e+01 +2.573474e+03
    305 +3.000000e-03 +1.010200e-02 +9.379290e+01 +2.627574e+03
    306 +3.000000e-03 +9.081598e-03 +9.480282e+01 +2.688169e+03
    307 +3.000000e-03 +8.061199e-03 +9.592322e+01 +2.755393e+03
    308 +3.000000e-03 +7.040799e-03 +9.715587e+01 +2.829352e+03
    309 +3.000000e-03 +6.020400e-03 +9.849922e+01 +2.909953e+03
    310 +3.000000e-03 +5.000000e-03 +1.000002e+02 +3.000011e+03
    311 +3.000000e-03 +5.000000e-03 +1.000002e+02 +3.000011e+03
    312 +2.000000e-03 +5.000000e-03 +1.005247e+02 +3.031483e+03
    313 +1.000000e-03 +5.000000e-03 +1.003586e+02 +3.021518e+03
    314 +1.000000e-03 +5.000000e-03 +1.003586e+02 +3.021518e+03
    315 +1.000000e-03 +5.962498e-03 +9.968260e+01 +2.980956e+03
    316 +1.000000e-03 +6.924997e-03 +9.911600e+01 +2.946960e+03
    317 +1.000000e-03 +7.887495e-03 +9.860556e+01 +2.916334e+03
    318 +1.000000e-03 +8.849993e-03 +9.814949e+01 +2.888969e+03
    319 +1.000000e-03 +9.812492e-03 +9.774753e+01 +2.864852e+03
    320 +1.000000e-03 +1.077499e-02 +9.739934e+01 +2.843961e+03
    321 +1.000000e-03 +1.173749e-02 +9.710457e+01 +2.826274e+03
    322 +1.000000e-03 +1.269999e-02 +9.686288e+01 +2.811773e+03
    323 +1.000000e-03 +1.366248e-02 +9.667396e+01 +2.800438e+03
    324 +1.000000e-03 +1.462498e-02 +9.653750e+01 +2.792250e+03
    325 +1.000000e-03 +1.558748e-02 +9.645488e+01 +2.787293e+03
    326 +1.000000e-03 +1.558748e-02 +9.645488e+01 +2.787293e+03
    327 +0.000000e+00 +1.558748e-02 +9.648427e+01 +2.789056e+03
    328 +0.000000e+00 +1.558748e-02 +9.648427e+01 +0.000000e+00
    329 +0.000000e+00 +1.461326e-02 +9.656742e+01 +0.000000e+00
    330 +0.000000e+00 +1.363905e-02 +9.670656e+01 +0.000000e+00
    331 +0.000000e+00 +1.266483e-02 +9.689951e+01 +0.000000e+00
    332 +0.000000e+00 +1.169061e-02 +9.714660e+01 +0.000000e+00
    333 +0.000000e+00 +1.071639e-02 +9.744812e+01 +0.000000e+00
    334 +0.000000e+00 +9.742176e-03 +9.780442e+01 +0.000000e+00
    335 +0.000000e+00 +8.767958e-03 +9.821585e+01 +0.000000e+00
    336 +0.000000e+00 +7.793741e-03 +9.868258e+01 +0.000000e+00
    337 +0.000000e+00 +6.819523e-03 +9.920387e+01 +0.000000e+00
    338 +0.000000e+00 +5.845306e-03 +9.977228e+01 +0.000000e+00
    339 +0.000000e+00 +4.871088e-03 +1.003345e+02 +0.000000e+00
    340 +0.000000e+00 +3.896870e-03 +1.008104e+02 +0.000000e+00
    341 +0.000000e+00 +2.922653e-03 +1.012470e+02 +0.000000e+00
    342 +0.000000e+00 +1.948435e-03 +1.016844e+02 +0.000000e+00
    343 +0.000000e+00 +9.742176e-04 +1.021288e+02 +0.000000e+00
    344 +0.000000e+00 +0.000000e+00 +1.025798e+02 +0.000000e+00

%_intp_ ______x1_____ ______x2_____ ______T______ _____qx1_____ _____qx2_____
      1 +1.400000e-02 +5.000000e-04 +1.022858e+02 -4.234952e+02 +2.326430e+04
      2 +1.400000e-02 +6.379310e-04 +1.022216e+02 -4.133266e+02 +2.325607e+04
      3 +1.400000e-02 +7.758621e-04 +1.021575e+02 -4.006990e+02 +2.324670e+04
      4 +1.400000e-02 +9.137931e-04 +1.020934e+02 -3.853417e+02 +2.323585e+04
      5 +1.400000e-02 +1.051724e-03 +1.020293e+02 -3.669592e+02 +2.322317e+04
      6 +1.400000e-02 +1.189655e-03 +1.019652e+02 -3.452165e+02 +2.320828e+04
      7 +1.400000e-02 +1.327586e-03 +1.019012e+02 -3.197264e+02 +2.319079e+04
      8 +1.400000e-02 +1.465517e-03 +1.018373e+02 -2.900381e+02 +2.317023e+04
      9 +1.400000e-02 +1.603448e-03 +1.017734e+02 -2.556268e+02 +2.314608e+04
     10 +1.400000e-02 +1.741379e-03 +1.017096e+02 -2.158826e+02 +2.311771e+04
     11 +1.400000e-02 +1.879310e-03 +1.016459e+02 -1.700979e+02 +2.308435e+04
     12 +1.400000e-02 +2.017241e-03 +1.015822e+02 -1.174545e+02 +2.304509e+04
     13 +1.400000e-02 +2.155172e-03 +1.015187e+02 -5.700772e+01 +2.299878e+04
     14 +1.400000e-02 +2.293103e-03 +1.014554e+02 +1.232963e+01 +2.294396e+04
     15 +1.400000e-02 +2.431034e-03 +1.013922e+02 +9.180598e+01 +2.287878e+04
     16 +1.400000e-02 +2.568966e-03 +1.013291e+02 +1.828501e+02 +2.280087e+04
     17 +1.400000e-02 +2.706897e-03 +1.012664e+02 +2.870908e+02 +2.270715e+04
     18 +1.400000e-02 +2.844828e-03 +1.012039e+02 +4.063752e+02 +2.259357e+04
     19 +1.400000e-02 +2.982759e-03 +1.011417e+02 +5.427828e+02 +2.245485e+04
     20 +1.400000e-02 +3.120690e-03 +1.010800e+02 +6.986321e+02 +2.228401e+04
     21 +1.400000e-02 +3.258621e-03 +1.010188e+02 +8.764716e+02 +2.207184e+04
     22 +1.400000e-02 +3.396552e-03 +1.009583e+02 +1.079045e+03 +2.180617e+04
     23 +1.400000e-02 +3.534483e-03 +1.008986e+02 +1.309214e+03 +2.147090e+04
     24 +1.400000e-02 +3.672414e-03 +1.008399e+02 +1.569817e+03 +2.104475e+04
     25 +1.400000e-02 +3.810345e-03 +1.007826e+02 +1.863422e+03 +2.049971e+04
     26 +1.400000e-02 +3.948276e-03 +1.007270e+02 +2.191936e+03 +1.979891e+04
     27 +1.400000e-02 +4.086207e-03 +1.006735e+02 +2.556011e+03 +1.889399e+04
     28 +1.400000e-02 +4.224138e-03 +1.006230e+02 +2.954208e+03 +1.772124e+04
     29 +1.400000e-02 +4.362069e-03 +1.005761e+02 +3.381936e+03 +1.619527e+04
     30 +1.400000e-02 +4.500000e-03 +1.005340e+02 +3.830333e+03 +1.419494e+04

