%_node_ ______x1_____ ______x2_____ ______T______ ______q______
      1 +0.000000e+00 +0.000000e+00 +9.836349e+01 -2.329200e+04
      2 +1.000000e-03 +0.000000e+00 +9.834956e+01 -2.329200e+04
      3 +2.000000e-03 +0.000000e+00 +9.830583e+01 -2.329200e+04
      4 +3.000000e-03 +0.000000e+00 +9.823751e+01 -2.329200e+04
      5 +4.000000e-03 +0.000000e+00 +9.814958e+01 -2.329200e+04
      6 +5.000000e-03 +0.000000e+00 +9.804609e+01 -2.329200e+04
      7 +6.000000e-03 +0.000000e+00 +9.792995e+01 -2.329200e+04
      8 +7.000000e-03 +0.000000e+00 +9.780433e+01 -2.329200e+04
      9 +8.000000e-03 +0.000000e+00 +9.767376e+01 -2.329200e+04
     10 +9.000000e-03 +0.000000e+00 +9.754431e+01 -2.329200e+04
     11 +1.000000e-02 +0.000000e+00 +9.742226e+01 -2.329200e+04
     12 +1.100000e-02 +0.000000e+00 +9.731242e+01 -2.329200e+04
     13 +1.200000e-02 +0.000000e+00 +9.721744e+01 -2.329200e+04
     14 +1.300000e-02 +0.000000e+00 +9.713822e+01 -2.329200e+04
     15 +1.400000e-02 +0.000000e+00 +9.707407e+01 -2.329200e+04
     16 +1.500000e-02 +0.000000e+00 +9.702337e+01 -2.329200e+04
     17 +1.600000e-02 +0.000000e+00 +9.698473e+01 -2.329200e+04
     18 +1.700000e-02 +0.000000e+00 +9.695741e+01 -2.329200e+04
     19 +1.800000e-02 +0.000000e+00 +9.694111e+01 -2.329200e+04
     20 +1.900000e-02 +0.000000e+00 +9.693517e+01 -2.329200e+04
     21 +2.000000e-02 +0.000000e+00 +9.693745e+01 -2.329200e+04
     22 +2.100000e-02 +0.000000e+00 +9.694460e+01 -2.329200e+04
     23 +2.200000e-02 +0.000000e+00 +9.695372e+01 -2.329200e+04
     24 +2.300000e-02 +0.000000e+00 +9.696357e+01 -2.329200e+04
     25 +2.400000e-02 +0.000000e+00 +9.697437e+01 -2.329200e+04
     26 +2.500000e-02 +0.000000e+00 +9.698644e+01 -2.329200e+04
     27 +2.600000e-02 +0.000000e+00 +9.699840e+01 -2.329200e+04
     28 +2.700000e-02 +0.000000e+00 +9.700734e+01 -2.329200e+04
     29 +2.800000e-02 +0.000000e+00 +9.701034e+01 -2.329200e+04
     30 +2.800000e-02 +0.000000e+00 +9.701034e+01 +0.000000e+00
     31 +2.800000e-02 +9.717014e-04 +9.656097e+01 +0.000000e+00
     32 +2.800000e-02 +1.943403e-03 +9.611912e+01 +0.000000e+00
     33 +2.800000e-02 +2.915104e-03 +9.568641e+01 +0.000000e+00
     34 +2.800000e-02 +3.886806e-03 +9.525924e+01 +0.000000e+00
     35 +2.800000e-02 +4.858507e-03 +9.480197e+01 +0.000000e+00
     36 +2.800000e-02 +5.830209e-03 +9.426608e+01 +0.000000e+00
     37 +2.800000e-02 +6.801910e-03 +9.372051e+01 +0.000000e+00
     38 +2.800000e-02 +7.773612e-03 +9.321547e+01 +0.000000e+00
     39 +2.800000e-02 +8.745313e-03 +9.275839e+01 +0.000000e+00
     40 +2.800000e-02 +9.717014e-03 +9.235004e+01 +0.000000e+00
     41 +2.800000e-02 +1.068872e-02 +9.199025e+01 +0.000000e+00
     42 +2.800000e-02 +1.166042e-02 +9.167869e+01 +0.000000e+00
     43 +2.800000e-02 +1.263212e-02 +9.141500e+01 +0.000000e+00
     44 +2.800000e-02 +1.360382e-02 +9.119886e+01 +0.000000e+00
     45 +2.800000e-02 +1.457552e-02 +9.102999e+01 +0.000000e+00
     46 +2.800000e-02 +1.554722e-02 +9.090812e+01 +0.000000e+00
     47 +2.800000e-02 +1.651892e-02 +9.083510e+01 +0.000000e+00
     48 +2.800000e-02 +1.651892e-02 +9.083510e+01 +2.450106e+03
     49 +2.700000e-02 +1.651892e-02 +9.080950e+01 +2.448570e+03
     50 +2.700000e-02 +1.651892e-02 +9.080950e+01 +2.448570e+03
     51 +2.700000e-02 +1.555901e-02 +9.088191e+01 +2.452915e+03
     52 +2.700000e-02 +1.459910e-02 +9.100141e+01 +2.460085e+03
     53 +2.700000e-02 +1.363919e-02 +9.116672e+01 +2.470003e+03
     54 +2.700000e-02 +1.267928e-02 +9.137810e+01 +2.482686e+03
     55 +2.700000e-02 +1.171937e-02 +9.163583e+01 +2.498150e+03
     56 +2.700000e-02 +1.075946e-02 +9.194023e+01 +2.516414e+03
     57 +2.700000e-02 +9.799552e-03 +9.229164e+01 +2.537498e+03
     58 +2.700000e-02 +8.839642e-03 +9.269041e+01 +2.561424e+03
     59 +2.700000e-02 +7.879731e-03 +9.313689e+01 +2.588214e+03
     60 +2.700000e-02 +6.919821e-03 +9.363137e+01 +2.617882e+03
     61 +2.700000e-02 +5.959910e-03 +9.417548e+01 +2.650529e+03
     62 +2.700000e-02 +5.000000e-03 +9.481681e+01 +2.689009e+03
     63 +2.700000e-02 +5.000000e-03 +9.481681e+01 +2.689009e+03
     64 +2.600000e-02 +5.000000e-03 +9.495636e+01 +2.697382e+03
     65 +2.500000e-02 +5.000000e-03 +9.438986e+01 +2.663392e+03
     66 +2.500000e-02 +5.000000e-03 +9.438986e+01 +2.663392e+03
     67 +2.500000e-02 +6.025987e-03 +9.279655e+01 +2.567793e+03
     68 +2.500000e-02 +7.051973e-03 +9.135161e+01 +2.481097e+03
     69 +2.500000e-02 +8.077960e-03 +9.000402e+01 +2.400241e+03
     70 +2.500000e-02 +9.103947e-03 +8.875515e+01 +2.325309e+03
     71 +2.500000e-02 +1.012993e-02 +8.760295e+01 +2.256177e+03
     72 +2.500000e-02 +1.115592e-02 +8.654482e+01 +2.192689e+03
     73 +2.500000e-02 +1.218191e-02 +8.557821e+01 +2.134693e+03
     74 +2.500000e-02 +1.320789e-02 +8.470076e+01 +2.082045e+03
     75 +2.500000e-02 +1.423388e-02 +8.391024e+01 +2.034614e+03
     76 +2.500000e-02 +1.525987e-02 +8.320447e+01 +1.992268e+03
     77 +2.500000e-02 +1.628585e-02 +8.258126e+01 +1.954876e+03
     78 +2.500000e-02 +1.731184e-02 +8.203858e+01 +1.922315e+03
     79 +2.500000e-02 +1.833783e-02 +8.157499e+01 +1.894500e+03
     80 +2.500000e-02 +1.936381e-02 +8.118973e+01 +1.871384e+03
     81 +2.500000e-02 +2.038980e-02 +8.088219e+01 +1.852932e+03
     82 +2.500000e-02 +2.141579e-02 +8.065172e+01 +1.839103e+03
     83 +2.500000e-02 +2.244177e-02 +8.049762e+01 +1.829857e+03
     84 +2.500000e-02 +2.346776e-02 +8.042181e+01 +1.825309e+03
     85 +2.500000e-02 +2.346776e-02 +8.042181e+01 +1.825309e+03
     86 +2.400000e-02 +2.346776e-02 +8.042164e+01 +1.825298e+03
     87 +2.400000e-02 +2.346776e-02 +8.042164e+01 +1.825298e+03
     88 +2.400000e-02 +2.244177e-02 +8.049751e+01 +1.829850e+03
     89 +2.400000e-02 +2.141579e-02 +8.065158e+01 +1.839095e+03
     90 +2.400000e-02 +2.038980e-02 +8.088202e+01 +1.852921e+03
     91 +2.400000e-02 +1.936381e-02 +8.118953e+01 +1.871372e+03
     92 +2.400000e-02 +1.833783e-02 +8.157476e+01 +1.894486e+03
     93 +2.400000e-02 +1.731184e-02 +8.203840e+01 +1.922304e+03
     94 +2.400000e-02 +1.628585e-02 +8.258121e+01 +1.954872e+03
     95 +2.400000e-02 +1.525987e-02 +8.320433e+01 +1.992260e+03
     96 +2.400000e-02 +1.423388e-02 +8.390984e+01 +2.034590e+03
     97 +2.400000e-02 +1.320789e-02 +8.470025e+01 +2.082015e+03
     98 +2.400000e-02 +1.218191e-02 +8.557768e+01 +2.134661e+03
     99 +2.400000e-02 +1.115592e-02 +8.654428e+01 +2.192657e+03
    100 +2.400000e-02 +1.012993e-02 +8.760240e+01 +2.256144e+03
    101 +2.400000e-02 +9.103947e-03 +8.875460e+01 +2.325276e+03
    102 +2.400000e-02 +8.077960e-03 +9.000354e+01 +2.400212e+03
    103 +2.400000e-02 +7.051973e-03 +9.135140e+01 +2.481084e+03
    104 +2.400000e-02 +6.025987e-03 +9.279665e+01 +2.567799e+03
    105 +2.400000e-02 +5.000000e-03 +9.437399e+01 +2.662440e+03
    106 +2.400000e-02 +5.000000e-03 +9.437399e+01 +2.662440e+03
    107 +2.300000e-02 +5.000000e-03 +9.487501e+01 +2.692501e+03
    108 +2.200000e-02 +5.000000e-03 +9.460612e+01 +2.676367e+03
    109 +2.200000e-02 +5.000000e-03 +9.460612e+01 +2.676367e+03
    110 +2.200000e-02 +6.017292e-03 +9.358846e+01 +2.615307e+03
    111 +2.200000e-02 +7.034584e-03 +9.269127e+01 +2.561476e+03
    112 +2.200000e-02 +8.051876e-03 +9.189333e+01 +2.513600e+03
    113 +2.200000e-02 +9.069168e-03 +9.119767e+01 +2.471860e+03
    114 +2.200000e-02 +1.008646e-02 +9.060366e+01 +2.436220e+03
    115 +2.200000e-02 +1.110375e-02 +9.011002e+01 +2.406601e+03
    116 +2.200000e-02 +1.212104e-02 +8.971552e+01 +2.382931e+03
    117 +2.200000e-02 +1.313834e-02 +8.941913e+01 +2.365148e+03
    118 +2.200000e-02 +1.415563e-02 +8.921996e+01 +2.353198e+03
    119 +2.200000e-02 +1.517292e-02 +8.912070e+01 +2.347242e+03
    120 +2.200000e-02 +1.517292e-02 +8.912070e+01 +2.347242e+03
    121 +2.100000e-02 +1.517292e-02 +8.912088e+01 +2.347253e+03
    122 +2.100000e-02 +1.517292e-02 +8.912088e+01 +2.347253e+03
    123 +2.100000e-02 +1.415563e-02 +8.922005e+01 +2.353203e+03
    124 +2.100000e-02 +1.313834e-02 +8.941921e+01 +2.365152e+03
    125 +2.100000e-02 +1.212104e-02 +8.971560e+01 +2.382936e+03
    126 +2.100000e-02 +1.110375e-02 +9.011011e+01 +2.406606e+03
    127 +2.100000e-02 +1.008646e-02 +9.060375e+01 +2.436225e+03
    128 +2.100000e-02 +9.069168e-03 +9.119776e+01 +2.471866e+03
    129 +2.100000e-02 +8.051876e-03 +9.189343e+01 +2.513606e+03
    130 +2.100000e-02 +7.034584e-03 +9.269143e+01 +2.561486e+03
    131 +2.100000e-02 +6.017292e-03 +9.358853e+01 +2.615312e+03
    132 +2.100000e-02 +5.000000e-03 +9.459498e+01 +2.675699e+03
    133 +2.100000e-02 +5.000000e-03 +9.459498e+01 +2.675699e+03
    134 +2.000000e-02 +5.000000e-03 +9.481932e+01 +2.689159e+03
    135 +1.900000e-02 +5.000000e-03 +9.425321e+01 +2.655193e+03
    136 +1.900000e-02 +5.000000e-03 +9.425321e+01 +2.655193e+03
    137 +1.900000e-02 +5.980116e-03 +9.267038e+01 +2.560223e+03
    138 +1.900000e-02 +6.960231e-03 +9.122400e+01 +2.473440e+03
    139 +1.900000e-02 +7.940347e-03 +8.986566e+01 +2.391939e+03
    140 +1.900000e-02 +8.920462e-03 +8.859792e+01 +2.315875e+03
    141 +1.900000e-02 +9.900578e-03 +8.741923e+01 +2.245154e+03
    142 +1.900000e-02 +1.088069e-02 +8.632720e+01 +2.179632e+03
    143 +1.900000e-02 +1.186081e-02 +8.531942e+01 +2.119165e+03
    144 +1.900000e-02 +1.284092e-02 +8.439364e+01 +2.063618e+03
    145 +1.900000e-02 +1.382104e-02 +8.354774e+01 +2.012865e+03
    146 +1.900000e-02 +1.480116e-02 +8.277978e+01 +1.966787e+03
    147 +1.900000e-02 +1.578127e-02 +8.208760e+01 +1.925256e+03
    148 +1.900000e-02 +1.676139e-02 +8.146894e+01 +1.888136e+03
    149 +1.900000e-02 +1.774150e-02 +8.092238e+01 +1.855343e+03
    150 +1.900000e-02 +1.872162e-02 +8.044687e+01 +1.826812e+03
    151 +1.900000e-02 +1.970173e-02 +8.004122e+01 +1.802473e+03
    152 +1.900000e-02 +2.068185e-02 +7.970424e+01 +1.782254e+03
    153 +1.900000e-02 +2.166196e-02 +7.943500e+01 +1.766100e+03
    154 +1.900000e-02 +2.264208e-02 +7.923289e+01 +1.753973e+03
    155 +1.900000e-02 +2.362220e-02 +7.909730e+01 +1.745838e+03
    156 +1.900000e-02 +2.460231e-02 +7.903011e+01 +1.741807e+03
    157 +1.900000e-02 +2.460231e-02 +7.903011e+01 +1.741807e+03
    158 +1.800000e-02 +2.460231e-02 +7.903018e+01 +1.741811e+03
    159 +1.800000e-02 +2.460231e-02 +7.903018e+01 +1.741811e+03
    160 +1.800000e-02 +2.362220e-02 +7.909736e+01 +1.745841e+03
    161 +1.800000e-02 +2.264208e-02 +7.923301e+01 +1.753980e+03
    162 +1.800000e-02 +2.166196e-02 +7.943521e+01 +1.766113e+03
    163 +1.800000e-02 +2.068185e-02 +7.970453e+01 +1.782272e+03
    164 +1.800000e-02 +1.970173e-02 +8.004144e+01 +1.802487e+03
    165 +1.800000e-02 +1.872162e-02 +8.044679e+01 +1.826808e+03
    166 +1.800000e-02 +1.774150e-02 +8.092205e+01 +1.855323e+03
    167 +1.800000e-02 +1.676139e-02 +8.146846e+01 +1.888108e+03
    168 +1.800000e-02 +1.578127e-02 +8.208714e+01 +1.925229e+03
    169 +1.800000e-02 +1.480116e-02 +8.277959e+01 +1.966775e+03
    170 +1.800000e-02 +1.382104e-02 +8.354775e+01 +2.012865e+03
    171 +1.800000e-02 +1.284092e-02 +8.439369e+01 +2.063622e+03
    172 +1.800000e-02 +1.186081e-02 +8.531948e+01 +2.119169e+03
    173 +1.800000e-02 +1.088069e-02 +8.632725e+01 +2.179635e+03
    174 +1.800000e-02 +9.900578e-03 +8.741927e+01 +2.245156e+03
    175 +1.800000e-02 +8.920462e-03 +8.859797e+01 +2.315878e+03
    176 +1.800000e-02 +7.940347e-03 +8.986574e+01 +2.391945e+03
    177 +1.800000e-02 +6.960231e-03 +9.122424e+01 +2.473455e+03
    178 +1.800000e-02 +5.980116e-03 +9.267082e+01 +2.560249e+03
    179 +1.800000e-02 +5.000000e-03 +9.424450e+01 +2.654670e+03
    180 +1.800000e-02 +5.000000e-03 +9.424450e+01 +2.654670e+03
    181 +1.700000e-02 +5.000000e-03 +9.476949e+01 +2.686169e+03
    182 +1.600000e-02 +5.000000e-03 +9.443047e+01 +2.665828e+03
    183 +1.600000e-02 +5.000000e-03 +9.443047e+01 +2.665828e+03
    184 +1.600000e-02 +6.014929e-03 +9.312441e+01 +2.587464e+03
    185 +1.600000e-02 +7.029859e-03 +9.193055e+01 +2.515833e+03
    186 +1.600000e-02 +8.044788e-03 +9.083249e+01 +2.449950e+03
    187 +1.600000e-02 +9.059717e-03 +8.983356e+01 +2.390014e+03
    188 +1.600000e-02 +1.007465e-02 +8.893250e+01 +2.335950e+03
    189 +1.600000e-02 +1.108958e-02 +8.812733e+01 +2.287640e+03
    190 +1.600000e-02 +1.210451e-02 +8.741611e+01 +2.244967e+03
    191 +1.600000e-02 +1.311943e-02 +8.679706e+01 +2.207824e+03
    192 +1.600000e-02 +1.413436e-02 +8.626863e+01 +2.176118e+03
    193 +1.600000e-02 +1.514929e-02 +8.582948e+01 +2.149769e+03
    194 +1.600000e-02 +1.616422e-02 +8.547849e+01 +2.128709e+03
    195 +1.600000e-02 +1.717915e-02 +8.521474e+01 +2.112884e+03
    196 +1.600000e-02 +1.819408e-02 +8.503747e+01 +2.102248e+03
    197 +1.600000e-02 +1.920901e-02 +8.494918e+01 +2.096951e+03
    198 +1.600000e-02 +1.920901e-02 +8.494918e+01 +2.096951e+03
    199 +1.500000e-02 +1.920901e-02 +8.494906e+01 +2.096943e+03
    200 +1.500000e-02 +1.920901e-02 +8.494906e+01 +2.096943e+03
    201 +1.500000e-02 +1.819408e-02 +8.503741e+01 +2.102245e+03
    202 +1.500000e-02 +1.717915e-02 +8.521468e+01 +2.112881e+03
    203 +1.500000e-02 +1.616422e-02 +8.547843e+01 +2.128706e+03
    204 +1.500000e-02 +1.514929e-02 +8.582943e+01 +2.149766e+03
    205 +1.500000e-02 +1.413436e-02 +8.626858e+01 +2.176115e+03
    206 +1.500000e-02 +1.311943e-02 +8.679701e+01 +2.207821e+03
    207 +1.500000e-02 +1.210451e-02 +8.741606e+01 +2.244963e+03
    208 +1.500000e-02 +1.108958e-02 +8.812728e+01 +2.287637e+03
    209 +1.500000e-02 +1.007465e-02 +8.893244e+01 +2.335946e+03
    210 +1.500000e-02 +9.059717e-03 +8.983350e+01 +2.390010e+03
    211 +1.500000e-02 +8.044788e-03 +9.083243e+01 +2.449946e+03
    212 +1.500000e-02 +7.029859e-03 +9.193044e+01 +2.515827e+03
    213 +1.500000e-02 +6.014929e-03 +9.312470e+01 +2.587482e+03
    214 +1.500000e-02 +5.000000e-03 +9.445245e+01 +2.667147e+03
    215 +1.500000e-02 +5.000000e-03 +9.445245e+01 +2.667147e+03
    216 +1.400000e-02 +5.000000e-03 +9.487306e+01 +2.692384e+03
    217 +1.300000e-02 +5.000000e-03 +9.442948e+01 +2.665769e+03
    218 +1.300000e-02 +5.000000e-03 +9.442948e+01 +2.665769e+03
    219 +1.300000e-02 +6.008336e-03 +9.284850e+01 +2.570910e+03
    220 +1.300000e-02 +7.016673e-03 +9.138007e+01 +2.482804e+03
    221 +1.300000e-02 +8.025009e-03 +9.000434e+01 +2.400260e+03
    222 +1.300000e-02 +9.033345e-03 +8.872461e+01 +2.323477e+03
    223 +1.300000e-02 +1.004168e-02 +8.753913e+01 +2.252348e+03
    224 +1.300000e-02 +1.105002e-02 +8.644532e+01 +2.186719e+03
    225 +1.300000e-02 +1.205835e-02 +8.544058e+01 +2.126435e+03
    226 +1.300000e-02 +1.306669e-02 +8.452250e+01 +2.071350e+03
    227 +1.300000e-02 +1.407503e-02 +8.368883e+01 +2.021330e+03
    228 +1.300000e-02 +1.508336e-02 +8.293757e+01 +1.976254e+03
    229 +1.300000e-02 +1.609170e-02 +8.226688e+01 +1.936013e+03
    230 +1.300000e-02 +1.710004e-02 +8.167515e+01 +1.900509e+03
    231 +1.300000e-02 +1.810837e-02 +8.116094e+01 +1.869656e+03
    232 +1.300000e-02 +1.911671e-02 +8.072292e+01 +1.843375e+03
    233 +1.300000e-02 +2.012504e-02 +8.035948e+01 +1.821569e+03
    234 +1.300000e-02 +2.113338e-02 +8.006923e+01 +1.804154e+03
    235 +1.300000e-02 +2.214172e-02 +7.985158e+01 +1.791095e+03
    236 +1.300000e-02 +2.315005e-02 +7.970603e+01 +1.782362e+03
    237 +1.300000e-02 +2.415839e-02 +7.963448e+01 +1.778069e+03
    238 +1.300000e-02 +2.415839e-02 +7.963448e+01 +1.778069e+03
    239 +1.200000e-02 +2.415839e-02 +7.963439e+01 +1.778063e+03
    240 +1.200000e-02 +2.415839e-02 +7.963439e+01 +1.778063e+03
    241 +1.200000e-02 +2.315005e-02 +7.970579e+01 +1.782347e+03
    242 +1.200000e-02 +2.214172e-02 +7.985126e+01 +1.791075e+03
    243 +1.200000e-02 +2.113338e-02 +8.006884e+01 +1.804130e+03
    244 +1.200000e-02 +2.012504e-02 +8.035906e+01 +1.821544e+03
    245 +1.200000e-02 +1.911671e-02 +8.072270e+01 +1.843362e+03
    246 +1.200000e-02 +1.810837e-02 +8.116094e+01 +1.869656e+03
    247 +1.200000e-02 +1.710004e-02 +8.167522e+01 +1.900513e+03
    248 +1.200000e-02 +1.609170e-02 +8.226696e+01 +1.936018e+03
    249 +1.200000e-02 +1.508336e-02 +8.293764e+01 +1.976259e+03
    250 +1.200000e-02 +1.407503e-02 +8.368890e+01 +2.021334e+03
    251 +1.200000e-02 +1.306669e-02 +8.452255e+01 +2.071353e+03
    252 +1.200000e-02 +1.205835e-02 +8.544062e+01 +2.126437e+03
    253 +1.200000e-02 +1.105002e-02 +8.644535e+01 +2.186721e+03
    254 +1.200000e-02 +1.004168e-02 +8.753916e+01 +2.252350e+03
    255 +1.200000e-02 +9.033345e-03 +8.872464e+01 +2.323478e+03
    256 +1.200000e-02 +8.025009e-03 +9.000438e+01 +2.400263e+03
    257 +1.200000e-02 +7.016673e-03 +9.138019e+01 +2.482811e+03
    258 +1.200000e-02 +6.008336e-03 +9.284979e+01 +2.570987e+03
    259 +1.200000e-02 +5.000000e-03 +9.447203e+01 +2.668322e+03
    260 +1.200000e-02 +5.000000e-03 +9.447203e+01 +2.668322e+03
    261 +1.100000e-02 +5.000000e-03 +9.506829e+01 +2.704097e+03
    262 +1.000000e-02 +5.000000e-03 +9.473441e+01 +2.684065e+03
    263 +1.000000e-02 +5.000000e-03 +9.473441e+01 +2.684065e+03
    264 +1.000000e-02 +6.015111e-03 +9.315802e+01 +2.589481e+03
    265 +1.000000e-02 +7.030222e-03 +9.166696e+01 +2.500018e+03
    266 +1.000000e-02 +8.045333e-03 +9.027075e+01 +2.416245e+03
    267 +1.000000e-02 +9.060444e-03 +8.897267e+01 +2.338360e+03
    268 +1.000000e-02 +1.007555e-02 +8.777060e+01 +2.266236e+03
    269 +1.000000e-02 +1.109067e-02 +8.666185e+01 +2.199711e+03
    270 +1.000000e-02 +1.210578e-02 +8.564372e+01 +2.138623e+03
    271 +1.000000e-02 +1.312089e-02 +8.471364e+01 +2.082818e+03
    272 +1.000000e-02 +1.413600e-02 +8.386901e+01 +2.032141e+03
    273 +1.000000e-02 +1.515111e-02 +8.310740e+01 +1.986444e+03
    274 +1.000000e-02 +1.616622e-02 +8.242685e+01 +1.945611e+03
    275 +1.000000e-02 +1.718133e-02 +8.182582e+01 +1.909549e+03
    276 +1.000000e-02 +1.819644e-02 +8.130299e+01 +1.878179e+03
    277 +1.000000e-02 +1.921155e-02 +8.085711e+01 +1.851427e+03
    278 +1.000000e-02 +2.022666e-02 +8.048710e+01 +1.829226e+03
    279 +1.000000e-02 +2.124177e-02 +8.019202e+01 +1.811521e+03
    280 +1.000000e-02 +2.225688e-02 +7.997110e+01 +1.798266e+03
    281 +1.000000e-02 +2.327200e-02 +7.982363e+01 +1.789418e+03
    282 +1.000000e-02 +2.428711e-02 +7.975145e+01 +1.785087e+03
    283 +1.000000e-02 +2.428711e-02 +7.975145e+01 +1.785087e+03
    284 +9.000000e-03 +2.428711e-02 +7.975133e+01 +1.785080e+03
    285 +9.000000e-03 +2.428711e-02 +7.975133e+01 +1.785080e+03
    286 +9.000000e-03 +2.327200e-02 +7.982380e+01 +1.789428e+03
    287 +9.000000e-03 +2.225688e-02 +7.997132e+01 +1.798279e+03
    288 +9.000000e-03 +2.124177e-02 +8.019223e+01 +1.811534e+03
    289 +9.000000e-03 +2.022666e-02 +8.048730e+01 +1.829238e+03
    290 +9.000000e-03 +1.921155e-02 +8.085731e+01 +1.851439e+03
    291 +9.000000e-03 +1.819644e-02 +8.130319e+01 +1.878192e+03
    292 +9.000000e-03 +1.718133e-02 +8.182606e+01 +1.909563e+03
    293 +9.000000e-03 +1.616622e-02 +8.242716e+01 +1.945630e+03
    294 +9.000000e-03 +1.515111e-02 +8.310782e+01 +1.986469e+03
    295 +9.000000e-03 +1.413600e-02 +8.386941e+01 +2.032165e+03
    296 +9.000000e-03 +1.312089e-02 +8.471380e+01 +2.082828e+03
    297 +9.000000e-03 +1.210578e-02 +8.564372e+01 +2.138623e+03
    298 +9.000000e-03 +1.109067e-02 +8.666183e+01 +2.199710e+03
    299 +9.000000e-03 +1.007555e-02 +8.777059e+01 +2.266235e+03
    300 +9.000000e-03 +9.060444e-03 +8.897265e+01 +2.338359e+03
    301 +9.000000e-03 +8.045333e-03 +9.027064e+01 +2.416238e+03
    302 +9.000000e-03 +7.030222e-03 +9.166633e+01 +2.499980e+03
    303 +9.000000e-03 +6.015111e-03 +9.315832e+01 +2.589499e+03
    304 +9.000000e-03 +5.000000e-03 +9.483984e+01 +2.690390e+03
    305 +9.000000e-03 +5.000000e-03 +9.483984e+01 +2.690390e+03
    306 +8.000000e-03 +5.000000e-03 +9.558811e+01 +2.735287e+03
    307 +7.000000e-03 +5.000000e-03 +9.557634e+01 +2.734581e+03
    308 +7.000000e-03 +5.000000e-03 +9.557634e+01 +2.734581e+03
    309 +7.000000e-03 +5.954574e-03 +9.477705e+01 +2.686623e+03
    310 +7.000000e-03 +6.909148e-03 +9.403425e+01 +2.642055e+03
    311 +7.000000e-03 +7.863722e-03 +9.338064e+01 +2.602839e+03
    312 +7.000000e-03 +8.818296e-03 +9.282087e+01 +2.569252e+03
    313 +7.000000e-03 +9.772870e-03 +9.235468e+01 +2.541281e+03
    314 +7.000000e-03 +1.072744e-02 +9.198127e+01 +2.518876e+03
    315 +7.000000e-03 +1.168202e-02 +9.169980e+01 +2.501988e+03
    316 +7.000000e-03 +1.263659e-02 +9.150956e+01 +2.490574e+03
    317 +7.000000e-03 +1.359117e-02 +9.141375e+01 +2.484825e+03
    318 +7.000000e-03 +1.359117e-02 +9.141375e+01 +2.484825e+03
    319 +6.000000e-03 +1.359117e-02 +9.141347e+01 +2.484808e+03
    320 +6.000000e-03 +1.359117e-02 +9.141347e+01 +2.484808e+03
    321 +6.000000e-03 +1.263659e-02 +9.150944e+01 +2.490567e+03
    322 +6.000000e-03 +1.168202e-02 +9.169970e+01 +2.501982e+03
    323 +6.000000e-03 +1.072744e-02 +9.198117e+01 +2.518870e+03
    324 +6.000000e-03 +9.772870e-03 +9.235460e+01 +2.541276e+03
    325 +6.000000e-03 +8.818296e-03 +9.282077e+01 +2.569246e+03
    326 +6.000000e-03 +7.863722e-03 +9.338048e+01 +2.602829e+03
    327 +6.000000e-03 +6.909148e-03 +9.403376e+01 +2.642026e+03
    328 +6.000000e-03 +5.954574e-03 +9.477880e+01 +2.686728e+03
    329 +6.000000e-03 +5.000000e-03 +9.567869e+01 +2.740721e+03
    330 +6.000000e-03 +5.000000e-03 +9.567869e+01 +2.740721e+03
    331 +5.000000e-03 +5.000000e-03 +9.608682e+01 +2.765209e+03
    332 +4.000000e-03 +5.000000e-03 +9.584358e+01 +2.750615e+03
    333 +4.000000e-03 +5.000000e-03 +9.584358e+01 +2.750615e+03
    334 +4.000000e-03 +6.024718e-03 +9.465400e+01 +2.679240e+03
    335 +4.000000e-03 +7.049435e-03 +9.356193e+01 +2.613716e+03
    336 +4.000000e-03 +8.074153e-03 +9.257293e+01 +2.554376e+03
    337 +4.000000e-03 +9.098870e-03 +9.168897e+01 +2.501338e+03
    338 +4.000000e-03 +1.012359e-02 +9.090847e+01 +2.454508e+03
    339 +4.000000e-03 +1.114831e-02 +9.022954e+01 +2.413772e+03
    340 +4.000000e-03 +1.217302e-02 +8.965045e+01 +2.379027e+03
    341 +4.000000e-03 +1.319774e-02 +8.916985e+01 +2.350191e+03
    342 +4.000000e-03 +1.422246e-02 +8.878632e+01 +2.327179e+03
    343 +4.000000e-03 +1.524718e-02 +8.849838e+01 +2.309903e+03
    344 +4.000000e-03 +1.627189e-02 +8.830529e+01 +2.298317e+03
    345 +4.000000e-03 +1.729661e-02 +8.820984e+01 +2.292591e+03
    346 +4.000000e-03 +1.729661e-02 +8.820984e+01 +2.292591e+03
    347 +3.000000e-03 +1.729661e-02 +8.820999e+01 +2.292599e+03
    348 +3.000000e-03 +1.729661e-02 +8.820999e+01 +2.292599e+03
    349 +3.000000e-03 +1.627189e-02 +8.830524e+01 +2.298314e+03
    350 +3.000000e-03 +1.524718e-02 +8.849821e+01 +2.309893e+03
    351 +3.000000e-03 +1.422246e-02 +8.878618e+01 +2.327171e+03
    352 +3.000000e-03 +1.319774e-02 +8.917002e+01 +2.350201e+03
    353 +3.000000e-03 +1.217302e-02 +8.965093e+01 +2.379056e+03
    354 +3.000000e-03 +1.114831e-02 +9.023013e+01 +2.413808e+03
    355 +3.000000e-03 +1.012359e-02 +9.090900e+01 +2.454540e+03
    356 +3.000000e-03 +9.098870e-03 +9.168943e+01 +2.501366e+03
    357 +3.000000e-03 +8.074153e-03 +9.257327e+01 +2.554396e+03
    358 +3.000000e-03 +7.049435e-03 +9.356179e+01 +2.613708e+03
    359 +3.000000e-03 +6.024718e-03 +9.465426e+01 +2.679256e+03
    360 +3.000000e-03 +5.000000e-03 +9.592099e+01 +2.755260e+03
    361 +3.000000e-03 +5.000000e-03 +9.592099e+01 +2.755260e+03
    362 +2.000000e-03 +5.000000e-03 +9.646852e+01 +2.788111e+03
    363 +1.000000e-03 +5.000000e-03 +9.648923e+01 +2.789354e+03
    364 +1.000000e-03 +5.000000e-03 +9.648923e+01 +2.789354e+03
    365 +1.000000e-03 +5.941561e-03 +9.614570e+01 +2.768742e+03
    366 +1.000000e-03 +6.883121e-03 +9.586841e+01 +2.752105e+03
    367 +1.000000e-03 +7.824682e-03 +9.564109e+01 +2.738465e+03
    368 +1.000000e-03 +8.766243e-03 +9.546293e+01 +2.727776e+03
    369 +1.000000e-03 +9.707803e-03 +9.533373e+01 +2.720024e+03
    370 +1.000000e-03 +1.064936e-02 +9.525499e+01 +2.715299e+03
    371 +1.000000e-03 +1.064936e-02 +9.525499e+01 +2.715299e+03
    372 +0.000000e+00 +1.064936e-02 +9.528361e+01 +2.717017e+03
    373 +0.000000e+00 +1.064936e-02 +9.528361e+01 +0.000000e+00
    374 +0.000000e+00 +9.681240e-03 +9.536454e+01 +0.000000e+00
    375 +0.000000e+00 +8.713116e-03 +9.549951e+01 +0.000000e+00
    376 +0.000000e+00 +7.744992e-03 +9.568615e+01 +0.000000e+00
    377 +0.000000e+00 +6.776868e-03 +9.592376e+01 +0.000000e+00
    378 +0.000000e+00 +5.808744e-03 +9.620755e+01 +0.000000e+00
    379 +0.000000e+00 +4.840620e-03 +9.651269e+01 +0.000000e+00
    380 +0.000000e+00 +3.872496e-03 +9.681657e+01 +0.000000e+00
    381 +0.000000e+00 +2.904372e-03 +9.714888e+01 +0.000000e+00
    382 +0.000000e+00 +1.936248e-03 +9.752036e+01 +0.000000e+00
    383 +0.000000e+00 +9.681240e-04 +9.792637e+01 +0.000000e+00
    384 +0.000000e+00 +0.000000e+00 +9.836349e+01 +0.000000e+00

%_intp_ ______x1_____ ______x2_____ ______T______ _____qx1_____ _____qx2_____
      1 +1.400000e-02 +5.000000e-04 +9.683999e+01 +2.848959e+03 +2.362569e+04
      2 +1.400000e-02 +6.379310e-04 +9.677468e+01 +2.841441e+03 +2.372050e+04
      3 +1.400000e-02 +7.758621e-04 +9.670912e+01 +2.832169e+03 +2.381334e+04
      4 +1.400000e-02 +9.137931e-04 +9.664330e+01 +2.820994e+03 +2.390506e+04
      5 +1.400000e-02 +1.051724e-03 +9.657723e+01 +2.807759e+03 +2.399590e+04
      6 +1.400000e-02 +1.189655e-03 +9.651091e+01 +2.792296e+03 +2.408582e+04
      7 +1.400000e-02 +1.327586e-03 +9.644434e+01 +2.774409e+03 +2.417464e+04
      8 +1.400000e-02 +1.465517e-03 +9.637753e+01 +2.753879e+03 +2.426208e+04
      9 +1.400000e-02 +1.603448e-03 +9.631048e+01 +2.730447e+03 +2.434770e+04
     10 +1.400000e-02 +1.741379e-03 +9.624320e+01 +2.703820e+03 +2.443097e+04
     11 +1.400000e-02 +1.879310e-03 +9.617569e+01 +2.673658e+03 +2.451114e+04
     12 +1.400000e-02 +2.017241e-03 +9.610797e+01 +2.639572e+03 +2.458726e+04
     13 +1.400000e-02 +2.155172e-03 +9.604004e+01 +2.601116e+03 +2.465805e+04
     14 +1.400000e-02 +2.293103e-03 +9.597193e+01 +2.557783e+03 +2.472182e+04
     15 +1.400000e-02 +2.431034e-03 +9.590366e+01 +2.508996e+03 +2.477635e+04
     16 +1.400000e-02 +2.568966e-03 +9.583525e+01 +2.454105e+03 +2.481868e+04
     17 +1.400000e-02 +2.706897e-03 +9.576674e+01 +2.392380e+03 +2.484490e+04
     18 +1.400000e-02 +2.844828e-03 +9.569819e+01 +2.323005e+03 +2.484982e+04
     19 +1.400000e-02 +2.982759e-03 +9.562966e+01 +2.245083e+03 +2.482657e+04
     20 +1.400000e-02 +3.120690e-03 +9.556125e+01 +2.157643e+03 +2.476601e+04
     21 +1.400000e-02 +3.258621e-03 +9.549307e+01 +2.059653e+03 +2.465605e+04
     22 +1.400000e-02 +3.396552e-03 +9.542528e+01 +1.950053e+03 +2.448070e+04
     23 +1.400000e-02 +3.534483e-03 +9.535808e+01 +1.827813e+03 +2.421882e+04
     24 +1.400000e-02 +3.672414e-03 +9.529176e+01 +1.692024e+03 +2.384255e+04
     25 +1.400000e-02 +3.810345e-03 +9.522668e+01 +1.542031e+03 +2.331533e+04
     26 +1.400000e-02 +3.948276e-03 +9.516331e+01 +1.377634e+03 +2.258927e+04
     27 +1.400000e-02 +4.086207e-03 +9.510229e+01 +1.199372e+03 +2.160193e+04
     28 +1.400000e-02 +4.224138e-03 +9.504444e+01 +1.008869e+03 +2.027162e+04
     29 +1.400000e-02 +4.362069e-03 +9.499086e+01 +8.092305e+02 +1.848981e+04
     30 +1.400000e-02 +4.500000e-03 +9.494298e+01 +6.053683e+02 +1.610393e+04

