%_node_ ______x1_____ ______x2_____ ______T______ ______q______
      1 +0.000000e+00 +0.000000e+00 +9.526030e+01 -2.329200e+04
      2 +1.000000e-03 +0.000000e+00 +9.525950e+01 -2.329200e+04
      3 +2.000000e-03 +0.000000e+00 +9.525710e+01 -2.329200e+04
      4 +3.000000e-03 +0.000000e+00 +9.525434e+01 -2.329200e+04
      5 +4.000000e-03 +0.000000e+00 +9.525225e+01 -2.329200e+04
      6 +5.000000e-03 +0.000000e+00 +9.525095e+01 -2.329200e+04
      7 +6.000000e-03 +0.000000e+00 +9.524975e+01 -2.329200e+04
      8 +7.000000e-03 +0.000000e+00 +9.524807e+01 -2.329200e+04
      9 +8.000000e-03 +0.000000e+00 +9.524628e+01 -2.329200e+04
     10 +9.000000e-03 +0.000000e+00 +9.524579e+01 -2.329200e+04
     11 +1.000000e-02 +0.000000e+00 +9.524827e+01 -2.329200e+04
     12 +1.100000e-02 +0.000000e+00 +9.525469e+01 -2.329200e+04
     13 +1.200000e-02 +0.000000e+00 +9.526509e+01 -2.329200e+04
     14 +1.300000e-02 +0.000000e+00 +9.527891e+01 -2.329200e+04
     15 +1.400000e-02 +0.000000e+00 +9.529541e+01 -2.329200e+04
     16 +1.500000e-02 +0.000000e+00 +9.531403e+01 -2.329200e+04
     17 +1.600000e-02 +0.000000e+00 +9.533470e+01 -2.329200e+04
     18 +1.700000e-02 +0.000000e+00 +9.535785e+01 -2.329200e+04
     19 +1.800000e-02 +0.000000e+00 +9.538408e+01 -2.329200e+04
     20 +1.900000e-02 +0.000000e+00 +9.541361e+01 -2.329200e+04
     21 +2.000000e-02 +0.000000e+00 +9.544553e+01 -2.329200e+04
     22 +2.100000e-02 +0.000000e+00 +9.547796e+01 -2.329200e+04
     23 +2.200000e-02 +0.000000e+00 +9.550889e+01 -2.329200e+04
     24 +2.300000e-02 +0.000000e+00 +9.553699e+01 -2.329200e+04
     25 +2.400000e-02 +0.000000e+00 +9.556166e+01 -2.329200e+04
     26 +2.500000e-02 +0.000000e+00 +9.558252e+01 -2.329200e+04
     27 +2.600000e-02 +0.000000e+00 +9.559881e+01 -2.329200e+04
     28 +2.700000e-02 +0.000000e+00 +9.560931e+01 -2.329200e+04
     29 +2.800000e-02 +0.000000e+00 +9.561260e+01 -2.329200e+04
     30 +2.800000e-02 +0.000000e+00 +9.561260e+01 +0.000000e+00
     31 +2.800000e-02 +1.046646e-03 +9.549471e+01 +0.000000e+00
     32 +2.800000e-02 +2.093291e-03 +9.538575e+01 +0.000000e+00
     33 +2.800000e-02 +3.139937e-03 +9.528730e+01 +0.000000e+00
     34 +2.800000e-02 +4.186582e-03 +9.520115e+01 +0.000000e+00
     35 +2.800000e-02 +5.233228e-03 +9.512235e+01 +0.000000e+00
     36 +2.800000e-02 +6.279874e-03 +9.504539e+01 +0.000000e+00
     37 +2.800000e-02 +7.326519e-03 +9.497888e+01 +0.000000e+00
     38 +2.800000e-02 +8.373165e-03 +9.492650e+01 +0.000000e+00
     39 +2.800000e-02 +9.419811e-03 +9.488884e+01 +0.000000e+00
     40 +2.800000e-02 +1.046646e-02 +9.486655e+01 +0.000000e+00
     41 +2.800000e-02 +1.046646e-02 +9.486655e+01 +2.691993e+03
     42 +2.700000e-02 +1.046646e-02 +9.485943e+01 +2.691566e+03
     43 +2.700000e-02 +1.046646e-02 +9.485943e+01 +2.691566e+03
     44 +2.700000e-02 +9.373165e-03 +9.488328e+01 +2.692997e+03
     45 +2.700000e-02 +8.279874e-03 +9.492367e+01 +2.695420e+03
     46 +2.700000e-02 +7.186582e-03 +9.498024e+01 +2.698815e+03
     47 +2.700000e-02 +6.093291e-03 +9.505303e+01 +2.703182e+03
     48 +2.700000e-02 +5.000000e-03 +9.514517e+01 +2.708710e+03
     49 +2.700000e-02 +5.000000e-03 +9.514517e+01 +2.708710e+03
     50 +2.600000e-02 +5.000000e-03 +9.513452e+01 +2.708071e+03
     51 +2.500000e-02 +5.000000e-03 +9.498495e+01 +2.699097e+03
     52 +2.500000e-02 +5.000000e-03 +9.498495e+01 +2.699097e+03
     53 +2.500000e-02 +5.980815e-03 +9.464666e+01 +2.678800e+03
     54 +2.500000e-02 +6.961630e-03 +9.435024e+01 +2.661014e+03
     55 +2.500000e-02 +7.942445e-03 +9.407817e+01 +2.644690e+03
     56 +2.500000e-02 +8.923260e-03 +9.383107e+01 +2.629864e+03
     57 +2.500000e-02 +9.904075e-03 +9.360900e+01 +2.616540e+03
     58 +2.500000e-02 +1.088489e-02 +9.341181e+01 +2.604708e+03
     59 +2.500000e-02 +1.186571e-02 +9.323920e+01 +2.594352e+03
     60 +2.500000e-02 +1.284652e-02 +9.309104e+01 +2.585462e+03
     61 +2.500000e-02 +1.382734e-02 +9.296733e+01 +2.578040e+03
     62 +2.500000e-02 +1.480815e-02 +9.286810e+01 +2.572086e+03
     63 +2.500000e-02 +1.578897e-02 +9.279334e+01 +2.567601e+03
     64 +2.500000e-02 +1.676978e-02 +9.274300e+01 +2.564580e+03
     65 +2.500000e-02 +1.775060e-02 +9.271794e+01 +2.563077e+03
     66 +2.500000e-02 +1.775060e-02 +9.271794e+01 +2.563077e+03
     67 +2.400000e-02 +1.775060e-02 +9.271782e+01 +2.563069e+03
     68 +2.400000e-02 +1.775060e-02 +9.271782e+01 +2.563069e+03
     69 +2.400000e-02 +1.676978e-02 +9.274295e+01 +2.564577e+03
     70 +2.400000e-02 +1.578897e-02 +9.279330e+01 +2.567598e+03
     71 +2.400000e-02 +1.480815e-02 +9.286806e+01 +2.572084e+03
     72 +2.400000e-02 +1.382734e-02 +9.296730e+01 +2.578038e+03
     73 +2.400000e-02 +1.284652e-02 +9.309102e+01 +2.585461e+03
     74 +2.400000e-02 +1.186571e-02 +9.323918e+01 +2.594351e+03
     75 +2.400000e-02 +1.088489e-02 +9.341174e+01 +2.604705e+03
     76 +2.400000e-02 +9.904075e-03 +9.360891e+01 +2.616535e+03
     77 +2.400000e-02 +8.923260e-03 +9.383098e+01 +2.629859e+03
     78 +2.400000e-02 +7.942445e-03 +9.407810e+01 +2.644686e+03
     79 +2.400000e-02 +6.961630e-03 +9.435025e+01 +2.661015e+03
     80 +2.400000e-02 +5.980815e-03 +9.464642e+01 +2.678785e+03
     81 +2.400000e-02 +5.000000e-03 +9.496809e+01 +2.698086e+03
     82 +2.400000e-02 +5.000000e-03 +9.496809e+01 +2.698086e+03
     83 +2.300000e-02 +5.000000e-03 +9.505247e+01 +2.703148e+03
     84 +2.200000e-02 +5.000000e-03 +9.498047e+01 +2.698828e+03
     85 +2.200000e-02 +5.000000e-03 +9.498047e+01 +2.698828e+03
     86 +2.200000e-02 +5.979240e-03 +9.481431e+01 +2.688859e+03
     87 +2.200000e-02 +6.958480e-03 +9.468585e+01 +2.681151e+03
     88 +2.200000e-02 +7.937720e-03 +9.458185e+01 +2.674911e+03
     89 +2.200000e-02 +8.916960e-03 +9.450310e+01 +2.670186e+03
     90 +2.200000e-02 +9.896200e-03 +9.444982e+01 +2.666989e+03
     91 +2.200000e-02 +1.087544e-02 +9.442301e+01 +2.665380e+03
     92 +2.200000e-02 +1.087544e-02 +9.442301e+01 +2.665380e+03
     93 +2.100000e-02 +1.087544e-02 +9.442300e+01 +2.665380e+03
     94 +2.100000e-02 +1.087544e-02 +9.442300e+01 +2.665380e+03
     95 +2.100000e-02 +9.896200e-03 +9.444982e+01 +2.666989e+03
     96 +2.100000e-02 +8.916960e-03 +9.450310e+01 +2.670186e+03
     97 +2.100000e-02 +7.937720e-03 +9.458188e+01 +2.674913e+03
     98 +2.100000e-02 +6.958480e-03 +9.468601e+01 +2.681160e+03
     99 +2.100000e-02 +5.979240e-03 +9.481406e+01 +2.688844e+03
    100 +2.100000e-02 +5.000000e-03 +9.495342e+01 +2.697205e+03
    101 +2.100000e-02 +5.000000e-03 +9.495342e+01 +2.697205e+03
    102 +2.000000e-02 +5.000000e-03 +9.491938e+01 +2.695163e+03
    103 +1.900000e-02 +5.000000e-03 +9.468810e+01 +2.681286e+03
    104 +1.900000e-02 +5.000000e-03 +9.468810e+01 +2.681286e+03
    105 +1.900000e-02 +5.996289e-03 +9.417861e+01 +2.650716e+03
    106 +1.900000e-02 +6.992578e-03 +9.371924e+01 +2.623155e+03
    107 +1.900000e-02 +7.988868e-03 +9.328420e+01 +2.597052e+03
    108 +1.900000e-02 +8.985157e-03 +9.287447e+01 +2.572468e+03
    109 +1.900000e-02 +9.981446e-03 +9.249015e+01 +2.549409e+03
    110 +1.900000e-02 +1.097774e-02 +9.213106e+01 +2.527863e+03
    111 +1.900000e-02 +1.197402e-02 +9.179684e+01 +2.507810e+03
    112 +1.900000e-02 +1.297031e-02 +9.148721e+01 +2.489232e+03
    113 +1.900000e-02 +1.396660e-02 +9.120207e+01 +2.472124e+03
    114 +1.900000e-02 +1.496289e-02 +9.094133e+01 +2.456480e+03
    115 +1.900000e-02 +1.595918e-02 +9.070478e+01 +2.442287e+03
    116 +1.900000e-02 +1.695547e-02 +9.049221e+01 +2.429533e+03
    117 +1.900000e-02 +1.795176e-02 +9.030345e+01 +2.418207e+03
    118 +1.900000e-02 +1.894805e-02 +9.013838e+01 +2.408303e+03
    119 +1.900000e-02 +1.994434e-02 +8.999694e+01 +2.399817e+03
    120 +1.900000e-02 +2.094063e-02 +8.987907e+01 +2.392744e+03
    121 +1.900000e-02 +2.193692e-02 +8.978469e+01 +2.387081e+03
    122 +1.900000e-02 +2.293321e-02 +8.971372e+01 +2.382823e+03
    123 +1.900000e-02 +2.392950e-02 +8.966607e+01 +2.379964e+03
    124 +1.900000e-02 +2.492578e-02 +8.964247e+01 +2.378548e+03
    125 +1.900000e-02 +2.492578e-02 +8.964247e+01 +2.378548e+03
    126 +1.800000e-02 +2.492578e-02 +8.964246e+01 +2.378548e+03
    127 +1.800000e-02 +2.492578e-02 +8.964246e+01 +2.378548e+03
    128 +1.800000e-02 +2.392950e-02 +8.966607e+01 +2.379964e+03
    129 +1.800000e-02 +2.293321e-02 +8.971372e+01 +2.382823e+03
    130 +1.800000e-02 +2.193692e-02 +8.978468e+01 +2.387081e+03
    131 +1.800000e-02 +2.094063e-02 +8.987907e+01 +2.392744e+03
    132 +1.800000e-02 +1.994434e-02 +8.999696e+01 +2.399817e+03
    133 +1.800000e-02 +1.894805e-02 +9.013841e+01 +2.408305e+03
    134 +1.800000e-02 +1.795176e-02 +9.030351e+01 +2.418211e+03
    135 +1.800000e-02 +1.695547e-02 +9.049231e+01 +2.429539e+03
    136 +1.800000e-02 +1.595918e-02 +9.070486e+01 +2.442292e+03
    137 +1.800000e-02 +1.496289e-02 +9.094133e+01 +2.456480e+03
    138 +1.800000e-02 +1.396660e-02 +9.120202e+01 +2.472121e+03
    139 +1.800000e-02 +1.297031e-02 +9.148711e+01 +2.489227e+03
    140 +1.800000e-02 +1.197402e-02 +9.179671e+01 +2.507803e+03
    141 +1.800000e-02 +1.097774e-02 +9.213097e+01 +2.527858e+03
    142 +1.800000e-02 +9.981446e-03 +9.249012e+01 +2.549407e+03
    143 +1.800000e-02 +8.985157e-03 +9.287447e+01 +2.572468e+03
    144 +1.800000e-02 +7.988868e-03 +9.328424e+01 +2.597054e+03
    145 +1.800000e-02 +6.992578e-03 +9.371938e+01 +2.623163e+03
    146 +1.800000e-02 +5.996289e-03 +9.417842e+01 +2.650705e+03
    147 +1.800000e-02 +5.000000e-03 +9.466423e+01 +2.679854e+03
    148 +1.800000e-02 +5.000000e-03 +9.466423e+01 +2.679854e+03
    149 +1.700000e-02 +5.000000e-03 +9.480266e+01 +2.688160e+03
    150 +1.600000e-02 +5.000000e-03 +9.471323e+01 +2.682794e+03
    151 +1.600000e-02 +5.000000e-03 +9.471323e+01 +2.682794e+03
    152 +1.600000e-02 +5.967768e-03 +9.443634e+01 +2.666181e+03
    153 +1.600000e-02 +6.935536e-03 +9.419142e+01 +2.651485e+03
    154 +1.600000e-02 +7.903304e-03 +9.396972e+01 +2.638183e+03
    155 +1.600000e-02 +8.871072e-03 +9.377239e+01 +2.626343e+03
    156 +1.600000e-02 +9.838840e-03 +9.359963e+01 +2.615978e+03
    157 +1.600000e-02 +1.080661e-02 +9.345142e+01 +2.607085e+03
    158 +1.600000e-02 +1.177438e-02 +9.332768e+01 +2.599661e+03
    159 +1.600000e-02 +1.274214e-02 +9.322834e+01 +2.593700e+03
    160 +1.600000e-02 +1.370991e-02 +9.315334e+01 +2.589200e+03
    161 +1.600000e-02 +1.467768e-02 +9.310262e+01 +2.586157e+03
    162 +1.600000e-02 +1.564545e-02 +9.307709e+01 +2.584625e+03
    163 +1.600000e-02 +1.564545e-02 +9.307709e+01 +2.584625e+03
    164 +1.500000e-02 +1.564545e-02 +9.307704e+01 +2.584622e+03
    165 +1.500000e-02 +1.564545e-02 +9.307704e+01 +2.584622e+03
    166 +1.500000e-02 +1.467768e-02 +9.310260e+01 +2.586156e+03
    167 +1.500000e-02 +1.370991e-02 +9.315332e+01 +2.589199e+03
    168 +1.500000e-02 +1.274214e-02 +9.322831e+01 +2.593699e+03
    169 +1.500000e-02 +1.177438e-02 +9.332765e+01 +2.599659e+03
    170 +1.500000e-02 +1.080661e-02 +9.345139e+01 +2.607084e+03
    171 +1.500000e-02 +9.838840e-03 +9.359961e+01 +2.615977e+03
    172 +1.500000e-02 +8.871072e-03 +9.377237e+01 +2.626342e+03
    173 +1.500000e-02 +7.903304e-03 +9.396968e+01 +2.638181e+03
    174 +1.500000e-02 +6.935536e-03 +9.419131e+01 +2.651479e+03
    175 +1.500000e-02 +5.967768e-03 +9.443582e+01 +2.666149e+03
    176 +1.500000e-02 +5.000000e-03 +9.470415e+01 +2.682249e+03
    177 +1.500000e-02 +5.000000e-03 +9.470415e+01 +2.682249e+03
    178 +1.400000e-02 +5.000000e-03 +9.476301e+01 +2.685781e+03
    179 +1.300000e-02 +5.000000e-03 +9.462756e+01 +2.677654e+03
    180 +1.300000e-02 +5.000000e-03 +9.462756e+01 +2.677654e+03
    181 +1.300000e-02 +6.026623e-03 +9.426540e+01 +2.655924e+03
    182 +1.300000e-02 +7.053247e-03 +9.394345e+01 +2.636607e+03
    183 +1.300000e-02 +8.079870e-03 +9.364741e+01 +2.618845e+03
    184 +1.300000e-02 +9.106493e-03 +9.337845e+01 +2.602707e+03
    185 +1.300000e-02 +1.013312e-02 +9.313675e+01 +2.588205e+03
    186 +1.300000e-02 +1.115974e-02 +9.292222e+01 +2.575333e+03
    187 +1.300000e-02 +1.218636e-02 +9.273474e+01 +2.564084e+03
    188 +1.300000e-02 +1.321299e-02 +9.257420e+01 +2.554452e+03
    189 +1.300000e-02 +1.423961e-02 +9.244050e+01 +2.546430e+03
    190 +1.300000e-02 +1.526623e-02 +9.233355e+01 +2.540013e+03
    191 +1.300000e-02 +1.629286e-02 +9.225315e+01 +2.535189e+03
    192 +1.300000e-02 +1.731948e-02 +9.219905e+01 +2.531943e+03
    193 +1.300000e-02 +1.834610e-02 +9.217218e+01 +2.530331e+03
    194 +1.300000e-02 +1.834610e-02 +9.217218e+01 +2.530331e+03
    195 +1.200000e-02 +1.834610e-02 +9.217191e+01 +2.530314e+03
    196 +1.200000e-02 +1.834610e-02 +9.217191e+01 +2.530314e+03
    197 +1.200000e-02 +1.731948e-02 +9.219890e+01 +2.531934e+03
    198 +1.200000e-02 +1.629286e-02 +9.225301e+01 +2.535180e+03
    199 +1.200000e-02 +1.526623e-02 +9.233347e+01 +2.540008e+03
    200 +1.200000e-02 +1.423961e-02 +9.244048e+01 +2.546429e+03
    201 +1.200000e-02 +1.321299e-02 +9.257419e+01 +2.554451e+03
    202 +1.200000e-02 +1.218636e-02 +9.273473e+01 +2.564084e+03
    203 +1.200000e-02 +1.115974e-02 +9.292220e+01 +2.575332e+03
    204 +1.200000e-02 +1.013312e-02 +9.313673e+01 +2.588204e+03
    205 +1.200000e-02 +9.106493e-03 +9.337844e+01 +2.602707e+03
    206 +1.200000e-02 +8.079870e-03 +9.364742e+01 +2.618845e+03
    207 +1.200000e-02 +7.053247e-03 +9.394358e+01 +2.636615e+03
    208 +1.200000e-02 +6.026623e-03 +9.426555e+01 +2.655933e+03
    209 +1.200000e-02 +5.000000e-03 +9.461294e+01 +2.676776e+03
    210 +1.200000e-02 +5.000000e-03 +9.461294e+01 +2.676776e+03
    211 +1.100000e-02 +5.000000e-03 +9.468887e+01 +2.681332e+03
    212 +1.000000e-02 +5.000000e-03 +9.452546e+01 +2.671528e+03
    213 +1.000000e-02 +5.000000e-03 +9.452546e+01 +2.671528e+03
    214 +1.000000e-02 +6.013753e-03 +9.403834e+01 +2.642300e+03
    215 +1.000000e-02 +7.027505e-03 +9.358660e+01 +2.615196e+03
    216 +1.000000e-02 +8.041258e-03 +9.315983e+01 +2.589590e+03
    217 +1.000000e-02 +9.055011e-03 +9.275926e+01 +2.565556e+03
    218 +1.000000e-02 +1.006876e-02 +9.238491e+01 +2.543095e+03
    219 +1.000000e-02 +1.108252e-02 +9.203655e+01 +2.522193e+03
    220 +1.000000e-02 +1.209627e-02 +9.171389e+01 +2.502833e+03
    221 +1.000000e-02 +1.311002e-02 +9.141673e+01 +2.485004e+03
    222 +1.000000e-02 +1.412377e-02 +9.114495e+01 +2.468697e+03
    223 +1.000000e-02 +1.513753e-02 +9.089846e+01 +2.453908e+03
    224 +1.000000e-02 +1.615128e-02 +9.067715e+01 +2.440629e+03
    225 +1.000000e-02 +1.716503e-02 +9.048090e+01 +2.428854e+03
    226 +1.000000e-02 +1.817879e-02 +9.030958e+01 +2.418575e+03
    227 +1.000000e-02 +1.919254e-02 +9.016293e+01 +2.409776e+03
    228 +1.000000e-02 +2.020629e-02 +9.004070e+01 +2.402442e+03
    229 +1.000000e-02 +2.122004e-02 +8.994281e+01 +2.396569e+03
    230 +1.000000e-02 +2.223380e-02 +8.986927e+01 +2.392156e+03
    231 +1.000000e-02 +2.324755e-02 +8.981997e+01 +2.389198e+03
    232 +1.000000e-02 +2.426130e-02 +8.979563e+01 +2.387738e+03
    233 +1.000000e-02 +2.426130e-02 +8.979563e+01 +2.387738e+03
    234 +9.000000e-03 +2.426130e-02 +8.979562e+01 +2.387737e+03
    235 +9.000000e-03 +2.426130e-02 +8.979562e+01 +2.387737e+03
    236 +9.000000e-03 +2.324755e-02 +8.981995e+01 +2.389197e+03
    237 +9.000000e-03 +2.223380e-02 +8.986922e+01 +2.392153e+03
    238 +9.000000e-03 +2.122004e-02 +8.994274e+01 +2.396564e+03
    239 +9.000000e-03 +2.020629e-02 +9.004058e+01 +2.402435e+03
    240 +9.000000e-03 +1.919254e-02 +9.016281e+01 +2.409769e+03
    241 +9.000000e-03 +1.817879e-02 +9.030952e+01 +2.418571e+03
    242 +9.000000e-03 +1.716503e-02 +9.048090e+01 +2.428854e+03
    243 +9.000000e-03 +1.615128e-02 +9.067718e+01 +2.440631e+03
    244 +9.000000e-03 +1.513753e-02 +9.089851e+01 +2.453910e+03
    245 +9.000000e-03 +1.412377e-02 +9.114502e+01 +2.468701e+03
    246 +9.000000e-03 +1.311002e-02 +9.141683e+01 +2.485010e+03
    247 +9.000000e-03 +1.209627e-02 +9.171403e+01 +2.502842e+03
    248 +9.000000e-03 +1.108252e-02 +9.203669e+01 +2.522202e+03
    249 +9.000000e-03 +1.006876e-02 +9.238500e+01 +2.543100e+03
    250 +9.000000e-03 +9.055011e-03 +9.275930e+01 +2.565558e+03
    251 +9.000000e-03 +8.041258e-03 +9.315984e+01 +2.589590e+03
    252 +9.000000e-03 +7.027505e-03 +9.358651e+01 +2.615190e+03
    253 +9.000000e-03 +6.013753e-03 +9.403807e+01 +2.642284e+03
    254 +9.000000e-03 +5.000000e-03 +9.453062e+01 +2.671837e+03
    255 +9.000000e-03 +5.000000e-03 +9.453062e+01 +2.671837e+03
    256 +8.000000e-03 +5.000000e-03 +9.471834e+01 +2.683100e+03
    257 +7.000000e-03 +5.000000e-03 +9.471219e+01 +2.682732e+03
    258 +7.000000e-03 +5.000000e-03 +9.471219e+01 +2.682732e+03
    259 +7.000000e-03 +5.942169e-03 +9.457301e+01 +2.674380e+03
    260 +7.000000e-03 +6.884338e-03 +9.445435e+01 +2.667261e+03
    261 +7.000000e-03 +7.826507e-03 +9.435776e+01 +2.661466e+03
    262 +7.000000e-03 +8.768676e-03 +9.428446e+01 +2.657067e+03
    263 +7.000000e-03 +9.710845e-03 +9.423468e+01 +2.654081e+03
    264 +7.000000e-03 +1.065301e-02 +9.420944e+01 +2.652566e+03
    265 +7.000000e-03 +1.065301e-02 +9.420944e+01 +2.652566e+03
    266 +6.000000e-03 +1.065301e-02 +9.420948e+01 +2.652569e+03
    267 +6.000000e-03 +1.065301e-02 +9.420948e+01 +2.652569e+03
    268 +6.000000e-03 +9.710845e-03 +9.423470e+01 +2.654082e+03
    269 +6.000000e-03 +8.768676e-03 +9.428447e+01 +2.657068e+03
    270 +6.000000e-03 +7.826507e-03 +9.435777e+01 +2.661466e+03
    271 +6.000000e-03 +6.884338e-03 +9.445436e+01 +2.667261e+03
    272 +6.000000e-03 +5.942169e-03 +9.457306e+01 +2.674384e+03
    273 +6.000000e-03 +5.000000e-03 +9.471485e+01 +2.682891e+03
    274 +6.000000e-03 +5.000000e-03 +9.471485e+01 +2.682891e+03
    275 +5.000000e-03 +5.000000e-03 +9.473171e+01 +2.683903e+03
    276 +4.000000e-03 +5.000000e-03 +9.455946e+01 +2.673568e+03
    277 +4.000000e-03 +5.000000e-03 +9.455946e+01 +2.673568e+03
    278 +4.000000e-03 +5.982384e-03 +9.409755e+01 +2.645853e+03
    279 +4.000000e-03 +6.964767e-03 +9.367237e+01 +2.620342e+03
    280 +4.000000e-03 +7.947151e-03 +9.327059e+01 +2.596235e+03
    281 +4.000000e-03 +8.929534e-03 +9.289326e+01 +2.573596e+03
    282 +4.000000e-03 +9.911918e-03 +9.254043e+01 +2.552426e+03
    283 +4.000000e-03 +1.089430e-02 +9.221192e+01 +2.532715e+03
    284 +4.000000e-03 +1.187669e-02 +9.190738e+01 +2.514443e+03
    285 +4.000000e-03 +1.285907e-02 +9.162660e+01 +2.497596e+03
    286 +4.000000e-03 +1.384145e-02 +9.136950e+01 +2.482170e+03
    287 +4.000000e-03 +1.482384e-02 +9.113600e+01 +2.468160e+03
    288 +4.000000e-03 +1.580622e-02 +9.092600e+01 +2.455560e+03
    289 +4.000000e-03 +1.678860e-02 +9.073946e+01 +2.444367e+03
    290 +4.000000e-03 +1.777099e-02 +9.057632e+01 +2.434579e+03
    291 +4.000000e-03 +1.875337e-02 +9.043652e+01 +2.426191e+03
    292 +4.000000e-03 +1.973575e-02 +9.032001e+01 +2.419201e+03
    293 +4.000000e-03 +2.071814e-02 +9.022672e+01 +2.413603e+03
    294 +4.000000e-03 +2.170052e-02 +9.015655e+01 +2.409393e+03
    295 +4.000000e-03 +2.268290e-02 +9.010939e+01 +2.406564e+03
    296 +4.000000e-03 +2.366529e-02 +9.008597e+01 +2.405158e+03
    297 +4.000000e-03 +2.366529e-02 +9.008597e+01 +2.405158e+03
    298 +3.000000e-03 +2.366529e-02 +9.008602e+01 +2.405161e+03
    299 +3.000000e-03 +2.366529e-02 +9.008602e+01 +2.405161e+03
    300 +3.000000e-03 +2.268290e-02 +9.010943e+01 +2.406566e+03
    301 +3.000000e-03 +2.170052e-02 +9.015659e+01 +2.409395e+03
    302 +3.000000e-03 +2.071814e-02 +9.022676e+01 +2.413606e+03
    303 +3.000000e-03 +1.973575e-02 +9.032007e+01 +2.419204e+03
    304 +3.000000e-03 +1.875337e-02 +9.043658e+01 +2.426195e+03
    305 +3.000000e-03 +1.777099e-02 +9.057639e+01 +2.434583e+03
    306 +3.000000e-03 +1.678860e-02 +9.073954e+01 +2.444372e+03
    307 +3.000000e-03 +1.580622e-02 +9.092611e+01 +2.455566e+03
    308 +3.000000e-03 +1.482384e-02 +9.113612e+01 +2.468167e+03
    309 +3.000000e-03 +1.384145e-02 +9.136961e+01 +2.482176e+03
    310 +3.000000e-03 +1.285907e-02 +9.162664e+01 +2.497599e+03
    311 +3.000000e-03 +1.187669e-02 +9.190737e+01 +2.514442e+03
    312 +3.000000e-03 +1.089430e-02 +9.221193e+01 +2.532716e+03
    313 +3.000000e-03 +9.911918e-03 +9.254051e+01 +2.552431e+03
    314 +3.000000e-03 +8.929534e-03 +9.289336e+01 +2.573602e+03
    315 +3.000000e-03 +7.947151e-03 +9.327069e+01 +2.596241e+03
    316 +3.000000e-03 +6.964767e-03 +9.367244e+01 +2.620346e+03
    317 +3.000000e-03 +5.982384e-03 +9.409760e+01 +2.645856e+03
    318 +3.000000e-03 +5.000000e-03 +9.456114e+01 +2.673668e+03
    319 +3.000000e-03 +5.000000e-03 +9.456114e+01 +2.673668e+03
    320 +2.000000e-03 +5.000000e-03 +9.473976e+01 +2.684385e+03
    321 +1.000000e-03 +5.000000e-03 +9.473124e+01 +2.683875e+03
    322 +1.000000e-03 +5.000000e-03 +9.473124e+01 +2.683875e+03
    323 +1.000000e-03 +5.964753e-03 +9.460387e+01 +2.676232e+03
    324 +1.000000e-03 +6.929507e-03 +9.449604e+01 +2.669762e+03
    325 +1.000000e-03 +7.894260e-03 +9.440083e+01 +2.664050e+03
    326 +1.000000e-03 +8.859013e-03 +9.431811e+01 +2.659087e+03
    327 +1.000000e-03 +9.823767e-03 +9.424791e+01 +2.654874e+03
    328 +1.000000e-03 +1.078852e-02 +9.419022e+01 +2.651413e+03
    329 +1.000000e-03 +1.175327e-02 +9.414504e+01 +2.648702e+03
    330 +1.000000e-03 +1.271803e-02 +9.411234e+01 +2.646740e+03
    331 +1.000000e-03 +1.368278e-02 +9.409251e+01 +2.645550e+03
    332 +1.000000e-03 +1.368278e-02 +9.409251e+01 +2.645550e+03
    333 +0.000000e+00 +1.368278e-02 +9.409944e+01 +2.645966e+03
    334 +0.000000e+00 +1.368278e-02 +9.409944e+01 +0.000000e+00
    335 +0.000000e+00 +1.270544e-02 +9.411944e+01 +0.000000e+00
    336 +0.000000e+00 +1.172810e-02 +9.415282e+01 +0.000000e+00
    337 +0.000000e+00 +1.075076e-02 +9.419901e+01 +0.000000e+00
    338 +0.000000e+00 +9.773414e-03 +9.425803e+01 +0.000000e+00
    339 +0.000000e+00 +8.796073e-03 +9.432990e+01 +0.000000e+00
    340 +0.000000e+00 +7.818732e-03 +9.441455e+01 +0.000000e+00
    341 +0.000000e+00 +6.841390e-03 +9.451168e+01 +0.000000e+00
    342 +0.000000e+00 +5.864049e-03 +9.461965e+01 +0.000000e+00
    343 +0.000000e+00 +4.886707e-03 +9.472933e+01 +0.000000e+00
    344 +0.000000e+00 +3.909366e-03 +9.482973e+01 +0.000000e+00
    345 +0.000000e+00 +2.932024e-03 +9.493081e+01 +0.000000e+00
    346 +0.000000e+00 +1.954683e-03 +9.503722e+01 +0.000000e+00
    347 +0.000000e+00 +9.773414e-04 +9.514752e+01 +0.000000e+00
    348 +0.000000e+00 +1.734723e-18 +9.526030e+01 +0.000000e+00

%_intp_ ______x1_____ ______x2_____ ______T______ _____qx1_____ _____qx2_____
      1 +1.400000e-02 +5.000000e-04 +9.523701e+01 -3.531551e+03 +2.349374e+04
      2 +1.400000e-02 +6.379310e-04 +9.522078e+01 -3.537950e+03 +2.355082e+04
      3 +1.400000e-02 +7.758621e-04 +9.520452e+01 -3.545861e+03 +2.360548e+04
      4 +1.400000e-02 +9.137931e-04 +9.518823e+01 -3.555420e+03 +2.365798e+04
      5 +1.400000e-02 +1.051724e-03 +9.517189e+01 -3.566771e+03 +2.370818e+04
      6 +1.400000e-02 +1.189655e-03 +9.515553e+01 -3.580071e+03 +2.375577e+04
      7 +1.400000e-02 +1.327586e-03 +9.513913e+01 -3.595502e+03 +2.380033e+04
      8 +1.400000e-02 +1.465517e-03 +9.512270e+01 -3.613278e+03 +2.384133e+04
      9 +1.400000e-02 +1.603448e-03 +9.510624e+01 -3.633648e+03 +2.387817e+04
     10 +1.400000e-02 +1.741379e-03 +9.508976e+01 -3.656902e+03 +2.391011e+04
     11 +1.400000e-02 +1.879310e-03 +9.507327e+01 -3.683383e+03 +2.393625e+04
     12 +1.400000e-02 +2.017241e-03 +9.505675e+01 -3.713491e+03 +2.395553e+04
     13 +1.400000e-02 +2.155172e-03 +9.504022e+01 -3.747694e+03 +2.396659e+04
     14 +1.400000e-02 +2.293103e-03 +9.502370e+01 -3.786540e+03 +2.396775e+04
     15 +1.400000e-02 +2.431034e-03 +9.500717e+01 -3.830671e+03 +2.395686e+04
     16 +1.400000e-02 +2.568966e-03 +9.499065e+01 -3.880837e+03 +2.393118e+04
     17 +1.400000e-02 +2.706897e-03 +9.497416e+01 -3.937912e+03 +2.388713e+04
     18 +1.400000e-02 +2.844828e-03 +9.495771e+01 -4.002919e+03 +2.382010e+04
     19 +1.400000e-02 +2.982759e-03 +9.494132e+01 -4.077044e+03 +2.372400e+04
     20 +1.400000e-02 +3.120690e-03 +9.492500e+01 -4.161661e+03 +2.359087e+04
     21 +1.400000e-02 +3.258621e-03 +9.490879e+01 -4.258347e+03 +2.341020e+04
     22 +1.400000e-02 +3.396552e-03 +9.489272e+01 -4.368892e+03 +2.316810e+04
     23 +1.400000e-02 +3.534483e-03 +9.487685e+01 -4.495289e+03 +2.284628e+04
     24 +1.400000e-02 +3.672414e-03 +9.486123e+01 -4.639696e+03 +2.242059e+04
     25 +1.400000e-02 +3.810345e-03 +9.484596e+01 -4.804334e+03 +2.185929e+04
     26 +1.400000e-02 +3.948276e-03 +9.483112e+01 -4.991301e+03 +2.112068e+04
     27 +1.400000e-02 +4.086207e-03 +9.481688e+01 -5.202240e+03 +2.015017e+04
     28 +1.400000e-02 +4.224138e-03 +9.480340e+01 -5.437807e+03 +1.887606e+04
     29 +1.400000e-02 +4.362069e-03 +9.479093e+01 -5.696904e+03 +1.720244e+04
     30 +1.400000e-02 +4.500000e-03 +9.477979e+01 -5.975717e+03 +1.499367e+04

