%_node_ ______x1_____ ______x2_____ ______T______ ______q______
      1 +0.000000e+00 +0.000000e+00 +9.554684e+01 -2.329200e+04
      2 +1.000000e-03 +0.000000e+00 +9.554627e+01 -2.329200e+04
      3 +2.000000e-03 +0.000000e+00 +9.554441e+01 -2.329200e+04
      4 +3.000000e-03 +0.000000e+00 +9.553992e+01 -2.329200e+04
      5 +4.000000e-03 +0.000000e+00 +9.553148e+01 -2.329200e+04
      6 +5.000000e-03 +0.000000e+00 +9.551827e+01 -2.329200e+04
      7 +6.000000e-03 +0.000000e+00 +9.550017e+01 -2.329200e+04
      8 +7.000000e-03 +0.000000e+00 +9.547789e+01 -2.329200e+04
      9 +8.000000e-03 +0.000000e+00 +9.545282e+01 -2.329200e+04
     10 +9.000000e-03 +0.000000e+00 +9.542676e+01 -2.329200e+04
     11 +1.000000e-02 +0.000000e+00 +9.540127e+01 -2.329200e+04
     12 +1.100000e-02 +0.000000e+00 +9.537701e+01 -2.329200e+04
     13 +1.200000e-02 +0.000000e+00 +9.535368e+01 -2.329200e+04
     14 +1.300000e-02 +0.000000e+00 +9.533039e+01 -2.329200e+04
     15 +1.400000e-02 +0.000000e+00 +9.530619e+01 -2.329200e+04
     16 +1.500000e-02 +0.000000e+00 +9.528044e+01 -2.329200e+04
     17 +1.600000e-02 +0.000000e+00 +9.525318e+01 -2.329200e+04
     18 +1.700000e-02 +0.000000e+00 +9.522535e+01 -2.329200e+04
     19 +1.800000e-02 +0.000000e+00 +9.519847e+01 -2.329200e+04
     20 +1.900000e-02 +0.000000e+00 +9.517399e+01 -2.329200e+04
     21 +2.000000e-02 +0.000000e+00 +9.515251e+01 -2.329200e+04
     22 +2.100000e-02 +0.000000e+00 +9.513377e+01 -2.329200e+04
     23 +2.200000e-02 +0.000000e+00 +9.511727e+01 -2.329200e+04
     24 +2.300000e-02 +0.000000e+00 +9.510282e+01 -2.329200e+04
     25 +2.400000e-02 +0.000000e+00 +9.509066e+01 -2.329200e+04
     26 +2.500000e-02 +0.000000e+00 +9.508120e+01 -2.329200e+04
     27 +2.600000e-02 +0.000000e+00 +9.507462e+01 -2.329200e+04
     28 +2.700000e-02 +0.000000e+00 +9.507077e+01 -2.329200e+04
     29 +2.800000e-02 +0.000000e+00 +9.506961e+01 -2.329200e+04
     30 +2.800000e-02 +0.000000e+00 +9.506961e+01 +0.000000e+00
     31 +2.800000e-02 +9.947605e-04 +9.495256e+01 +0.000000e+00
     32 +2.800000e-02 +1.989521e-03 +9.483287e+01 +0.000000e+00
     33 +2.800000e-02 +2.984281e-03 +9.471004e+01 +0.000000e+00
     34 +2.800000e-02 +3.979042e-03 +9.457993e+01 +0.000000e+00
     35 +2.800000e-02 +4.973802e-03 +9.442474e+01 +0.000000e+00
     36 +2.800000e-02 +5.968563e-03 +9.423143e+01 +0.000000e+00
     37 +2.800000e-02 +6.963323e-03 +9.403289e+01 +0.000000e+00
     38 +2.800000e-02 +7.958084e-03 +9.384518e+01 +0.000000e+00
     39 +2.800000e-02 +8.952844e-03 +9.367025e+01 +0.000000e+00
     40 +2.800000e-02 +9.947605e-03 +9.350835e+01 +0.000000e+00
     41 +2.800000e-02 +1.094237e-02 +9.335953e+01 +0.000000e+00
     42 +2.800000e-02 +1.193713e-02 +9.322376e+01 +0.000000e+00
     43 +2.800000e-02 +1.293189e-02 +9.310103e+01 +0.000000e+00
     44 +2.800000e-02 +1.392665e-02 +9.299129e+01 +0.000000e+00
     45 +2.800000e-02 +1.492141e-02 +9.289452e+01 +0.000000e+00
     46 +2.800000e-02 +1.591617e-02 +9.281069e+01 +0.000000e+00
     47 +2.800000e-02 +1.691093e-02 +9.273977e+01 +0.000000e+00
     48 +2.800000e-02 +1.790569e-02 +9.268173e+01 +0.000000e+00
     49 +2.800000e-02 +1.890045e-02 +9.263654e+01 +0.000000e+00
     50 +2.800000e-02 +1.989521e-02 +9.260416e+01 +0.000000e+00
     51 +2.800000e-02 +2.088997e-02 +9.258498e+01 +0.000000e+00
     52 +2.800000e-02 +2.088997e-02 +9.258498e+01 +2.555099e+03
     53 +2.700000e-02 +2.088997e-02 +9.257840e+01 +2.554704e+03
     54 +2.700000e-02 +2.088997e-02 +9.257840e+01 +2.554704e+03
     55 +2.700000e-02 +1.989685e-02 +9.259757e+01 +2.555854e+03
     56 +2.700000e-02 +1.890372e-02 +9.262986e+01 +2.557792e+03
     57 +2.700000e-02 +1.791060e-02 +9.267492e+01 +2.560495e+03
     58 +2.700000e-02 +1.691748e-02 +9.273278e+01 +2.563967e+03
     59 +2.700000e-02 +1.592435e-02 +9.280348e+01 +2.568209e+03
     60 +2.700000e-02 +1.493123e-02 +9.288704e+01 +2.573223e+03
     61 +2.700000e-02 +1.393811e-02 +9.298350e+01 +2.579010e+03
     62 +2.700000e-02 +1.294498e-02 +9.309287e+01 +2.585572e+03
     63 +2.700000e-02 +1.195186e-02 +9.321520e+01 +2.592912e+03
     64 +2.700000e-02 +1.095874e-02 +9.335051e+01 +2.601031e+03
     65 +2.700000e-02 +9.965616e-03 +9.349883e+01 +2.609930e+03
     66 +2.700000e-02 +8.972492e-03 +9.366019e+01 +2.619611e+03
     67 +2.700000e-02 +7.979369e-03 +9.383457e+01 +2.630074e+03
     68 +2.700000e-02 +6.986246e-03 +9.402194e+01 +2.641316e+03
     69 +2.700000e-02 +5.993123e-03 +9.422267e+01 +2.653360e+03
     70 +2.700000e-02 +5.000000e-03 +9.445643e+01 +2.667386e+03
     71 +2.700000e-02 +5.000000e-03 +9.445643e+01 +2.667386e+03
     72 +2.600000e-02 +5.000000e-03 +9.453143e+01 +2.671886e+03
     73 +2.500000e-02 +5.000000e-03 +9.440320e+01 +2.664192e+03
     74 +2.500000e-02 +5.000000e-03 +9.440320e+01 +2.664192e+03
     75 +2.500000e-02 +6.016386e-03 +9.398815e+01 +2.639289e+03
     76 +2.500000e-02 +7.032773e-03 +9.360550e+01 +2.616330e+03
     77 +2.500000e-02 +8.049159e-03 +9.324787e+01 +2.594872e+03
     78 +2.500000e-02 +9.065545e-03 +9.291643e+01 +2.574986e+03
     79 +2.500000e-02 +1.008193e-02 +9.261124e+01 +2.556674e+03
     80 +2.500000e-02 +1.109832e-02 +9.233218e+01 +2.539931e+03
     81 +2.500000e-02 +1.211470e-02 +9.207910e+01 +2.524746e+03
     82 +2.500000e-02 +1.313109e-02 +9.185185e+01 +2.511111e+03
     83 +2.500000e-02 +1.414748e-02 +9.165028e+01 +2.499017e+03
     84 +2.500000e-02 +1.516386e-02 +9.147420e+01 +2.488452e+03
     85 +2.500000e-02 +1.618025e-02 +9.132341e+01 +2.479404e+03
     86 +2.500000e-02 +1.719664e-02 +9.119772e+01 +2.471863e+03
     87 +2.500000e-02 +1.821302e-02 +9.109708e+01 +2.465825e+03
     88 +2.500000e-02 +1.922941e-02 +9.102147e+01 +2.461288e+03
     89 +2.500000e-02 +2.024580e-02 +9.097084e+01 +2.458250e+03
     90 +2.500000e-02 +2.126218e-02 +9.094600e+01 +2.456760e+03
     91 +2.500000e-02 +2.126218e-02 +9.094600e+01 +2.456760e+03
     92 +2.400000e-02 +2.126218e-02 +9.094575e+01 +2.456745e+03
     93 +2.400000e-02 +2.126218e-02 +9.094575e+01 +2.456745e+03
     94 +2.400000e-02 +2.024580e-02 +9.097075e+01 +2.458245e+03
     95 +2.400000e-02 +1.922941e-02 +9.102140e+01 +2.461284e+03
     96 +2.400000e-02 +1.821302e-02 +9.109703e+01 +2.465822e+03
     97 +2.400000e-02 +1.719664e-02 +9.119770e+01 +2.471862e+03
     98 +2.400000e-02 +1.618025e-02 +9.132341e+01 +2.479405e+03
     99 +2.400000e-02 +1.516386e-02 +9.147415e+01 +2.488449e+03
    100 +2.400000e-02 +1.414748e-02 +9.165016e+01 +2.499010e+03
    101 +2.400000e-02 +1.313109e-02 +9.185171e+01 +2.511103e+03
    102 +2.400000e-02 +1.211470e-02 +9.207896e+01 +2.524737e+03
    103 +2.400000e-02 +1.109832e-02 +9.233203e+01 +2.539922e+03
    104 +2.400000e-02 +1.008193e-02 +9.261109e+01 +2.556665e+03
    105 +2.400000e-02 +9.065545e-03 +9.291628e+01 +2.574977e+03
    106 +2.400000e-02 +8.049159e-03 +9.324774e+01 +2.594865e+03
    107 +2.400000e-02 +7.032773e-03 +9.360541e+01 +2.616324e+03
    108 +2.400000e-02 +6.016386e-03 +9.398825e+01 +2.639295e+03
    109 +2.400000e-02 +5.000000e-03 +9.440995e+01 +2.664597e+03
    110 +2.400000e-02 +5.000000e-03 +9.440995e+01 +2.664597e+03
    111 +2.300000e-02 +5.000000e-03 +9.456381e+01 +2.673828e+03
    112 +2.200000e-02 +5.000000e-03 +9.451244e+01 +2.670746e+03
    113 +2.200000e-02 +5.000000e-03 +9.451244e+01 +2.670746e+03
    114 +2.200000e-02 +6.021649e-03 +9.424397e+01 +2.654638e+03
    115 +2.200000e-02 +7.043298e-03 +9.400077e+01 +2.640046e+03
    116 +2.200000e-02 +8.064946e-03 +9.378317e+01 +2.626990e+03
    117 +2.200000e-02 +9.086595e-03 +9.359254e+01 +2.615553e+03
    118 +2.200000e-02 +1.010824e-02 +9.342907e+01 +2.605744e+03
    119 +2.200000e-02 +1.112989e-02 +9.329272e+01 +2.597563e+03
    120 +2.200000e-02 +1.215154e-02 +9.318342e+01 +2.591005e+03
    121 +2.200000e-02 +1.317319e-02 +9.310108e+01 +2.586065e+03
    122 +2.200000e-02 +1.419484e-02 +9.304563e+01 +2.582738e+03
    123 +2.200000e-02 +1.521649e-02 +9.301793e+01 +2.581076e+03
    124 +2.200000e-02 +1.521649e-02 +9.301793e+01 +2.581076e+03
    125 +2.100000e-02 +1.521649e-02 +9.301796e+01 +2.581077e+03
    126 +2.100000e-02 +1.521649e-02 +9.301796e+01 +2.581077e+03
    127 +2.100000e-02 +1.419484e-02 +9.304564e+01 +2.582739e+03
    128 +2.100000e-02 +1.317319e-02 +9.310109e+01 +2.586065e+03
    129 +2.100000e-02 +1.215154e-02 +9.318343e+01 +2.591006e+03
    130 +2.100000e-02 +1.112989e-02 +9.329273e+01 +2.597564e+03
    131 +2.100000e-02 +1.010824e-02 +9.342908e+01 +2.605745e+03
    132 +2.100000e-02 +9.086595e-03 +9.359255e+01 +2.615553e+03
    133 +2.100000e-02 +8.064946e-03 +9.378318e+01 +2.626991e+03
    134 +2.100000e-02 +7.043298e-03 +9.400080e+01 +2.640048e+03
    135 +2.100000e-02 +6.021649e-03 +9.424423e+01 +2.654654e+03
    136 +2.100000e-02 +5.000000e-03 +9.452111e+01 +2.671267e+03
    137 +2.100000e-02 +5.000000e-03 +9.452111e+01 +2.671267e+03
    138 +2.000000e-02 +5.000000e-03 +9.460352e+01 +2.676211e+03
    139 +1.900000e-02 +5.000000e-03 +9.446650e+01 +2.667990e+03
    140 +1.900000e-02 +5.000000e-03 +9.446650e+01 +2.667990e+03
    141 +1.900000e-02 +5.995402e-03 +9.400183e+01 +2.640110e+03
    142 +1.900000e-02 +6.990803e-03 +9.356547e+01 +2.613928e+03
    143 +1.900000e-02 +7.986205e-03 +9.315304e+01 +2.589182e+03
    144 +1.900000e-02 +8.981606e-03 +9.276599e+01 +2.565960e+03
    145 +1.900000e-02 +9.977008e-03 +9.240441e+01 +2.544265e+03
    146 +1.900000e-02 +1.097241e-02 +9.206814e+01 +2.524088e+03
    147 +1.900000e-02 +1.196781e-02 +9.175696e+01 +2.505417e+03
    148 +1.900000e-02 +1.296321e-02 +9.147060e+01 +2.488236e+03
    149 +1.900000e-02 +1.395861e-02 +9.120876e+01 +2.472526e+03
    150 +1.900000e-02 +1.495402e-02 +9.097124e+01 +2.458274e+03
    151 +1.900000e-02 +1.594942e-02 +9.075778e+01 +2.445467e+03
    152 +1.900000e-02 +1.694482e-02 +9.056813e+01 +2.434088e+03
    153 +1.900000e-02 +1.794022e-02 +9.040225e+01 +2.424135e+03
    154 +1.900000e-02 +1.893562e-02 +9.026013e+01 +2.415608e+03
    155 +1.900000e-02 +1.993102e-02 +9.014174e+01 +2.408505e+03
    156 +1.900000e-02 +2.092642e-02 +9.004701e+01 +2.402821e+03
    157 +1.900000e-02 +2.192183e-02 +8.997584e+01 +2.398550e+03
    158 +1.900000e-02 +2.291723e-02 +8.992809e+01 +2.395685e+03
    159 +1.900000e-02 +2.391263e-02 +8.990449e+01 +2.394269e+03
    160 +1.900000e-02 +2.391263e-02 +8.990449e+01 +2.394269e+03
    161 +1.800000e-02 +2.391263e-02 +8.990445e+01 +2.394267e+03
    162 +1.800000e-02 +2.391263e-02 +8.990445e+01 +2.394267e+03
    163 +1.800000e-02 +2.291723e-02 +8.992808e+01 +2.395685e+03
    164 +1.800000e-02 +2.192183e-02 +8.997583e+01 +2.398550e+03
    165 +1.800000e-02 +2.092642e-02 +9.004701e+01 +2.402821e+03
    166 +1.800000e-02 +1.993102e-02 +9.014175e+01 +2.408505e+03
    167 +1.800000e-02 +1.893562e-02 +9.026013e+01 +2.415608e+03
    168 +1.800000e-02 +1.794022e-02 +9.040223e+01 +2.424134e+03
    169 +1.800000e-02 +1.694482e-02 +9.056808e+01 +2.434085e+03
    170 +1.800000e-02 +1.594942e-02 +9.075774e+01 +2.445464e+03
    171 +1.800000e-02 +1.495402e-02 +9.097128e+01 +2.458277e+03
    172 +1.800000e-02 +1.395861e-02 +9.120889e+01 +2.472533e+03
    173 +1.800000e-02 +1.296321e-02 +9.147072e+01 +2.488243e+03
    174 +1.800000e-02 +1.196781e-02 +9.175700e+01 +2.505420e+03
    175 +1.800000e-02 +1.097241e-02 +9.206812e+01 +2.524087e+03
    176 +1.800000e-02 +9.977008e-03 +9.240438e+01 +2.544263e+03
    177 +1.800000e-02 +8.981606e-03 +9.276596e+01 +2.565958e+03
    178 +1.800000e-02 +7.986205e-03 +9.315300e+01 +2.589180e+03
    179 +1.800000e-02 +6.990803e-03 +9.356537e+01 +2.613922e+03
    180 +1.800000e-02 +5.995402e-03 +9.400204e+01 +2.640122e+03
    181 +1.800000e-02 +5.000000e-03 +9.448531e+01 +2.669119e+03
    182 +1.800000e-02 +5.000000e-03 +9.448531e+01 +2.669119e+03
    183 +1.700000e-02 +5.000000e-03 +9.469491e+01 +2.681694e+03
    184 +1.600000e-02 +5.000000e-03 +9.470297e+01 +2.682178e+03
    185 +1.600000e-02 +5.000000e-03 +9.470297e+01 +2.682178e+03
    186 +1.600000e-02 +6.068616e-03 +9.450555e+01 +2.670333e+03
    187 +1.600000e-02 +7.137232e-03 +9.432636e+01 +2.659582e+03
    188 +1.600000e-02 +8.205848e-03 +9.417584e+01 +2.650550e+03
    189 +1.600000e-02 +9.274465e-03 +9.405515e+01 +2.643309e+03
    190 +1.600000e-02 +1.034308e-02 +9.396439e+01 +2.637863e+03
    191 +1.600000e-02 +1.141170e-02 +9.390352e+01 +2.634211e+03
    192 +1.600000e-02 +1.248031e-02 +9.387339e+01 +2.632403e+03
    193 +1.600000e-02 +1.248031e-02 +9.387339e+01 +2.632403e+03
    194 +1.500000e-02 +1.248031e-02 +9.387337e+01 +2.632402e+03
    195 +1.500000e-02 +1.248031e-02 +9.387337e+01 +2.632402e+03
    196 +1.500000e-02 +1.141170e-02 +9.390351e+01 +2.634210e+03
    197 +1.500000e-02 +1.034308e-02 +9.396438e+01 +2.637863e+03
    198 +1.500000e-02 +9.274465e-03 +9.405514e+01 +2.643308e+03
    199 +1.500000e-02 +8.205848e-03 +9.417581e+01 +2.650548e+03
    200 +1.500000e-02 +7.137232e-03 +9.432620e+01 +2.659572e+03
    201 +1.500000e-02 +6.068616e-03 +9.450539e+01 +2.670324e+03
    202 +1.500000e-02 +5.000000e-03 +9.472645e+01 +2.683587e+03
    203 +1.500000e-02 +5.000000e-03 +9.472645e+01 +2.683587e+03
    204 +1.400000e-02 +5.000000e-03 +9.481118e+01 +2.688671e+03
    205 +1.300000e-02 +5.000000e-03 +9.473762e+01 +2.684257e+03
    206 +1.300000e-02 +5.000000e-03 +9.473762e+01 +2.684257e+03
    207 +1.300000e-02 +5.996832e-03 +9.445217e+01 +2.667130e+03
    208 +1.300000e-02 +6.993664e-03 +9.419425e+01 +2.651655e+03
    209 +1.300000e-02 +7.990496e-03 +9.396100e+01 +2.637660e+03
    210 +1.300000e-02 +8.987328e-03 +9.375363e+01 +2.625218e+03
    211 +1.300000e-02 +9.984160e-03 +9.357234e+01 +2.614341e+03
    212 +1.300000e-02 +1.098099e-02 +9.341709e+01 +2.605026e+03
    213 +1.300000e-02 +1.197782e-02 +9.328779e+01 +2.597268e+03
    214 +1.300000e-02 +1.297466e-02 +9.318426e+01 +2.591056e+03
    215 +1.300000e-02 +1.397149e-02 +9.310620e+01 +2.586372e+03
    216 +1.300000e-02 +1.496832e-02 +9.305350e+01 +2.583210e+03
    217 +1.300000e-02 +1.596515e-02 +9.302719e+01 +2.581631e+03
    218 +1.300000e-02 +1.596515e-02 +9.302719e+01 +2.581631e+03
    219 +1.200000e-02 +1.596515e-02 +9.302696e+01 +2.581618e+03
    220 +1.200000e-02 +1.596515e-02 +9.302696e+01 +2.581618e+03
    221 +1.200000e-02 +1.496832e-02 +9.305339e+01 +2.583203e+03
    222 +1.200000e-02 +1.397149e-02 +9.310606e+01 +2.586364e+03
    223 +1.200000e-02 +1.297466e-02 +9.318415e+01 +2.591049e+03
    224 +1.200000e-02 +1.197782e-02 +9.328777e+01 +2.597266e+03
    225 +1.200000e-02 +1.098099e-02 +9.341712e+01 +2.605027e+03
    226 +1.200000e-02 +9.984160e-03 +9.357238e+01 +2.614343e+03
    227 +1.200000e-02 +8.987328e-03 +9.375368e+01 +2.625221e+03
    228 +1.200000e-02 +7.990496e-03 +9.396107e+01 +2.637664e+03
    229 +1.200000e-02 +6.993664e-03 +9.419444e+01 +2.651666e+03
    230 +1.200000e-02 +5.996832e-03 +9.445281e+01 +2.667168e+03
    231 +1.200000e-02 +5.000000e-03 +9.474500e+01 +2.684700e+03
    232 +1.200000e-02 +5.000000e-03 +9.474500e+01 +2.684700e+03
    233 +1.100000e-02 +5.000000e-03 +9.484041e+01 +2.690425e+03
    234 +1.000000e-02 +5.000000e-03 +9.472307e+01 +2.683384e+03
    235 +1.000000e-02 +5.000000e-03 +9.472307e+01 +2.683384e+03
    236 +1.000000e-02 +6.006522e-03 +9.429330e+01 +2.657598e+03
    237 +1.000000e-02 +7.013043e-03 +9.389044e+01 +2.633426e+03
    238 +1.000000e-02 +8.019565e-03 +9.351232e+01 +2.610739e+03
    239 +1.000000e-02 +9.026087e-03 +9.316032e+01 +2.589619e+03
    240 +1.000000e-02 +1.003261e-02 +9.283448e+01 +2.570069e+03
    241 +1.000000e-02 +1.103913e-02 +9.253467e+01 +2.552080e+03
    242 +1.000000e-02 +1.204565e-02 +9.226065e+01 +2.535639e+03
    243 +1.000000e-02 +1.305217e-02 +9.201214e+01 +2.520729e+03
    244 +1.000000e-02 +1.405870e-02 +9.178889e+01 +2.507334e+03
    245 +1.000000e-02 +1.506522e-02 +9.159077e+01 +2.495446e+03
    246 +1.000000e-02 +1.607174e-02 +9.141765e+01 +2.485059e+03
    247 +1.000000e-02 +1.707826e-02 +9.126929e+01 +2.476158e+03
    248 +1.000000e-02 +1.808478e-02 +9.114554e+01 +2.468732e+03
    249 +1.000000e-02 +1.909130e-02 +9.104639e+01 +2.462784e+03
    250 +1.000000e-02 +2.009783e-02 +9.097185e+01 +2.458311e+03
    251 +1.000000e-02 +2.110435e-02 +9.092183e+01 +2.455310e+03
    252 +1.000000e-02 +2.211087e-02 +9.089710e+01 +2.453826e+03
    253 +1.000000e-02 +2.211087e-02 +9.089710e+01 +2.453826e+03
    254 +9.000000e-03 +2.211087e-02 +9.089712e+01 +2.453827e+03
    255 +9.000000e-03 +2.211087e-02 +9.089712e+01 +2.453827e+03
    256 +9.000000e-03 +2.110435e-02 +9.092184e+01 +2.455310e+03
    257 +9.000000e-03 +2.009783e-02 +9.097184e+01 +2.458311e+03
    258 +9.000000e-03 +1.909130e-02 +9.104637e+01 +2.462782e+03
    259 +9.000000e-03 +1.808478e-02 +9.114549e+01 +2.468729e+03
    260 +9.000000e-03 +1.707826e-02 +9.126922e+01 +2.476153e+03
    261 +9.000000e-03 +1.607174e-02 +9.141763e+01 +2.485058e+03
    262 +9.000000e-03 +1.506522e-02 +9.159085e+01 +2.495451e+03
    263 +9.000000e-03 +1.405870e-02 +9.178904e+01 +2.507342e+03
    264 +9.000000e-03 +1.305217e-02 +9.201230e+01 +2.520738e+03
    265 +9.000000e-03 +1.204565e-02 +9.226075e+01 +2.535645e+03
    266 +9.000000e-03 +1.103913e-02 +9.253469e+01 +2.552082e+03
    267 +9.000000e-03 +1.003261e-02 +9.283448e+01 +2.570069e+03
    268 +9.000000e-03 +9.026087e-03 +9.316030e+01 +2.589618e+03
    269 +9.000000e-03 +8.019565e-03 +9.351229e+01 +2.610737e+03
    270 +9.000000e-03 +7.013043e-03 +9.389033e+01 +2.633420e+03
    271 +9.000000e-03 +6.006522e-03 +9.429345e+01 +2.657607e+03
    272 +9.000000e-03 +5.000000e-03 +9.474320e+01 +2.684592e+03
    273 +9.000000e-03 +5.000000e-03 +9.474320e+01 +2.684592e+03
    274 +8.000000e-03 +5.000000e-03 +9.493868e+01 +2.696321e+03
    275 +7.000000e-03 +5.000000e-03 +9.494573e+01 +2.696744e+03
    276 +7.000000e-03 +5.000000e-03 +9.494573e+01 +2.696744e+03
    277 +7.000000e-03 +6.012735e-03 +9.476613e+01 +2.685968e+03
    278 +7.000000e-03 +7.025470e-03 +9.460320e+01 +2.676192e+03
    279 +7.000000e-03 +8.038205e-03 +9.446623e+01 +2.667974e+03
    280 +7.000000e-03 +9.050940e-03 +9.435637e+01 +2.661382e+03
    281 +7.000000e-03 +1.006368e-02 +9.427372e+01 +2.656423e+03
    282 +7.000000e-03 +1.107641e-02 +9.421821e+01 +2.653092e+03
    283 +7.000000e-03 +1.208915e-02 +9.419057e+01 +2.651434e+03
    284 +7.000000e-03 +1.208915e-02 +9.419057e+01 +2.651434e+03
    285 +6.000000e-03 +1.208915e-02 +9.419087e+01 +2.651452e+03
    286 +6.000000e-03 +1.208915e-02 +9.419087e+01 +2.651452e+03
    287 +6.000000e-03 +1.107641e-02 +9.421824e+01 +2.653095e+03
    288 +6.000000e-03 +1.006368e-02 +9.427372e+01 +2.656423e+03
    289 +6.000000e-03 +9.050940e-03 +9.435636e+01 +2.661382e+03
    290 +6.000000e-03 +8.038205e-03 +9.446619e+01 +2.667971e+03
    291 +6.000000e-03 +7.025470e-03 +9.460299e+01 +2.676180e+03
    292 +6.000000e-03 +6.012735e-03 +9.476602e+01 +2.685961e+03
    293 +6.000000e-03 +5.000000e-03 +9.496891e+01 +2.698134e+03
    294 +6.000000e-03 +5.000000e-03 +9.496891e+01 +2.698134e+03
    295 +5.000000e-03 +5.000000e-03 +9.505523e+01 +2.703314e+03
    296 +4.000000e-03 +5.000000e-03 +9.501188e+01 +2.700713e+03
    297 +4.000000e-03 +5.000000e-03 +9.501188e+01 +2.700713e+03
    298 +4.000000e-03 +6.008874e-03 +9.482248e+01 +2.689349e+03
    299 +4.000000e-03 +7.017749e-03 +9.466191e+01 +2.679715e+03
    300 +4.000000e-03 +8.026623e-03 +9.452722e+01 +2.671633e+03
    301 +4.000000e-03 +9.035497e-03 +9.441920e+01 +2.665152e+03
    302 +4.000000e-03 +1.004437e-02 +9.433796e+01 +2.660278e+03
    303 +4.000000e-03 +1.105325e-02 +9.428347e+01 +2.657008e+03
    304 +4.000000e-03 +1.206212e-02 +9.425657e+01 +2.655394e+03
    305 +4.000000e-03 +1.206212e-02 +9.425657e+01 +2.655394e+03
    306 +3.000000e-03 +1.206212e-02 +9.425661e+01 +2.655397e+03
    307 +3.000000e-03 +1.206212e-02 +9.425661e+01 +2.655397e+03
    308 +3.000000e-03 +1.105325e-02 +9.428358e+01 +2.657015e+03
    309 +3.000000e-03 +1.004437e-02 +9.433810e+01 +2.660286e+03
    310 +3.000000e-03 +9.035497e-03 +9.441935e+01 +2.665161e+03
    311 +3.000000e-03 +8.026623e-03 +9.452737e+01 +2.671642e+03
    312 +3.000000e-03 +7.017749e-03 +9.466207e+01 +2.679724e+03
    313 +3.000000e-03 +6.008874e-03 +9.482273e+01 +2.689364e+03
    314 +3.000000e-03 +5.000000e-03 +9.501199e+01 +2.700719e+03
    315 +3.000000e-03 +5.000000e-03 +9.501199e+01 +2.700719e+03
    316 +2.000000e-03 +5.000000e-03 +9.505215e+01 +2.703129e+03
    317 +1.000000e-03 +5.000000e-03 +9.493651e+01 +2.696190e+03
    318 +1.000000e-03 +5.000000e-03 +9.493651e+01 +2.696190e+03
    319 +1.000000e-03 +5.976370e-03 +9.466745e+01 +2.680047e+03
    320 +1.000000e-03 +6.952740e-03 +9.443843e+01 +2.666306e+03
    321 +1.000000e-03 +7.929110e-03 +9.422274e+01 +2.653365e+03
    322 +1.000000e-03 +8.905480e-03 +9.401969e+01 +2.641182e+03
    323 +1.000000e-03 +9.881850e-03 +9.382933e+01 +2.629760e+03
    324 +1.000000e-03 +1.085822e-02 +9.365166e+01 +2.619100e+03
    325 +1.000000e-03 +1.183459e-02 +9.348664e+01 +2.609198e+03
    326 +1.000000e-03 +1.281096e-02 +9.333408e+01 +2.600045e+03
    327 +1.000000e-03 +1.378733e-02 +9.319372e+01 +2.591623e+03
    328 +1.000000e-03 +1.476370e-02 +9.306553e+01 +2.583932e+03
    329 +1.000000e-03 +1.574007e-02 +9.294951e+01 +2.576971e+03
    330 +1.000000e-03 +1.671644e-02 +9.284570e+01 +2.570742e+03
    331 +1.000000e-03 +1.769281e-02 +9.275407e+01 +2.565244e+03
    332 +1.000000e-03 +1.866918e-02 +9.267462e+01 +2.560477e+03
    333 +1.000000e-03 +1.964555e-02 +9.260734e+01 +2.556440e+03
    334 +1.000000e-03 +2.062192e-02 +9.255219e+01 +2.553131e+03
    335 +1.000000e-03 +2.159829e-02 +9.250914e+01 +2.550548e+03
    336 +1.000000e-03 +2.257466e-02 +9.247814e+01 +2.548688e+03
    337 +1.000000e-03 +2.355103e-02 +9.245957e+01 +2.547574e+03
    338 +1.000000e-03 +2.355103e-02 +9.245957e+01 +2.547574e+03
    339 +0.000000e+00 +2.355103e-02 +9.246597e+01 +2.547958e+03
    340 +0.000000e+00 +2.355103e-02 +9.246597e+01 +0.000000e+00
    341 +0.000000e+00 +2.256974e-02 +9.248465e+01 +0.000000e+00
    342 +0.000000e+00 +2.158844e-02 +9.251591e+01 +0.000000e+00
    343 +0.000000e+00 +2.060715e-02 +9.255934e+01 +0.000000e+00
    344 +0.000000e+00 +1.962586e-02 +9.261499e+01 +0.000000e+00
    345 +0.000000e+00 +1.864456e-02 +9.268290e+01 +0.000000e+00
    346 +0.000000e+00 +1.766327e-02 +9.276309e+01 +0.000000e+00
    347 +0.000000e+00 +1.668198e-02 +9.285558e+01 +0.000000e+00
    348 +0.000000e+00 +1.570069e-02 +9.296039e+01 +0.000000e+00
    349 +0.000000e+00 +1.471939e-02 +9.307751e+01 +0.000000e+00
    350 +0.000000e+00 +1.373810e-02 +9.320694e+01 +0.000000e+00
    351 +0.000000e+00 +1.275681e-02 +9.334870e+01 +0.000000e+00
    352 +0.000000e+00 +1.177551e-02 +9.350287e+01 +0.000000e+00
    353 +0.000000e+00 +1.079422e-02 +9.366963e+01 +0.000000e+00
    354 +0.000000e+00 +9.812929e-03 +9.384912e+01 +0.000000e+00
    355 +0.000000e+00 +8.831636e-03 +9.404142e+01 +0.000000e+00
    356 +0.000000e+00 +7.850343e-03 +9.424652e+01 +0.000000e+00
    357 +0.000000e+00 +6.869050e-03 +9.446418e+01 +0.000000e+00
    358 +0.000000e+00 +5.887757e-03 +9.469203e+01 +0.000000e+00
    359 +0.000000e+00 +4.906464e-03 +9.490861e+01 +0.000000e+00
    360 +0.000000e+00 +3.925171e-03 +9.507293e+01 +0.000000e+00
    361 +0.000000e+00 +2.943879e-03 +9.520156e+01 +0.000000e+00
    362 +0.000000e+00 +1.962586e-03 +9.531860e+01 +0.000000e+00
    363 +0.000000e+00 +9.812929e-04 +9.543273e+01 +0.000000e+00
    364 +0.000000e+00 -3.469447e-18 +9.554684e+01 +0.000000e+00

%_intp_ ______x1_____ ______x2_____ ______T______ _____qx1_____ _____qx2_____
      1 +1.400000e-02 +5.000000e-04 +9.524812e+01 +4.975271e+03 +2.312235e+04
      2 +1.400000e-02 +6.379310e-04 +9.523219e+01 +4.968516e+03 +2.307342e+04
      3 +1.400000e-02 +7.758621e-04 +9.521630e+01 +4.960136e+03 +2.302333e+04
      4 +1.400000e-02 +9.137931e-04 +9.520044e+01 +4.949946e+03 +2.297118e+04
      5 +1.400000e-02 +1.051724e-03 +9.518462e+01 +4.937743e+03 +2.291633e+04
      6 +1.400000e-02 +1.189655e-03 +9.516883e+01 +4.923298e+03 +2.285820e+04
      7 +1.400000e-02 +1.327586e-03 +9.515309e+01 +4.906349e+03 +2.279621e+04
      8 +1.400000e-02 +1.465517e-03 +9.513739e+01 +4.886591e+03 +2.272976e+04
      9 +1.400000e-02 +1.603448e-03 +9.512174e+01 +4.863676e+03 +2.265821e+04
     10 +1.400000e-02 +1.741379e-03 +9.510614e+01 +4.837200e+03 +2.258080e+04
     11 +1.400000e-02 +1.879310e-03 +9.509059e+01 +4.806704e+03 +2.249671e+04
     12 +1.400000e-02 +2.017241e-03 +9.507511e+01 +4.771661e+03 +2.240493e+04
     13 +1.400000e-02 +2.155172e-03 +9.505969e+01 +4.731474e+03 +2.230431e+04
     14 +1.400000e-02 +2.293103e-03 +9.504435e+01 +4.685469e+03 +2.219339e+04
     15 +1.400000e-02 +2.431034e-03 +9.502908e+01 +4.632885e+03 +2.207044e+04
     16 +1.400000e-02 +2.568966e-03 +9.501391e+01 +4.572872e+03 +2.193323e+04
     17 +1.400000e-02 +2.706897e-03 +9.499883e+01 +4.504488e+03 +2.177895e+04
     18 +1.400000e-02 +2.844828e-03 +9.498387e+01 +4.426695e+03 +2.160399e+04
     19 +1.400000e-02 +2.982759e-03 +9.496904e+01 +4.338374e+03 +2.140365e+04
     20 +1.400000e-02 +3.120690e-03 +9.495436e+01 +4.238333e+03 +2.117180e+04
     21 +1.400000e-02 +3.258621e-03 +9.493985e+01 +4.125342e+03 +2.090036e+04
     22 +1.400000e-02 +3.396552e-03 +9.492554e+01 +3.998188e+03 +2.057868e+04
     23 +1.400000e-02 +3.534483e-03 +9.491148e+01 +3.855753e+03 +2.019268e+04
     24 +1.400000e-02 +3.672414e-03 +9.489771e+01 +3.697149e+03 +1.972374e+04
     25 +1.400000e-02 +3.810345e-03 +9.488430e+01 +3.521899e+03 +1.914727e+04
     26 +1.400000e-02 +3.948276e-03 +9.487133e+01 +3.330198e+03 +1.843082e+04
     27 +1.400000e-02 +4.086207e-03 +9.485892e+01 +3.123250e+03 +1.753164e+04
     28 +1.400000e-02 +4.224138e-03 +9.484720e+01 +2.903673e+03 +1.639314e+04
     29 +1.400000e-02 +4.362069e-03 +9.483638e+01 +2.675894e+03 +1.493903e+04
     30 +1.400000e-02 +4.500000e-03 +9.482670e+01 +2.446395e+03 +1.306030e+04

