%_node_ ______x1_____ ______x2_____ ______T______ ______q______
      1 +0.000000e+00 +0.000000e+00 +9.180508e+01 -2.329200e+04
      2 +1.000000e-03 +0.000000e+00 +9.180113e+01 -2.329200e+04
      3 +2.000000e-03 +0.000000e+00 +9.178870e+01 -2.329200e+04
      4 +3.000000e-03 +0.000000e+00 +9.176855e+01 -2.329200e+04
      5 +4.000000e-03 +0.000000e+00 +9.174130e+01 -2.329200e+04
      6 +5.000000e-03 +0.000000e+00 +9.170747e+01 -2.329200e+04
      7 +6.000000e-03 +0.000000e+00 +9.166754e+01 -2.329200e+04
      8 +7.000000e-03 +0.000000e+00 +9.162228e+01 -2.329200e+04
      9 +8.000000e-03 +0.000000e+00 +9.157288e+01 -2.329200e+04
     10 +9.000000e-03 +0.000000e+00 +9.152096e+01 -2.329200e+04
     11 +1.000000e-02 +0.000000e+00 +9.146800e+01 -2.329200e+04
     12 +1.100000e-02 +0.000000e+00 +9.141483e+01 -2.329200e+04
     13 +1.200000e-02 +0.000000e+00 +9.136169e+01 -2.329200e+04
     14 +1.300000e-02 +0.000000e+00 +9.130873e+01 -2.329200e+04
     15 +1.400000e-02 +0.000000e+00 +9.125649e+01 -2.329200e+04
     16 +1.500000e-02 +0.000000e+00 +9.120593e+01 -2.329200e+04
     17 +1.600000e-02 +0.000000e+00 +9.115810e+01 -2.329200e+04
     18 +1.700000e-02 +0.000000e+00 +9.111357e+01 -2.329200e+04
     19 +1.800000e-02 +0.000000e+00 +9.107242e+01 -2.329200e+04
     20 +1.900000e-02 +0.000000e+00 +9.103461e+01 -2.329200e+04
     21 +2.000000e-02 +0.000000e+00 +9.100025e+01 -2.329200e+04
     22 +2.100000e-02 +0.000000e+00 +9.096971e+01 -2.329200e+04
     23 +2.200000e-02 +0.000000e+00 +9.094352e+01 -2.329200e+04
     24 +2.300000e-02 +0.000000e+00 +9.092199e+01 -2.329200e+04
     25 +2.400000e-02 +0.000000e+00 +9.090514e+01 -2.329200e+04
     26 +2.500000e-02 +0.000000e+00 +9.089276e+01 -2.329200e+04
     27 +2.600000e-02 +0.000000e+00 +9.088440e+01 -2.329200e+04
     28 +2.700000e-02 +0.000000e+00 +9.087958e+01 -2.329200e+04
     29 +2.800000e-02 +0.000000e+00 +9.087813e+01 -2.329200e+04
     30 +2.800000e-02 +0.000000e+00 +9.087813e+01 +0.000000e+00
     31 +2.800000e-02 +9.825369e-04 +9.076227e+01 +0.000000e+00
     32 +2.800000e-02 +1.965074e-03 +9.064322e+01 +0.000000e+00
     33 +2.800000e-02 +2.947611e-03 +9.052054e+01 +0.000000e+00
     34 +2.800000e-02 +3.930147e-03 +9.039016e+01 +0.000000e+00
     35 +2.800000e-02 +4.912684e-03 +9.023454e+01 +0.000000e+00
     36 +2.800000e-02 +5.895221e-03 +9.003770e+01 +0.000000e+00
     37 +2.800000e-02 +6.877758e-03 +8.983153e+01 +0.000000e+00
     38 +2.800000e-02 +7.860295e-03 +8.963416e+01 +0.000000e+00
     39 +2.800000e-02 +8.842832e-03 +8.944792e+01 +0.000000e+00
     40 +2.800000e-02 +9.825369e-03 +8.927312e+01 +0.000000e+00
     41 +2.800000e-02 +1.080791e-02 +8.910979e+01 +0.000000e+00
     42 +2.800000e-02 +1.179044e-02 +8.895793e+01 +0.000000e+00
     43 +2.800000e-02 +1.277298e-02 +8.881750e+01 +0.000000e+00
     44 +2.800000e-02 +1.375552e-02 +8.868847e+01 +0.000000e+00
     45 +2.800000e-02 +1.473805e-02 +8.857081e+01 +0.000000e+00
     46 +2.800000e-02 +1.572059e-02 +8.846447e+01 +0.000000e+00
     47 +2.800000e-02 +1.670313e-02 +8.836944e+01 +0.000000e+00
     48 +2.800000e-02 +1.768566e-02 +8.828569e+01 +0.000000e+00
     49 +2.800000e-02 +1.866820e-02 +8.821319e+01 +0.000000e+00
     50 +2.800000e-02 +1.965074e-02 +8.815190e+01 +0.000000e+00
     51 +2.800000e-02 +2.063327e-02 +8.810182e+01 +0.000000e+00
     52 +2.800000e-02 +2.161581e-02 +8.806289e+01 +0.000000e+00
     53 +2.800000e-02 +2.259835e-02 +8.803502e+01 +0.000000e+00
     54 +2.800000e-02 +2.358088e-02 +8.801844e+01 +0.000000e+00
     55 +2.800000e-02 +2.358088e-02 +8.801844e+01 +2.281106e+03
     56 +2.700000e-02 +2.358088e-02 +8.801281e+01 +2.280769e+03
     57 +2.700000e-02 +2.358088e-02 +8.801281e+01 +2.280769e+03
     58 +2.700000e-02 +2.260294e-02 +8.802918e+01 +2.281751e+03
     59 +2.700000e-02 +2.162500e-02 +8.805677e+01 +2.283406e+03
     60 +2.700000e-02 +2.064706e-02 +8.809536e+01 +2.285722e+03
     61 +2.700000e-02 +1.966912e-02 +8.814502e+01 +2.288701e+03
     62 +2.700000e-02 +1.869118e-02 +8.820577e+01 +2.292346e+03
     63 +2.700000e-02 +1.771324e-02 +8.827764e+01 +2.296658e+03
     64 +2.700000e-02 +1.673530e-02 +8.836065e+01 +2.301639e+03
     65 +2.700000e-02 +1.575735e-02 +8.845482e+01 +2.307289e+03
     66 +2.700000e-02 +1.477941e-02 +8.856019e+01 +2.313612e+03
     67 +2.700000e-02 +1.380147e-02 +8.867679e+01 +2.320607e+03
     68 +2.700000e-02 +1.282353e-02 +8.880463e+01 +2.328278e+03
     69 +2.700000e-02 +1.184559e-02 +8.894377e+01 +2.336626e+03
     70 +2.700000e-02 +1.086765e-02 +8.909423e+01 +2.345654e+03
     71 +2.700000e-02 +9.889707e-03 +8.925603e+01 +2.355362e+03
     72 +2.700000e-02 +8.911765e-03 +8.942921e+01 +2.365753e+03
     73 +2.700000e-02 +7.933824e-03 +8.961377e+01 +2.376826e+03
     74 +2.700000e-02 +6.955883e-03 +8.980965e+01 +2.388579e+03
     75 +2.700000e-02 +5.977941e-03 +9.001733e+01 +2.401040e+03
     76 +2.700000e-02 +5.000000e-03 +9.025731e+01 +2.415439e+03
     77 +2.700000e-02 +5.000000e-03 +9.025731e+01 +2.415439e+03
     78 +2.600000e-02 +5.000000e-03 +9.033799e+01 +2.420279e+03
     79 +2.500000e-02 +5.000000e-03 +9.021262e+01 +2.412757e+03
     80 +2.500000e-02 +5.000000e-03 +9.021262e+01 +2.412757e+03
     81 +2.500000e-02 +5.981723e-03 +8.981926e+01 +2.389156e+03
     82 +2.500000e-02 +6.963446e-03 +8.945464e+01 +2.367278e+03
     83 +2.500000e-02 +7.945169e-03 +8.911067e+01 +2.346640e+03
     84 +2.500000e-02 +8.926893e-03 +8.878869e+01 +2.327321e+03
     85 +2.500000e-02 +9.908616e-03 +8.848885e+01 +2.309331e+03
     86 +2.500000e-02 +1.089034e-02 +8.821105e+01 +2.292663e+03
     87 +2.500000e-02 +1.187206e-02 +8.795516e+01 +2.277309e+03
     88 +2.500000e-02 +1.285379e-02 +8.772103e+01 +2.263262e+03
     89 +2.500000e-02 +1.383551e-02 +8.750855e+01 +2.250513e+03
     90 +2.500000e-02 +1.481723e-02 +8.731757e+01 +2.239054e+03
     91 +2.500000e-02 +1.579895e-02 +8.714800e+01 +2.228880e+03
     92 +2.500000e-02 +1.678068e-02 +8.699973e+01 +2.219984e+03
     93 +2.500000e-02 +1.776240e-02 +8.687269e+01 +2.212361e+03
     94 +2.500000e-02 +1.874412e-02 +8.676679e+01 +2.206008e+03
     95 +2.500000e-02 +1.972585e-02 +8.668198e+01 +2.200919e+03
     96 +2.500000e-02 +2.070757e-02 +8.661820e+01 +2.197092e+03
     97 +2.500000e-02 +2.168929e-02 +8.657537e+01 +2.194522e+03
     98 +2.500000e-02 +2.267102e-02 +8.655424e+01 +2.193254e+03
     99 +2.500000e-02 +2.267102e-02 +8.655424e+01 +2.193254e+03
    100 +2.400000e-02 +2.267102e-02 +8.655411e+01 +2.193247e+03
    101 +2.400000e-02 +2.267102e-02 +8.655411e+01 +2.193247e+03
    102 +2.400000e-02 +2.168929e-02 +8.657527e+01 +2.194516e+03
    103 +2.400000e-02 +2.070757e-02 +8.661809e+01 +2.197085e+03
    104 +2.400000e-02 +1.972585e-02 +8.668187e+01 +2.200912e+03
    105 +2.400000e-02 +1.874412e-02 +8.676668e+01 +2.206001e+03
    106 +2.400000e-02 +1.776240e-02 +8.687257e+01 +2.212354e+03
    107 +2.400000e-02 +1.678068e-02 +8.699961e+01 +2.219977e+03
    108 +2.400000e-02 +1.579895e-02 +8.714788e+01 +2.228873e+03
    109 +2.400000e-02 +1.481723e-02 +8.731745e+01 +2.239047e+03
    110 +2.400000e-02 +1.383551e-02 +8.750842e+01 +2.250505e+03
    111 +2.400000e-02 +1.285379e-02 +8.772091e+01 +2.263255e+03
    112 +2.400000e-02 +1.187206e-02 +8.795503e+01 +2.277302e+03
    113 +2.400000e-02 +1.089034e-02 +8.821092e+01 +2.292655e+03
    114 +2.400000e-02 +9.908616e-03 +8.848872e+01 +2.309323e+03
    115 +2.400000e-02 +8.926893e-03 +8.878857e+01 +2.327314e+03
    116 +2.400000e-02 +7.945169e-03 +8.911059e+01 +2.346635e+03
    117 +2.400000e-02 +6.963446e-03 +8.945466e+01 +2.367279e+03
    118 +2.400000e-02 +5.981723e-03 +8.981962e+01 +2.389177e+03
    119 +2.400000e-02 +5.000000e-03 +9.021695e+01 +2.413017e+03
    120 +2.400000e-02 +5.000000e-03 +9.021695e+01 +2.413017e+03
    121 +2.300000e-02 +5.000000e-03 +9.035553e+01 +2.421332e+03
    122 +2.200000e-02 +5.000000e-03 +9.025522e+01 +2.415313e+03
    123 +2.200000e-02 +5.000000e-03 +9.025522e+01 +2.415313e+03
    124 +2.200000e-02 +6.010138e-03 +8.984696e+01 +2.390818e+03
    125 +2.200000e-02 +7.020276e-03 +8.946118e+01 +2.367671e+03
    126 +2.200000e-02 +8.030413e-03 +8.909736e+01 +2.345841e+03
    127 +2.200000e-02 +9.040551e-03 +8.875702e+01 +2.325421e+03
    128 +2.200000e-02 +1.005069e-02 +8.844027e+01 +2.306416e+03
    129 +2.200000e-02 +1.106083e-02 +8.814699e+01 +2.288819e+03
    130 +2.200000e-02 +1.207096e-02 +8.787700e+01 +2.272620e+03
    131 +2.200000e-02 +1.308110e-02 +8.763016e+01 +2.257810e+03
    132 +2.200000e-02 +1.409124e-02 +8.740632e+01 +2.244379e+03
    133 +2.200000e-02 +1.510138e-02 +8.720534e+01 +2.232320e+03
    134 +2.200000e-02 +1.611152e-02 +8.702709e+01 +2.221625e+03
    135 +2.200000e-02 +1.712165e-02 +8.687146e+01 +2.212288e+03
    136 +2.200000e-02 +1.813179e-02 +8.673834e+01 +2.204300e+03
    137 +2.200000e-02 +1.914193e-02 +8.662757e+01 +2.197654e+03
    138 +2.200000e-02 +2.015207e-02 +8.653900e+01 +2.192340e+03
    139 +2.200000e-02 +2.116220e-02 +8.647252e+01 +2.188351e+03
    140 +2.200000e-02 +2.217234e-02 +8.642808e+01 +2.185685e+03
    141 +2.200000e-02 +2.318248e-02 +8.640634e+01 +2.184381e+03
    142 +2.200000e-02 +2.318248e-02 +8.640634e+01 +2.184381e+03
    143 +2.100000e-02 +2.318248e-02 +8.640622e+01 +2.184373e+03
    144 +2.100000e-02 +2.318248e-02 +8.640622e+01 +2.184373e+03
    145 +2.100000e-02 +2.217234e-02 +8.642811e+01 +2.185686e+03
    146 +2.100000e-02 +2.116220e-02 +8.647260e+01 +2.188356e+03
    147 +2.100000e-02 +2.015207e-02 +8.653911e+01 +2.192347e+03
    148 +2.100000e-02 +1.914193e-02 +8.662767e+01 +2.197660e+03
    149 +2.100000e-02 +1.813179e-02 +8.673838e+01 +2.204303e+03
    150 +2.100000e-02 +1.712165e-02 +8.687146e+01 +2.212288e+03
    151 +2.100000e-02 +1.611152e-02 +8.702708e+01 +2.221625e+03
    152 +2.100000e-02 +1.510138e-02 +8.720533e+01 +2.232320e+03
    153 +2.100000e-02 +1.409124e-02 +8.740631e+01 +2.244379e+03
    154 +2.100000e-02 +1.308110e-02 +8.763016e+01 +2.257810e+03
    155 +2.100000e-02 +1.207096e-02 +8.787700e+01 +2.272620e+03
    156 +2.100000e-02 +1.106083e-02 +8.814698e+01 +2.288819e+03
    157 +2.100000e-02 +1.005069e-02 +8.844026e+01 +2.306416e+03
    158 +2.100000e-02 +9.040551e-03 +8.875701e+01 +2.325421e+03
    159 +2.100000e-02 +8.030413e-03 +8.909734e+01 +2.345840e+03
    160 +2.100000e-02 +7.020276e-03 +8.946109e+01 +2.367665e+03
    161 +2.100000e-02 +6.010138e-03 +8.984712e+01 +2.390827e+03
    162 +2.100000e-02 +5.000000e-03 +9.027419e+01 +2.416451e+03
    163 +2.100000e-02 +5.000000e-03 +9.027419e+01 +2.416451e+03
    164 +2.000000e-02 +5.000000e-03 +9.044744e+01 +2.426846e+03
    165 +1.900000e-02 +5.000000e-03 +9.039970e+01 +2.423982e+03
    166 +1.900000e-02 +5.000000e-03 +9.039970e+01 +2.423982e+03
    167 +1.900000e-02 +5.980729e-03 +9.009433e+01 +2.405660e+03
    168 +1.900000e-02 +6.961459e-03 +8.980473e+01 +2.388284e+03
    169 +1.900000e-02 +7.942188e-03 +8.953590e+01 +2.372154e+03
    170 +1.900000e-02 +8.922918e-03 +8.928948e+01 +2.357369e+03
    171 +1.900000e-02 +9.903647e-03 +8.906568e+01 +2.343941e+03
    172 +1.900000e-02 +1.088438e-02 +8.886443e+01 +2.331866e+03
    173 +1.900000e-02 +1.186511e-02 +8.868564e+01 +2.321138e+03
    174 +1.900000e-02 +1.284584e-02 +8.852921e+01 +2.311752e+03
    175 +1.900000e-02 +1.382657e-02 +8.839504e+01 +2.303702e+03
    176 +1.900000e-02 +1.480729e-02 +8.828305e+01 +2.296983e+03
    177 +1.900000e-02 +1.578802e-02 +8.819318e+01 +2.291591e+03
    178 +1.900000e-02 +1.676875e-02 +8.812536e+01 +2.287522e+03
    179 +1.900000e-02 +1.774948e-02 +8.807954e+01 +2.284773e+03
    180 +1.900000e-02 +1.873021e-02 +8.805651e+01 +2.283390e+03
    181 +1.900000e-02 +1.873021e-02 +8.805651e+01 +2.283390e+03
    182 +1.800000e-02 +1.873021e-02 +8.805651e+01 +2.283391e+03
    183 +1.800000e-02 +1.873021e-02 +8.805651e+01 +2.283391e+03
    184 +1.800000e-02 +1.774948e-02 +8.807955e+01 +2.284773e+03
    185 +1.800000e-02 +1.676875e-02 +8.812537e+01 +2.287522e+03
    186 +1.800000e-02 +1.578802e-02 +8.819318e+01 +2.291591e+03
    187 +1.800000e-02 +1.480729e-02 +8.828305e+01 +2.296983e+03
    188 +1.800000e-02 +1.382657e-02 +8.839504e+01 +2.303702e+03
    189 +1.800000e-02 +1.284584e-02 +8.852921e+01 +2.311752e+03
    190 +1.800000e-02 +1.186511e-02 +8.868564e+01 +2.321139e+03
    191 +1.800000e-02 +1.088438e-02 +8.886443e+01 +2.331866e+03
    192 +1.800000e-02 +9.903647e-03 +8.906568e+01 +2.343941e+03
    193 +1.800000e-02 +8.922918e-03 +8.928948e+01 +2.357369e+03
    194 +1.800000e-02 +7.942188e-03 +8.953589e+01 +2.372154e+03
    195 +1.800000e-02 +6.961459e-03 +8.980471e+01 +2.388282e+03
    196 +1.800000e-02 +5.980729e-03 +9.009489e+01 +2.405693e+03
    197 +1.800000e-02 +5.000000e-03 +9.042371e+01 +2.425423e+03
    198 +1.800000e-02 +5.000000e-03 +9.042371e+01 +2.425423e+03
    199 +1.700000e-02 +5.000000e-03 +9.056101e+01 +2.433661e+03
    200 +1.600000e-02 +5.000000e-03 +9.047360e+01 +2.428416e+03
    201 +1.600000e-02 +5.000000e-03 +9.047360e+01 +2.428416e+03
    202 +1.600000e-02 +6.005348e-03 +9.005251e+01 +2.403151e+03
    203 +1.600000e-02 +7.010696e-03 +8.964846e+01 +2.378908e+03
    204 +1.600000e-02 +8.016044e-03 +8.926626e+01 +2.355976e+03
    205 +1.600000e-02 +9.021392e-03 +8.890750e+01 +2.334450e+03
    206 +1.600000e-02 +1.002674e-02 +8.857226e+01 +2.314336e+03
    207 +1.600000e-02 +1.103209e-02 +8.826040e+01 +2.295624e+03
    208 +1.600000e-02 +1.203744e-02 +8.797175e+01 +2.278305e+03
    209 +1.600000e-02 +1.304278e-02 +8.770614e+01 +2.262368e+03
    210 +1.600000e-02 +1.404813e-02 +8.746340e+01 +2.247804e+03
    211 +1.600000e-02 +1.505348e-02 +8.724335e+01 +2.234601e+03
    212 +1.600000e-02 +1.605883e-02 +8.704574e+01 +2.222745e+03
    213 +1.600000e-02 +1.706418e-02 +8.687041e+01 +2.212224e+03
    214 +1.600000e-02 +1.806952e-02 +8.671723e+01 +2.203034e+03
    215 +1.600000e-02 +1.907487e-02 +8.658613e+01 +2.195168e+03
    216 +1.600000e-02 +2.008022e-02 +8.647688e+01 +2.188613e+03
    217 +1.600000e-02 +2.108557e-02 +8.638940e+01 +2.183364e+03
    218 +1.600000e-02 +2.209092e-02 +8.632367e+01 +2.179420e+03
    219 +1.600000e-02 +2.309626e-02 +8.627962e+01 +2.176777e+03
    220 +1.600000e-02 +2.410161e-02 +8.625790e+01 +2.175474e+03
    221 +1.600000e-02 +2.410161e-02 +8.625790e+01 +2.175474e+03
    222 +1.500000e-02 +2.410161e-02 +8.625788e+01 +2.175473e+03
    223 +1.500000e-02 +2.410161e-02 +8.625788e+01 +2.175473e+03
    224 +1.500000e-02 +2.309626e-02 +8.627960e+01 +2.176776e+03
    225 +1.500000e-02 +2.209092e-02 +8.632364e+01 +2.179418e+03
    226 +1.500000e-02 +2.108557e-02 +8.638934e+01 +2.183360e+03
    227 +1.500000e-02 +2.008022e-02 +8.647680e+01 +2.188608e+03
    228 +1.500000e-02 +1.907487e-02 +8.658607e+01 +2.195164e+03
    229 +1.500000e-02 +1.806952e-02 +8.671726e+01 +2.203035e+03
    230 +1.500000e-02 +1.706418e-02 +8.687049e+01 +2.212229e+03
    231 +1.500000e-02 +1.605883e-02 +8.704585e+01 +2.222751e+03
    232 +1.500000e-02 +1.505348e-02 +8.724341e+01 +2.234604e+03
    233 +1.500000e-02 +1.404813e-02 +8.746340e+01 +2.247804e+03
    234 +1.500000e-02 +1.304278e-02 +8.770612e+01 +2.262367e+03
    235 +1.500000e-02 +1.203744e-02 +8.797173e+01 +2.278304e+03
    236 +1.500000e-02 +1.103209e-02 +8.826038e+01 +2.295623e+03
    237 +1.500000e-02 +1.002674e-02 +8.857224e+01 +2.314334e+03
    238 +1.500000e-02 +9.021392e-03 +8.890748e+01 +2.334449e+03
    239 +1.500000e-02 +8.016044e-03 +8.926622e+01 +2.355973e+03
    240 +1.500000e-02 +7.010696e-03 +8.964833e+01 +2.378900e+03
    241 +1.500000e-02 +6.005348e-03 +9.005292e+01 +2.403175e+03
    242 +1.500000e-02 +5.000000e-03 +9.050718e+01 +2.430431e+03
    243 +1.500000e-02 +5.000000e-03 +9.050718e+01 +2.430431e+03
    244 +1.400000e-02 +5.000000e-03 +9.072258e+01 +2.443355e+03
    245 +1.300000e-02 +5.000000e-03 +9.073287e+01 +2.443972e+03
    246 +1.300000e-02 +5.000000e-03 +9.073287e+01 +2.443972e+03
    247 +1.300000e-02 +6.017105e-03 +9.050336e+01 +2.430202e+03
    248 +1.300000e-02 +7.034210e-03 +9.028275e+01 +2.416965e+03
    249 +1.300000e-02 +8.051315e-03 +9.008509e+01 +2.405105e+03
    250 +1.300000e-02 +9.068420e-03 +8.991195e+01 +2.394717e+03
    251 +1.300000e-02 +1.008552e-02 +8.976346e+01 +2.385808e+03
    252 +1.300000e-02 +1.110263e-02 +8.963960e+01 +2.378376e+03
    253 +1.300000e-02 +1.211973e-02 +8.954029e+01 +2.372417e+03
    254 +1.300000e-02 +1.313684e-02 +8.946546e+01 +2.367928e+03
    255 +1.300000e-02 +1.415394e-02 +8.941505e+01 +2.364903e+03
    256 +1.300000e-02 +1.517105e-02 +8.938985e+01 +2.363391e+03
    257 +1.300000e-02 +1.517105e-02 +8.938985e+01 +2.363391e+03
    258 +1.200000e-02 +1.517105e-02 +8.938984e+01 +2.363390e+03
    259 +1.200000e-02 +1.517105e-02 +8.938984e+01 +2.363390e+03
    260 +1.200000e-02 +1.415394e-02 +8.941505e+01 +2.364903e+03
    261 +1.200000e-02 +1.313684e-02 +8.946546e+01 +2.367927e+03
    262 +1.200000e-02 +1.211973e-02 +8.954028e+01 +2.372417e+03
    263 +1.200000e-02 +1.110263e-02 +8.963959e+01 +2.378376e+03
    264 +1.200000e-02 +1.008552e-02 +8.976346e+01 +2.385807e+03
    265 +1.200000e-02 +9.068420e-03 +8.991194e+01 +2.394716e+03
    266 +1.200000e-02 +8.051315e-03 +9.008507e+01 +2.405104e+03
    267 +1.200000e-02 +7.034210e-03 +9.028265e+01 +2.416959e+03
    268 +1.200000e-02 +6.017105e-03 +9.050384e+01 +2.430231e+03
    269 +1.200000e-02 +5.000000e-03 +9.076881e+01 +2.446129e+03
    270 +1.200000e-02 +5.000000e-03 +9.076881e+01 +2.446129e+03
    271 +1.100000e-02 +5.000000e-03 +9.089451e+01 +2.453671e+03
    272 +1.000000e-02 +5.000000e-03 +9.082552e+01 +2.449531e+03
    273 +1.000000e-02 +5.000000e-03 +9.082552e+01 +2.449531e+03
    274 +1.000000e-02 +6.008374e-03 +9.044110e+01 +2.426466e+03
    275 +1.000000e-02 +7.016748e-03 +9.007193e+01 +2.404316e+03
    276 +1.000000e-02 +8.025122e-03 +8.972526e+01 +2.383516e+03
    277 +1.000000e-02 +9.033497e-03 +8.940254e+01 +2.364152e+03
    278 +1.000000e-02 +1.004187e-02 +8.910380e+01 +2.346228e+03
    279 +1.000000e-02 +1.105024e-02 +8.882890e+01 +2.329734e+03
    280 +1.000000e-02 +1.205862e-02 +8.857763e+01 +2.314658e+03
    281 +1.000000e-02 +1.306699e-02 +8.834974e+01 +2.300984e+03
    282 +1.000000e-02 +1.407537e-02 +8.814503e+01 +2.288702e+03
    283 +1.000000e-02 +1.508374e-02 +8.796336e+01 +2.277801e+03
    284 +1.000000e-02 +1.609212e-02 +8.780451e+01 +2.268271e+03
    285 +1.000000e-02 +1.710049e-02 +8.766829e+01 +2.260097e+03
    286 +1.000000e-02 +1.810886e-02 +8.755469e+01 +2.253281e+03
    287 +1.000000e-02 +1.911724e-02 +8.746372e+01 +2.247823e+03
    288 +1.000000e-02 +2.012561e-02 +8.739534e+01 +2.243721e+03
    289 +1.000000e-02 +2.113399e-02 +8.734948e+01 +2.240969e+03
    290 +1.000000e-02 +2.214236e-02 +8.732680e+01 +2.239608e+03
    291 +1.000000e-02 +2.214236e-02 +8.732680e+01 +2.239608e+03
    292 +9.000000e-03 +2.214236e-02 +8.732688e+01 +2.239613e+03
    293 +9.000000e-03 +2.214236e-02 +8.732688e+01 +2.239613e+03
    294 +9.000000e-03 +2.113399e-02 +8.734952e+01 +2.240971e+03
    295 +9.000000e-03 +2.012561e-02 +8.739538e+01 +2.243723e+03
    296 +9.000000e-03 +1.911724e-02 +8.746375e+01 +2.247825e+03
    297 +9.000000e-03 +1.810886e-02 +8.755470e+01 +2.253282e+03
    298 +9.000000e-03 +1.710049e-02 +8.766827e+01 +2.260096e+03
    299 +9.000000e-03 +1.609212e-02 +8.780447e+01 +2.268268e+03
    300 +9.000000e-03 +1.508374e-02 +8.796338e+01 +2.277803e+03
    301 +9.000000e-03 +1.407537e-02 +8.814513e+01 +2.288708e+03
    302 +9.000000e-03 +1.306699e-02 +8.834988e+01 +2.300993e+03
    303 +9.000000e-03 +1.205862e-02 +8.857773e+01 +2.314664e+03
    304 +9.000000e-03 +1.105024e-02 +8.882894e+01 +2.329736e+03
    305 +9.000000e-03 +1.004187e-02 +8.910381e+01 +2.346229e+03
    306 +9.000000e-03 +9.033497e-03 +8.940254e+01 +2.364153e+03
    307 +9.000000e-03 +8.025122e-03 +8.972525e+01 +2.383515e+03
    308 +9.000000e-03 +7.016748e-03 +9.007182e+01 +2.404309e+03
    309 +9.000000e-03 +6.008374e-03 +9.044159e+01 +2.426495e+03
    310 +9.000000e-03 +5.000000e-03 +9.086318e+01 +2.451791e+03
    311 +9.000000e-03 +5.000000e-03 +9.086318e+01 +2.451791e+03
    312 +8.000000e-03 +5.000000e-03 +9.107567e+01 +2.464540e+03
    313 +7.000000e-03 +5.000000e-03 +9.111320e+01 +2.466792e+03
    314 +7.000000e-03 +5.000000e-03 +9.111320e+01 +2.466792e+03
    315 +7.000000e-03 +5.994993e-03 +9.096157e+01 +2.457694e+03
    316 +7.000000e-03 +6.989986e-03 +9.081711e+01 +2.449026e+03
    317 +7.000000e-03 +7.984980e-03 +9.069526e+01 +2.441715e+03
    318 +7.000000e-03 +8.979973e-03 +9.059734e+01 +2.435841e+03
    319 +7.000000e-03 +9.974966e-03 +9.052348e+01 +2.431409e+03
    320 +7.000000e-03 +1.096996e-02 +9.047364e+01 +2.428419e+03
    321 +7.000000e-03 +1.196495e-02 +9.044866e+01 +2.426920e+03
    322 +7.000000e-03 +1.196495e-02 +9.044866e+01 +2.426920e+03
    323 +6.000000e-03 +1.196495e-02 +9.044867e+01 +2.426920e+03
    324 +6.000000e-03 +1.196495e-02 +9.044867e+01 +2.426920e+03
    325 +6.000000e-03 +1.096996e-02 +9.047364e+01 +2.428419e+03
    326 +6.000000e-03 +9.974966e-03 +9.052348e+01 +2.431409e+03
    327 +6.000000e-03 +8.979973e-03 +9.059734e+01 +2.435840e+03
    328 +6.000000e-03 +7.984980e-03 +9.069523e+01 +2.441714e+03
    329 +6.000000e-03 +6.989986e-03 +9.081694e+01 +2.449016e+03
    330 +6.000000e-03 +5.994993e-03 +9.096194e+01 +2.457716e+03
    331 +6.000000e-03 +5.000000e-03 +9.114876e+01 +2.468926e+03
    332 +6.000000e-03 +5.000000e-03 +9.114876e+01 +2.468926e+03
    333 +5.000000e-03 +5.000000e-03 +9.124891e+01 +2.474935e+03
    334 +4.000000e-03 +5.000000e-03 +9.121315e+01 +2.472789e+03
    335 +4.000000e-03 +5.000000e-03 +9.121315e+01 +2.472789e+03
    336 +4.000000e-03 +5.998095e-03 +9.098137e+01 +2.458882e+03
    337 +4.000000e-03 +6.996191e-03 +9.076883e+01 +2.446130e+03
    338 +4.000000e-03 +7.994286e-03 +9.057920e+01 +2.434752e+03
    339 +4.000000e-03 +8.992381e-03 +9.041338e+01 +2.424803e+03
    340 +4.000000e-03 +9.990477e-03 +9.027142e+01 +2.416285e+03
    341 +4.000000e-03 +1.098857e-02 +9.015327e+01 +2.409196e+03
    342 +4.000000e-03 +1.198667e-02 +9.005882e+01 +2.403529e+03
    343 +4.000000e-03 +1.298476e-02 +8.998781e+01 +2.399269e+03
    344 +4.000000e-03 +1.398286e-02 +8.994003e+01 +2.396402e+03
    345 +4.000000e-03 +1.498095e-02 +8.991626e+01 +2.394975e+03
    346 +4.000000e-03 +1.498095e-02 +8.991626e+01 +2.394975e+03
    347 +3.000000e-03 +1.498095e-02 +8.991641e+01 +2.394985e+03
    348 +3.000000e-03 +1.498095e-02 +8.991641e+01 +2.394985e+03
    349 +3.000000e-03 +1.398286e-02 +8.994009e+01 +2.396405e+03
    350 +3.000000e-03 +1.298476e-02 +8.998785e+01 +2.399271e+03
    351 +3.000000e-03 +1.198667e-02 +9.005887e+01 +2.403532e+03
    352 +3.000000e-03 +1.098857e-02 +9.015337e+01 +2.409202e+03
    353 +3.000000e-03 +9.990477e-03 +9.027155e+01 +2.416293e+03
    354 +3.000000e-03 +8.992381e-03 +9.041350e+01 +2.424810e+03
    355 +3.000000e-03 +7.994286e-03 +9.057930e+01 +2.434758e+03
    356 +3.000000e-03 +6.996191e-03 +9.076885e+01 +2.446131e+03
    357 +3.000000e-03 +5.998095e-03 +9.098167e+01 +2.458900e+03
    358 +3.000000e-03 +5.000000e-03 +9.123296e+01 +2.473978e+03
    359 +3.000000e-03 +5.000000e-03 +9.123296e+01 +2.473978e+03
    360 +2.000000e-03 +5.000000e-03 +9.134443e+01 +2.480666e+03
    361 +1.000000e-03 +5.000000e-03 +9.133351e+01 +2.480011e+03
    362 +1.000000e-03 +5.000000e-03 +9.133351e+01 +2.480011e+03
    363 +1.000000e-03 +5.955368e-03 +9.122854e+01 +2.473712e+03
    364 +1.000000e-03 +6.910736e-03 +9.114186e+01 +2.468512e+03
    365 +1.000000e-03 +7.866104e-03 +9.106678e+01 +2.464007e+03
    366 +1.000000e-03 +8.821472e-03 +9.100307e+01 +2.460184e+03
    367 +1.000000e-03 +9.776840e-03 +9.095073e+01 +2.457044e+03
    368 +1.000000e-03 +1.073221e-02 +9.090976e+01 +2.454585e+03
    369 +1.000000e-03 +1.168758e-02 +9.088013e+01 +2.452808e+03
    370 +1.000000e-03 +1.264294e-02 +9.086218e+01 +2.451731e+03
    371 +1.000000e-03 +1.264294e-02 +9.086218e+01 +2.451731e+03
    372 +0.000000e+00 +1.264294e-02 +9.086868e+01 +2.452121e+03
    373 +0.000000e+00 +1.264294e-02 +9.086868e+01 +0.000000e+00
    374 +0.000000e+00 +1.167041e-02 +9.088686e+01 +0.000000e+00
    375 +0.000000e+00 +1.069788e-02 +9.091732e+01 +0.000000e+00
    376 +0.000000e+00 +9.725341e-03 +9.095955e+01 +0.000000e+00
    377 +0.000000e+00 +8.752807e-03 +9.101356e+01 +0.000000e+00
    378 +0.000000e+00 +7.780273e-03 +9.107932e+01 +0.000000e+00
    379 +0.000000e+00 +6.807739e-03 +9.115664e+01 +0.000000e+00
    380 +0.000000e+00 +5.835205e-03 +9.124422e+01 +0.000000e+00
    381 +0.000000e+00 +4.862671e-03 +9.133421e+01 +0.000000e+00
    382 +0.000000e+00 +3.890137e-03 +9.141707e+01 +0.000000e+00
    383 +0.000000e+00 +2.917602e-03 +9.150186e+01 +0.000000e+00
    384 +0.000000e+00 +1.945068e-03 +9.159451e+01 +0.000000e+00
    385 +0.000000e+00 +9.725341e-04 +9.169559e+01 +0.000000e+00
    386 +0.000000e+00 +0.000000e+00 +9.180508e+01 +0.000000e+00

%_intp_ ______x1_____ ______x2_____ ______T______ _____qx1_____ _____qx2_____
      1 +1.400000e-02 +5.000000e-04 +9.119811e+01 +1.033856e+04 +2.345880e+04
      2 +1.400000e-02 +6.379310e-04 +9.118192e+01 +1.035818e+04 +2.350610e+04
      3 +1.400000e-02 +7.758621e-04 +9.116569e+01 +1.038244e+04 +2.355226e+04
      4 +1.400000e-02 +9.137931e-04 +9.114943e+01 +1.041170e+04 +2.359766e+04
      5 +1.400000e-02 +1.051724e-03 +9.113314e+01 +1.044640e+04 +2.364235e+04
      6 +1.400000e-02 +1.189655e-03 +9.111682e+01 +1.048698e+04 +2.368624e+04
      7 +1.400000e-02 +1.327586e-03 +9.110047e+01 +1.053396e+04 +2.372914e+04
      8 +1.400000e-02 +1.465517e-03 +9.108409e+01 +1.058795e+04 +2.377075e+04
      9 +1.400000e-02 +1.603448e-03 +9.106768e+01 +1.064966e+04 +2.381071e+04
     10 +1.400000e-02 +1.741379e-03 +9.105125e+01 +1.071995e+04 +2.384850e+04
     11 +1.400000e-02 +1.879310e-03 +9.103479e+01 +1.079980e+04 +2.388344e+04
     12 +1.400000e-02 +2.017241e-03 +9.101831e+01 +1.089037e+04 +2.391464e+04
     13 +1.400000e-02 +2.155172e-03 +9.100180e+01 +1.099302e+04 +2.394094e+04
     14 +1.400000e-02 +2.293103e-03 +9.098529e+01 +1.110937e+04 +2.396076e+04
     15 +1.400000e-02 +2.431034e-03 +9.096876e+01 +1.124129e+04 +2.397203e+04
     16 +1.400000e-02 +2.568966e-03 +9.095222e+01 +1.139097e+04 +2.397200e+04
     17 +1.400000e-02 +2.706897e-03 +9.093570e+01 +1.156101e+04 +2.395701e+04
     18 +1.400000e-02 +2.844828e-03 +9.091918e+01 +1.175441e+04 +2.392222e+04
     19 +1.400000e-02 +2.982759e-03 +9.090271e+01 +1.197467e+04 +2.386117e+04
     20 +1.400000e-02 +3.120690e-03 +9.088628e+01 +1.222584e+04 +2.376529e+04
     21 +1.400000e-02 +3.258621e-03 +9.086994e+01 +1.251258e+04 +2.362324e+04
     22 +1.400000e-02 +3.396552e-03 +9.085371e+01 +1.284017e+04 +2.341997e+04
     23 +1.400000e-02 +3.534483e-03 +9.083765e+01 +1.321450e+04 +2.313558e+04
     24 +1.400000e-02 +3.672414e-03 +9.082182e+01 +1.364191e+04 +2.274384e+04
     25 +1.400000e-02 +3.810345e-03 +9.080631e+01 +1.412893e+04 +2.221028e+04
     26 +1.400000e-02 +3.948276e-03 +9.079123e+01 +1.468172e+04 +2.148974e+04
     27 +1.400000e-02 +4.086207e-03 +9.077673e+01 +1.530502e+04 +2.052327e+04
     28 +1.400000e-02 +4.224138e-03 +9.076300e+01 +1.600064e+04 +1.923371e+04
     29 +1.400000e-02 +4.362069e-03 +9.075030e+01 +1.676515e+04 +1.751838e+04
     30 +1.400000e-02 +4.500000e-03 +9.073897e+01 +1.758707e+04 +1.523279e+04

