%_node_ ______x1_____ ______x2_____ ______T______ ______q______
      1 +0.000000e+00 +0.000000e+00 +1.082809e+02 -2.329200e+04
      2 +1.000000e-03 +0.000000e+00 +1.082855e+02 -2.329200e+04
      3 +2.000000e-03 +0.000000e+00 +1.083000e+02 -2.329200e+04
      4 +3.000000e-03 +0.000000e+00 +1.083169e+02 -2.329200e+04
      5 +4.000000e-03 +0.000000e+00 +1.083285e+02 -2.329200e+04
      6 +5.000000e-03 +0.000000e+00 +1.083281e+02 -2.329200e+04
      7 +6.000000e-03 +0.000000e+00 +1.083105e+02 -2.329200e+04
      8 +7.000000e-03 +0.000000e+00 +1.082724e+02 -2.329200e+04
      9 +8.000000e-03 +0.000000e+00 +1.082115e+02 -2.329200e+04
     10 +9.000000e-03 +0.000000e+00 +1.081267e+02 -2.329200e+04
     11 +1.000000e-02 +0.000000e+00 +1.080178e+02 -2.329200e+04
     12 +1.100000e-02 +0.000000e+00 +1.078855e+02 -2.329200e+04
     13 +1.200000e-02 +0.000000e+00 +1.077323e+02 -2.329200e+04
     14 +1.300000e-02 +0.000000e+00 +1.075628e+02 -2.329200e+04
     15 +1.400000e-02 +0.000000e+00 +1.073846e+02 -2.329200e+04
     16 +1.500000e-02 +0.000000e+00 +1.072064e+02 -2.329200e+04
     17 +1.600000e-02 +0.000000e+00 +1.070357e+02 -2.329200e+04
     18 +1.700000e-02 +0.000000e+00 +1.068752e+02 -2.329200e+04
     19 +1.800000e-02 +0.000000e+00 +1.067233e+02 -2.329200e+04
     20 +1.900000e-02 +0.000000e+00 +1.065780e+02 -2.329200e+04
     21 +2.000000e-02 +0.000000e+00 +1.064400e+02 -2.329200e+04
     22 +2.100000e-02 +0.000000e+00 +1.063136e+02 -2.329200e+04
     23 +2.200000e-02 +0.000000e+00 +1.062044e+02 -2.329200e+04
     24 +2.300000e-02 +0.000000e+00 +1.061162e+02 -2.329200e+04
     25 +2.400000e-02 +0.000000e+00 +1.060501e+02 -2.329200e+04
     26 +2.500000e-02 +0.000000e+00 +1.060046e+02 -2.329200e+04
     27 +2.600000e-02 +0.000000e+00 +1.059762e+02 -2.329200e+04
     28 +2.700000e-02 +0.000000e+00 +1.059611e+02 -2.329200e+04
     29 +2.800000e-02 +0.000000e+00 +1.059566e+02 -2.329200e+04
     30 +2.800000e-02 +0.000000e+00 +1.059566e+02 +0.000000e+00
     31 +2.800000e-02 +1.018433e-03 +1.054779e+02 +0.000000e+00
     32 +2.800000e-02 +2.036866e-03 +1.049901e+02 +0.000000e+00
     33 +2.800000e-02 +3.055298e-03 +1.044941e+02 +0.000000e+00
     34 +2.800000e-02 +4.073731e-03 +1.039772e+02 +0.000000e+00
     35 +2.800000e-02 +5.092164e-03 +1.033722e+02 +0.000000e+00
     36 +2.800000e-02 +6.110597e-03 +1.026507e+02 +0.000000e+00
     37 +2.800000e-02 +7.129030e-03 +1.019401e+02 +0.000000e+00
     38 +2.800000e-02 +8.147462e-03 +1.012879e+02 +0.000000e+00
     39 +2.800000e-02 +9.165895e-03 +1.006990e+02 +0.000000e+00
     40 +2.800000e-02 +1.018433e-02 +1.001735e+02 +0.000000e+00
     41 +2.800000e-02 +1.120276e-02 +9.971110e+01 +0.000000e+00
     42 +2.800000e-02 +1.222119e-02 +9.931122e+01 +0.000000e+00
     43 +2.800000e-02 +1.323963e-02 +9.897338e+01 +0.000000e+00
     44 +2.800000e-02 +1.425806e-02 +9.869714e+01 +0.000000e+00
     45 +2.800000e-02 +1.527649e-02 +9.848211e+01 +0.000000e+00
     46 +2.800000e-02 +1.629492e-02 +9.832790e+01 +0.000000e+00
     47 +2.800000e-02 +1.731336e-02 +9.823665e+01 +0.000000e+00
     48 +2.800000e-02 +1.731336e-02 +9.823665e+01 +2.894199e+03
     49 +2.700000e-02 +1.731336e-02 +9.820613e+01 +2.892368e+03
     50 +2.700000e-02 +1.731336e-02 +9.820613e+01 +2.892368e+03
     51 +2.700000e-02 +1.628724e-02 +9.829915e+01 +2.897949e+03
     52 +2.700000e-02 +1.526113e-02 +9.845517e+01 +2.907310e+03
     53 +2.700000e-02 +1.423502e-02 +9.867286e+01 +2.920372e+03
     54 +2.700000e-02 +1.320891e-02 +9.895264e+01 +2.937159e+03
     55 +2.700000e-02 +1.218279e-02 +9.929492e+01 +2.957695e+03
     56 +2.700000e-02 +1.115668e-02 +9.970014e+01 +2.982008e+03
     57 +2.700000e-02 +1.013057e-02 +1.001688e+02 +3.010129e+03
     58 +2.700000e-02 +9.104453e-03 +1.007015e+02 +3.042089e+03
     59 +2.700000e-02 +8.078339e-03 +1.012987e+02 +3.077920e+03
     60 +2.700000e-02 +7.052226e-03 +1.019607e+02 +3.117644e+03
     61 +2.700000e-02 +6.026113e-03 +1.026894e+02 +3.161364e+03
     62 +2.700000e-02 +5.000000e-03 +1.035540e+02 +3.213242e+03
     63 +2.700000e-02 +5.000000e-03 +1.035540e+02 +3.213242e+03
     64 +2.600000e-02 +5.000000e-03 +1.037901e+02 +3.227407e+03
     65 +2.500000e-02 +5.000000e-03 +1.032422e+02 +3.194530e+03
     66 +2.500000e-02 +5.000000e-03 +1.032422e+02 +3.194530e+03
     67 +2.500000e-02 +6.018506e-03 +1.015771e+02 +3.094624e+03
     68 +2.500000e-02 +7.037013e-03 +1.000701e+02 +3.004206e+03
     69 +2.500000e-02 +8.055519e-03 +9.867864e+01 +2.920718e+03
     70 +2.500000e-02 +9.074025e-03 +9.740531e+01 +2.844319e+03
     71 +2.500000e-02 +1.009253e-02 +9.624834e+01 +2.774900e+03
     72 +2.500000e-02 +1.111104e-02 +9.520519e+01 +2.712311e+03
     73 +2.500000e-02 +1.212954e-02 +9.427336e+01 +2.656402e+03
     74 +2.500000e-02 +1.314805e-02 +9.345058e+01 +2.607035e+03
     75 +2.500000e-02 +1.416656e-02 +9.273482e+01 +2.564089e+03
     76 +2.500000e-02 +1.518506e-02 +9.212433e+01 +2.527460e+03
     77 +2.500000e-02 +1.620357e-02 +9.161760e+01 +2.497056e+03
     78 +2.500000e-02 +1.722208e-02 +9.121332e+01 +2.472799e+03
     79 +2.500000e-02 +1.824058e-02 +9.091012e+01 +2.454607e+03
     80 +2.500000e-02 +1.925909e-02 +9.070683e+01 +2.442410e+03
     81 +2.500000e-02 +2.027759e-02 +9.060671e+01 +2.436402e+03
     82 +2.500000e-02 +2.027759e-02 +9.060671e+01 +2.436402e+03
     83 +2.400000e-02 +2.027759e-02 +9.060537e+01 +2.436322e+03
     84 +2.400000e-02 +2.027759e-02 +9.060537e+01 +2.436322e+03
     85 +2.400000e-02 +1.925909e-02 +9.070620e+01 +2.442372e+03
     86 +2.400000e-02 +1.824058e-02 +9.090949e+01 +2.454570e+03
     87 +2.400000e-02 +1.722208e-02 +9.121281e+01 +2.472769e+03
     88 +2.400000e-02 +1.620357e-02 +9.161723e+01 +2.497034e+03
     89 +2.400000e-02 +1.518506e-02 +9.212399e+01 +2.527440e+03
     90 +2.400000e-02 +1.416656e-02 +9.273448e+01 +2.564069e+03
     91 +2.400000e-02 +1.314805e-02 +9.345022e+01 +2.607013e+03
     92 +2.400000e-02 +1.212954e-02 +9.427299e+01 +2.656379e+03
     93 +2.400000e-02 +1.111104e-02 +9.520479e+01 +2.712287e+03
     94 +2.400000e-02 +1.009253e-02 +9.624792e+01 +2.774875e+03
     95 +2.400000e-02 +9.074025e-03 +9.740490e+01 +2.844294e+03
     96 +2.400000e-02 +8.055519e-03 +9.867835e+01 +2.920701e+03
     97 +2.400000e-02 +7.037013e-03 +1.000704e+02 +3.004222e+03
     98 +2.400000e-02 +6.018506e-03 +1.015788e+02 +3.094726e+03
     99 +2.400000e-02 +5.000000e-03 +1.032457e+02 +3.194740e+03
    100 +2.400000e-02 +5.000000e-03 +1.032457e+02 +3.194740e+03
    101 +2.300000e-02 +5.000000e-03 +1.037865e+02 +3.227188e+03
    102 +2.200000e-02 +5.000000e-03 +1.033374e+02 +3.200245e+03
    103 +2.200000e-02 +5.000000e-03 +1.033374e+02 +3.200245e+03
    104 +2.200000e-02 +5.979225e-03 +1.015968e+02 +3.095808e+03
    105 +2.200000e-02 +6.958450e-03 +9.996809e+01 +2.998085e+03
    106 +2.200000e-02 +7.937675e-03 +9.844599e+01 +2.906759e+03
    107 +2.200000e-02 +8.916901e-03 +9.703450e+01 +2.822070e+03
    108 +2.200000e-02 +9.896126e-03 +9.573165e+01 +2.743899e+03
    109 +2.200000e-02 +1.087535e-02 +9.453460e+01 +2.672076e+03
    110 +2.200000e-02 +1.185458e-02 +9.344026e+01 +2.606415e+03
    111 +2.200000e-02 +1.283380e-02 +9.244555e+01 +2.546733e+03
    112 +2.200000e-02 +1.381303e-02 +9.154795e+01 +2.492877e+03
    113 +2.200000e-02 +1.479225e-02 +9.074556e+01 +2.444733e+03
    114 +2.200000e-02 +1.577148e-02 +9.003675e+01 +2.402205e+03
    115 +2.200000e-02 +1.675070e-02 +8.942006e+01 +2.365204e+03
    116 +2.200000e-02 +1.772993e-02 +8.889417e+01 +2.333650e+03
    117 +2.200000e-02 +1.870915e-02 +8.845790e+01 +2.307474e+03
    118 +2.200000e-02 +1.968838e-02 +8.811022e+01 +2.286613e+03
    119 +2.200000e-02 +2.066760e-02 +8.784992e+01 +2.270995e+03
    120 +2.200000e-02 +2.164683e-02 +8.767535e+01 +2.260521e+03
    121 +2.200000e-02 +2.262605e-02 +8.758896e+01 +2.255337e+03
    122 +2.200000e-02 +2.262605e-02 +8.758896e+01 +2.255337e+03
    123 +2.100000e-02 +2.262605e-02 +8.758809e+01 +2.255285e+03
    124 +2.100000e-02 +2.262605e-02 +8.758809e+01 +2.255285e+03
    125 +2.100000e-02 +2.164683e-02 +8.767486e+01 +2.260492e+03
    126 +2.100000e-02 +2.066760e-02 +8.784956e+01 +2.270974e+03
    127 +2.100000e-02 +1.968838e-02 +8.811017e+01 +2.286610e+03
    128 +2.100000e-02 +1.870915e-02 +8.845802e+01 +2.307481e+03
    129 +2.100000e-02 +1.772993e-02 +8.889433e+01 +2.333660e+03
    130 +2.100000e-02 +1.675070e-02 +8.942025e+01 +2.365215e+03
    131 +2.100000e-02 +1.577148e-02 +9.003698e+01 +2.402219e+03
    132 +2.100000e-02 +1.479225e-02 +9.074588e+01 +2.444753e+03
    133 +2.100000e-02 +1.381303e-02 +9.154841e+01 +2.492904e+03
    134 +2.100000e-02 +1.283380e-02 +9.244613e+01 +2.546768e+03
    135 +2.100000e-02 +1.185458e-02 +9.344071e+01 +2.606443e+03
    136 +2.100000e-02 +1.087535e-02 +9.453465e+01 +2.672079e+03
    137 +2.100000e-02 +9.896126e-03 +9.573146e+01 +2.743887e+03
    138 +2.100000e-02 +8.916901e-03 +9.703424e+01 +2.822055e+03
    139 +2.100000e-02 +7.937675e-03 +9.844562e+01 +2.906737e+03
    140 +2.100000e-02 +6.958450e-03 +9.996720e+01 +2.998032e+03
    141 +2.100000e-02 +5.979225e-03 +1.015972e+02 +3.095831e+03
    142 +2.100000e-02 +5.000000e-03 +1.034340e+02 +3.206039e+03
    143 +2.100000e-02 +5.000000e-03 +1.034340e+02 +3.206039e+03
    144 +2.000000e-02 +5.000000e-03 +1.042652e+02 +3.255911e+03
    145 +1.900000e-02 +5.000000e-03 +1.042999e+02 +3.257996e+03
    146 +1.900000e-02 +5.000000e-03 +1.042999e+02 +3.257996e+03
    147 +1.900000e-02 +6.070251e-03 +1.035016e+02 +3.210093e+03
    148 +1.900000e-02 +7.140501e-03 +1.027995e+02 +3.167969e+03
    149 +1.900000e-02 +8.210752e-03 +1.022339e+02 +3.134035e+03
    150 +1.900000e-02 +9.281002e-03 +1.018092e+02 +3.108554e+03
    151 +1.900000e-02 +1.035125e-02 +1.015250e+02 +3.091503e+03
    152 +1.900000e-02 +1.142150e-02 +1.013848e+02 +3.083090e+03
    153 +1.900000e-02 +1.142150e-02 +1.013848e+02 +3.083090e+03
    154 +1.800000e-02 +1.142150e-02 +1.013849e+02 +3.083092e+03
    155 +1.800000e-02 +1.142150e-02 +1.013849e+02 +3.083092e+03
    156 +1.800000e-02 +1.035125e-02 +1.015251e+02 +3.091503e+03
    157 +1.800000e-02 +9.281002e-03 +1.018092e+02 +3.108553e+03
    158 +1.800000e-02 +8.210752e-03 +1.022339e+02 +3.134033e+03
    159 +1.800000e-02 +7.140501e-03 +1.027993e+02 +3.167958e+03
    160 +1.800000e-02 +6.070251e-03 +1.035024e+02 +3.210147e+03
    161 +1.800000e-02 +5.000000e-03 +1.043916e+02 +3.263499e+03
    162 +1.800000e-02 +5.000000e-03 +1.043916e+02 +3.263499e+03
    163 +1.700000e-02 +5.000000e-03 +1.046991e+02 +3.281948e+03
    164 +1.600000e-02 +5.000000e-03 +1.041854e+02 +3.251121e+03
    165 +1.600000e-02 +5.000000e-03 +1.041854e+02 +3.251121e+03
    166 +1.600000e-02 +5.978865e-03 +1.023065e+02 +3.138389e+03
    167 +1.600000e-02 +6.957730e-03 +1.005424e+02 +3.032543e+03
    168 +1.600000e-02 +7.936595e-03 +9.888663e+01 +2.933198e+03
    169 +1.600000e-02 +8.915460e-03 +9.734278e+01 +2.840567e+03
    170 +1.600000e-02 +9.894325e-03 +9.590833e+01 +2.754500e+03
    171 +1.600000e-02 +1.087319e-02 +9.457977e+01 +2.674786e+03
    172 +1.600000e-02 +1.185206e-02 +9.335307e+01 +2.601184e+03
    173 +1.600000e-02 +1.283092e-02 +9.222419e+01 +2.533451e+03
    174 +1.600000e-02 +1.380979e-02 +9.119045e+01 +2.471427e+03
    175 +1.600000e-02 +1.478865e-02 +9.025004e+01 +2.415002e+03
    176 +1.600000e-02 +1.576752e-02 +8.940125e+01 +2.364075e+03
    177 +1.600000e-02 +1.674638e-02 +8.864239e+01 +2.318543e+03
    178 +1.600000e-02 +1.772525e-02 +8.797188e+01 +2.278313e+03
    179 +1.600000e-02 +1.870411e-02 +8.738826e+01 +2.243296e+03
    180 +1.600000e-02 +1.968298e-02 +8.689023e+01 +2.213414e+03
    181 +1.600000e-02 +2.066184e-02 +8.647660e+01 +2.188596e+03
    182 +1.600000e-02 +2.164071e-02 +8.614635e+01 +2.168781e+03
    183 +1.600000e-02 +2.261957e-02 +8.589855e+01 +2.153913e+03
    184 +1.600000e-02 +2.359844e-02 +8.573229e+01 +2.143938e+03
    185 +1.600000e-02 +2.457730e-02 +8.564990e+01 +2.138994e+03
    186 +1.600000e-02 +2.457730e-02 +8.564990e+01 +2.138994e+03
    187 +1.500000e-02 +2.457730e-02 +8.564978e+01 +2.138987e+03
    188 +1.500000e-02 +2.457730e-02 +8.564978e+01 +2.138987e+03
    189 +1.500000e-02 +2.359844e-02 +8.573227e+01 +2.143936e+03
    190 +1.500000e-02 +2.261957e-02 +8.589857e+01 +2.153914e+03
    191 +1.500000e-02 +2.164071e-02 +8.614641e+01 +2.168785e+03
    192 +1.500000e-02 +2.066184e-02 +8.647670e+01 +2.188602e+03
    193 +1.500000e-02 +1.968298e-02 +8.689036e+01 +2.213421e+03
    194 +1.500000e-02 +1.870411e-02 +8.738842e+01 +2.243305e+03
    195 +1.500000e-02 +1.772525e-02 +8.797205e+01 +2.278323e+03
    196 +1.500000e-02 +1.674638e-02 +8.864256e+01 +2.318554e+03
    197 +1.500000e-02 +1.576752e-02 +8.940141e+01 +2.364085e+03
    198 +1.500000e-02 +1.478865e-02 +9.025017e+01 +2.415010e+03
    199 +1.500000e-02 +1.380979e-02 +9.119052e+01 +2.471431e+03
    200 +1.500000e-02 +1.283092e-02 +9.222424e+01 +2.533455e+03
    201 +1.500000e-02 +1.185206e-02 +9.335335e+01 +2.601201e+03
    202 +1.500000e-02 +1.087319e-02 +9.458035e+01 +2.674821e+03
    203 +1.500000e-02 +9.894325e-03 +9.590872e+01 +2.754523e+03
    204 +1.500000e-02 +8.915460e-03 +9.734290e+01 +2.840574e+03
    205 +1.500000e-02 +7.936595e-03 +9.888664e+01 +2.933198e+03
    206 +1.500000e-02 +6.957730e-03 +1.005422e+02 +3.032530e+03
    207 +1.500000e-02 +5.978865e-03 +1.023089e+02 +3.138533e+03
    208 +1.500000e-02 +5.000000e-03 +1.043048e+02 +3.258291e+03
    209 +1.500000e-02 +5.000000e-03 +1.043048e+02 +3.258291e+03
    210 +1.400000e-02 +5.000000e-03 +1.052716e+02 +3.316296e+03
    211 +1.300000e-02 +5.000000e-03 +1.054564e+02 +3.327384e+03
    212 +1.300000e-02 +5.000000e-03 +1.054564e+02 +3.327384e+03
    213 +1.300000e-02 +6.044231e-03 +1.048341e+02 +3.290045e+03
    214 +1.300000e-02 +7.088463e-03 +1.042770e+02 +3.256617e+03
    215 +1.300000e-02 +8.132694e-03 +1.038551e+02 +3.231303e+03
    216 +1.300000e-02 +9.176925e-03 +1.035724e+02 +3.214343e+03
    217 +1.300000e-02 +1.022116e-02 +1.034329e+02 +3.205976e+03
    218 +1.300000e-02 +1.022116e-02 +1.034329e+02 +3.205976e+03
    219 +1.200000e-02 +1.022116e-02 +1.034330e+02 +3.205981e+03
    220 +1.200000e-02 +1.022116e-02 +1.034330e+02 +3.205981e+03
    221 +1.200000e-02 +9.176925e-03 +1.035722e+02 +3.214330e+03
    222 +1.200000e-02 +8.132694e-03 +1.038547e+02 +3.231279e+03
    223 +1.200000e-02 +7.088463e-03 +1.042757e+02 +3.256543e+03
    224 +1.200000e-02 +6.044231e-03 +1.048334e+02 +3.290003e+03
    225 +1.200000e-02 +5.000000e-03 +1.056088e+02 +3.336525e+03
    226 +1.200000e-02 +5.000000e-03 +1.056088e+02 +3.336525e+03
    227 +1.100000e-02 +5.000000e-03 +1.060271e+02 +3.361627e+03
    228 +1.000000e-02 +5.000000e-03 +1.059480e+02 +3.356879e+03
    229 +1.000000e-02 +5.000000e-03 +1.059480e+02 +3.356879e+03
    230 +1.000000e-02 +6.017000e-03 +1.051734e+02 +3.310404e+03
    231 +1.000000e-02 +7.034000e-03 +1.045130e+02 +3.270783e+03
    232 +1.000000e-02 +8.051000e-03 +1.039831e+02 +3.238985e+03
    233 +1.000000e-02 +9.068000e-03 +1.035863e+02 +3.215178e+03
    234 +1.000000e-02 +1.008500e-02 +1.033220e+02 +3.199320e+03
    235 +1.000000e-02 +1.110200e-02 +1.031928e+02 +3.191565e+03
    236 +1.000000e-02 +1.110200e-02 +1.031928e+02 +3.191565e+03
    237 +9.000000e-03 +1.110200e-02 +1.031923e+02 +3.191539e+03
    238 +9.000000e-03 +1.110200e-02 +1.031923e+02 +3.191539e+03
    239 +9.000000e-03 +1.008500e-02 +1.033217e+02 +3.199304e+03
    240 +9.000000e-03 +9.068000e-03 +1.035863e+02 +3.215176e+03
    241 +9.000000e-03 +8.051000e-03 +1.039831e+02 +3.238989e+03
    242 +9.000000e-03 +7.034000e-03 +1.045131e+02 +3.270784e+03
    243 +9.000000e-03 +6.017000e-03 +1.051748e+02 +3.310485e+03
    244 +9.000000e-03 +5.000000e-03 +1.060177e+02 +3.361064e+03
    245 +9.000000e-03 +5.000000e-03 +1.060177e+02 +3.361064e+03
    246 +8.000000e-03 +5.000000e-03 +1.063570e+02 +3.381420e+03
    247 +7.000000e-03 +5.000000e-03 +1.061786e+02 +3.370719e+03
    248 +7.000000e-03 +5.000000e-03 +1.061786e+02 +3.370719e+03
    249 +7.000000e-03 +6.009688e-03 +1.053834e+02 +3.323005e+03
    250 +7.000000e-03 +7.019377e-03 +1.047266e+02 +3.283595e+03
    251 +7.000000e-03 +8.029065e-03 +1.041988e+02 +3.251930e+03
    252 +7.000000e-03 +9.038754e-03 +1.038027e+02 +3.228161e+03
    253 +7.000000e-03 +1.004844e-02 +1.035378e+02 +3.212266e+03
    254 +7.000000e-03 +1.105813e-02 +1.034080e+02 +3.204477e+03
    255 +7.000000e-03 +1.105813e-02 +1.034080e+02 +3.204477e+03
    256 +6.000000e-03 +1.105813e-02 +1.034070e+02 +3.204418e+03
    257 +6.000000e-03 +1.105813e-02 +1.034070e+02 +3.204418e+03
    258 +6.000000e-03 +1.004844e-02 +1.035376e+02 +3.212257e+03
    259 +6.000000e-03 +9.038754e-03 +1.038027e+02 +3.228161e+03
    260 +6.000000e-03 +8.029065e-03 +1.041989e+02 +3.251932e+03
    261 +6.000000e-03 +7.019377e-03 +1.047267e+02 +3.283599e+03
    262 +6.000000e-03 +6.009688e-03 +1.053840e+02 +3.323037e+03
    263 +6.000000e-03 +5.000000e-03 +1.061932e+02 +3.371590e+03
    264 +6.000000e-03 +5.000000e-03 +1.061932e+02 +3.371590e+03
    265 +5.000000e-03 +5.000000e-03 +1.064208e+02 +3.385247e+03
    266 +4.000000e-03 +5.000000e-03 +1.060954e+02 +3.365723e+03
    267 +4.000000e-03 +5.000000e-03 +1.060954e+02 +3.365723e+03
    268 +4.000000e-03 +6.013534e-03 +1.051541e+02 +3.309246e+03
    269 +4.000000e-03 +7.027069e-03 +1.043804e+02 +3.262826e+03
    270 +4.000000e-03 +8.040603e-03 +1.037347e+02 +3.224083e+03
    271 +4.000000e-03 +9.054137e-03 +1.032190e+02 +3.193138e+03
    272 +4.000000e-03 +1.006767e-02 +1.028328e+02 +3.169968e+03
    273 +4.000000e-03 +1.108121e-02 +1.025751e+02 +3.154503e+03
    274 +4.000000e-03 +1.209474e-02 +1.024486e+02 +3.146915e+03
    275 +4.000000e-03 +1.209474e-02 +1.024486e+02 +3.146915e+03
    276 +3.000000e-03 +1.209474e-02 +1.024477e+02 +3.146862e+03
    277 +3.000000e-03 +1.209474e-02 +1.024477e+02 +3.146862e+03
    278 +3.000000e-03 +1.108121e-02 +1.025751e+02 +3.154505e+03
    279 +3.000000e-03 +1.006767e-02 +1.028333e+02 +3.169999e+03
    280 +3.000000e-03 +9.054137e-03 +1.032197e+02 +3.193179e+03
    281 +3.000000e-03 +8.040603e-03 +1.037354e+02 +3.224126e+03
    282 +3.000000e-03 +7.027069e-03 +1.043813e+02 +3.262880e+03
    283 +3.000000e-03 +6.013534e-03 +1.051548e+02 +3.309288e+03
    284 +3.000000e-03 +5.000000e-03 +1.060521e+02 +3.363126e+03
    285 +3.000000e-03 +5.000000e-03 +1.060521e+02 +3.363126e+03
    286 +2.000000e-03 +5.000000e-03 +1.061932e+02 +3.371590e+03
    287 +1.000000e-03 +5.000000e-03 +1.056240e+02 +3.337441e+03
    288 +1.000000e-03 +5.000000e-03 +1.056240e+02 +3.337441e+03
    289 +1.000000e-03 +5.998890e-03 +1.043330e+02 +3.259980e+03
    290 +1.000000e-03 +6.997781e-03 +1.032391e+02 +3.194345e+03
    291 +1.000000e-03 +7.996671e-03 +1.022112e+02 +3.132673e+03
    292 +1.000000e-03 +8.995562e-03 +1.012457e+02 +3.074744e+03
    293 +1.000000e-03 +9.994452e-03 +1.003421e+02 +3.020525e+03
    294 +1.000000e-03 +1.099334e-02 +9.949947e+01 +2.969968e+03
    295 +1.000000e-03 +1.199223e-02 +9.871689e+01 +2.923013e+03
    296 +1.000000e-03 +1.299112e-02 +9.799255e+01 +2.879553e+03
    297 +1.000000e-03 +1.399001e-02 +9.732464e+01 +2.839478e+03
    298 +1.000000e-03 +1.498890e-02 +9.671235e+01 +2.802741e+03
    299 +1.000000e-03 +1.598779e-02 +9.615522e+01 +2.769313e+03
    300 +1.000000e-03 +1.698668e-02 +9.565276e+01 +2.739166e+03
    301 +1.000000e-03 +1.798557e-02 +9.520450e+01 +2.712270e+03
    302 +1.000000e-03 +1.898447e-02 +9.480995e+01 +2.688597e+03
    303 +1.000000e-03 +1.998336e-02 +9.446870e+01 +2.668122e+03
    304 +1.000000e-03 +2.098225e-02 +9.418034e+01 +2.650820e+03
    305 +1.000000e-03 +2.198114e-02 +9.394450e+01 +2.636670e+03
    306 +1.000000e-03 +2.298003e-02 +9.376085e+01 +2.625651e+03
    307 +1.000000e-03 +2.397892e-02 +9.362901e+01 +2.617741e+03
    308 +1.000000e-03 +2.497781e-02 +9.355047e+01 +2.613028e+03
    309 +1.000000e-03 +2.497781e-02 +9.355047e+01 +2.613028e+03
    310 +0.000000e+00 +2.497781e-02 +9.357666e+01 +2.614600e+03
    311 +0.000000e+00 +2.497781e-02 +9.357666e+01 +0.000000e+00
    312 +0.000000e+00 +2.397870e-02 +9.365524e+01 +0.000000e+00
    313 +0.000000e+00 +2.297958e-02 +9.378720e+01 +0.000000e+00
    314 +0.000000e+00 +2.198047e-02 +9.397103e+01 +0.000000e+00
    315 +0.000000e+00 +2.098136e-02 +9.420710e+01 +0.000000e+00
    316 +0.000000e+00 +1.998225e-02 +9.449574e+01 +0.000000e+00
    317 +0.000000e+00 +1.898313e-02 +9.483733e+01 +0.000000e+00
    318 +0.000000e+00 +1.798402e-02 +9.523225e+01 +0.000000e+00
    319 +0.000000e+00 +1.698491e-02 +9.568095e+01 +0.000000e+00
    320 +0.000000e+00 +1.598580e-02 +9.618387e+01 +0.000000e+00
    321 +0.000000e+00 +1.498668e-02 +9.674150e+01 +0.000000e+00
    322 +0.000000e+00 +1.398757e-02 +9.735436e+01 +0.000000e+00
    323 +0.000000e+00 +1.298846e-02 +9.802307e+01 +0.000000e+00
    324 +0.000000e+00 +1.198935e-02 +9.874860e+01 +0.000000e+00
    325 +0.000000e+00 +1.099024e-02 +9.953245e+01 +0.000000e+00
    326 +0.000000e+00 +9.991123e-03 +1.003761e+02 +0.000000e+00
    327 +0.000000e+00 +8.992011e-03 +1.012809e+02 +0.000000e+00
    328 +0.000000e+00 +7.992898e-03 +1.022474e+02 +0.000000e+00
    329 +0.000000e+00 +6.993786e-03 +1.032758e+02 +0.000000e+00
    330 +0.000000e+00 +5.994674e-03 +1.043584e+02 +0.000000e+00
    331 +0.000000e+00 +4.995562e-03 +1.054065e+02 +0.000000e+00
    332 +0.000000e+00 +3.996449e-03 +1.062035e+02 +0.000000e+00
    333 +0.000000e+00 +2.997337e-03 +1.068003e+02 +0.000000e+00
    334 +0.000000e+00 +1.998225e-03 +1.073202e+02 +0.000000e+00
    335 +0.000000e+00 +9.991123e-04 +1.078088e+02 +0.000000e+00
    336 +0.000000e+00 +0.000000e+00 +1.082809e+02 +0.000000e+00

%_intp_ ______x1_____ ______x2_____ ______T______ _____qx1_____ _____qx2_____
      1 +1.400000e-02 +5.000000e-04 +1.071516e+02 +9.026017e+03 +2.330293e+04
      2 +1.400000e-02 +6.379310e-04 +1.070873e+02 +9.064729e+03 +2.330604e+04
      3 +1.400000e-02 +7.758621e-04 +1.070230e+02 +9.112423e+03 +2.331000e+04
      4 +1.400000e-02 +9.137931e-04 +1.069587e+02 +9.169787e+03 +2.331497e+04
      5 +1.400000e-02 +1.051724e-03 +1.068943e+02 +9.237511e+03 +2.332109e+04
      6 +1.400000e-02 +1.189655e-03 +1.068300e+02 +9.316346e+03 +2.332846e+04
      7 +1.400000e-02 +1.327586e-03 +1.067656e+02 +9.407145e+03 +2.333713e+04
      8 +1.400000e-02 +1.465517e-03 +1.067012e+02 +9.510895e+03 +2.334709e+04
      9 +1.400000e-02 +1.603448e-03 +1.066368e+02 +9.628749e+03 +2.335823e+04
     10 +1.400000e-02 +1.741379e-03 +1.065724e+02 +9.762053e+03 +2.337033e+04
     11 +1.400000e-02 +1.879310e-03 +1.065079e+02 +9.912384e+03 +2.338301e+04
     12 +1.400000e-02 +2.017241e-03 +1.064434e+02 +1.008159e+04 +2.339569e+04
     13 +1.400000e-02 +2.155172e-03 +1.063788e+02 +1.027181e+04 +2.340748e+04
     14 +1.400000e-02 +2.293103e-03 +1.063142e+02 +1.048558e+04 +2.341712e+04
     15 +1.400000e-02 +2.431034e-03 +1.062496e+02 +1.072580e+04 +2.342285e+04
     16 +1.400000e-02 +2.568966e-03 +1.061850e+02 +1.099591e+04 +2.342221e+04
     17 +1.400000e-02 +2.706897e-03 +1.061204e+02 +1.129984e+04 +2.341187e+04
     18 +1.400000e-02 +2.844828e-03 +1.060558e+02 +1.164219e+04 +2.338729e+04
     19 +1.400000e-02 +2.982759e-03 +1.059914e+02 +1.202826e+04 +2.334234e+04
     20 +1.400000e-02 +3.120690e-03 +1.059271e+02 +1.246409e+04 +2.326882e+04
     21 +1.400000e-02 +3.258621e-03 +1.058630e+02 +1.295656e+04 +2.315577e+04
     22 +1.400000e-02 +3.396552e-03 +1.057994e+02 +1.351335e+04 +2.298861e+04
     23 +1.400000e-02 +3.534483e-03 +1.057363e+02 +1.414283e+04 +2.274802e+04
     24 +1.400000e-02 +3.672414e-03 +1.056740e+02 +1.485384e+04 +2.240849e+04
     25 +1.400000e-02 +3.810345e-03 +1.056128e+02 +1.565510e+04 +2.193651e+04
     26 +1.400000e-02 +3.948276e-03 +1.055531e+02 +1.655434e+04 +2.128821e+04
     27 +1.400000e-02 +4.086207e-03 +1.054955e+02 +1.755665e+04 +2.040636e+04
     28 +1.400000e-02 +4.224138e-03 +1.054408e+02 +1.866218e+04 +1.921621e+04
     29 +1.400000e-02 +4.362069e-03 +1.053899e+02 +1.986275e+04 +1.761849e+04
     30 +1.400000e-02 +4.500000e-03 +1.053441e+02 +2.113803e+04 +1.547398e+04

