%_node_ ______x1_____ ______x2_____ ______T______ ______q______
      1 +0.000000e+00 +0.000000e+00 +9.563060e+01 -2.329200e+04
      2 +1.000000e-03 +0.000000e+00 +9.563078e+01 -2.329200e+04
      3 +2.000000e-03 +0.000000e+00 +9.563175e+01 -2.329200e+04
      4 +3.000000e-03 +0.000000e+00 +9.563181e+01 -2.329200e+04
      5 +4.000000e-03 +0.000000e+00 +9.563005e+01 -2.329200e+04
      6 +5.000000e-03 +0.000000e+00 +9.562679e+01 -2.329200e+04
      7 +6.000000e-03 +0.000000e+00 +9.562333e+01 -2.329200e+04
      8 +7.000000e-03 +0.000000e+00 +9.562135e+01 -2.329200e+04
      9 +8.000000e-03 +0.000000e+00 +9.562197e+01 -2.329200e+04
     10 +9.000000e-03 +0.000000e+00 +9.562546e+01 -2.329200e+04
     11 +1.000000e-02 +0.000000e+00 +9.563161e+01 -2.329200e+04
     12 +1.100000e-02 +0.000000e+00 +9.563958e+01 -2.329200e+04
     13 +1.200000e-02 +0.000000e+00 +9.564773e+01 -2.329200e+04
     14 +1.300000e-02 +0.000000e+00 +9.565341e+01 -2.329200e+04
     15 +1.400000e-02 +0.000000e+00 +9.565260e+01 -2.329200e+04
     16 +1.500000e-02 +0.000000e+00 +9.564083e+01 -2.329200e+04
     17 +1.600000e-02 +0.000000e+00 +9.561555e+01 -2.329200e+04
     18 +1.700000e-02 +0.000000e+00 +9.557801e+01 -2.329200e+04
     19 +1.800000e-02 +0.000000e+00 +9.553316e+01 -2.329200e+04
     20 +1.900000e-02 +0.000000e+00 +9.548751e+01 -2.329200e+04
     21 +2.000000e-02 +0.000000e+00 +9.544647e+01 -2.329200e+04
     22 +2.100000e-02 +0.000000e+00 +9.541323e+01 -2.329200e+04
     23 +2.200000e-02 +0.000000e+00 +9.538884e+01 -2.329200e+04
     24 +2.300000e-02 +0.000000e+00 +9.537239e+01 -2.329200e+04
     25 +2.400000e-02 +0.000000e+00 +9.536167e+01 -2.329200e+04
     26 +2.500000e-02 +0.000000e+00 +9.535443e+01 -2.329200e+04
     27 +2.600000e-02 +0.000000e+00 +9.534921e+01 -2.329200e+04
     28 +2.700000e-02 +0.000000e+00 +9.534572e+01 -2.329200e+04
     29 +2.800000e-02 +0.000000e+00 +9.534482e+01 -2.329200e+04
     30 +2.800000e-02 +0.000000e+00 +9.534482e+01 +0.000000e+00
     31 +2.800000e-02 +1.019114e-03 +9.486842e+01 +0.000000e+00
     32 +2.800000e-02 +2.038228e-03 +9.438781e+01 +0.000000e+00
     33 +2.800000e-02 +3.057342e-03 +9.389668e+01 +0.000000e+00
     34 +2.800000e-02 +4.076456e-03 +9.336689e+01 +0.000000e+00
     35 +2.800000e-02 +5.095570e-03 +9.270475e+01 +0.000000e+00
     36 +2.800000e-02 +6.114685e-03 +9.187821e+01 +0.000000e+00
     37 +2.800000e-02 +7.133799e-03 +9.104227e+01 +0.000000e+00
     38 +2.800000e-02 +8.152913e-03 +9.025128e+01 +0.000000e+00
     39 +2.800000e-02 +9.172027e-03 +8.950986e+01 +0.000000e+00
     40 +2.800000e-02 +1.019114e-02 +8.881796e+01 +0.000000e+00
     41 +2.800000e-02 +1.121026e-02 +8.817497e+01 +0.000000e+00
     42 +2.800000e-02 +1.222937e-02 +8.758017e+01 +0.000000e+00
     43 +2.800000e-02 +1.324848e-02 +8.703287e+01 +0.000000e+00
     44 +2.800000e-02 +1.426760e-02 +8.653241e+01 +0.000000e+00
     45 +2.800000e-02 +1.528671e-02 +8.607818e+01 +0.000000e+00
     46 +2.800000e-02 +1.630583e-02 +8.566960e+01 +0.000000e+00
     47 +2.800000e-02 +1.732494e-02 +8.530612e+01 +0.000000e+00
     48 +2.800000e-02 +1.834405e-02 +8.498702e+01 +0.000000e+00
     49 +2.800000e-02 +1.936317e-02 +8.471148e+01 +0.000000e+00
     50 +2.800000e-02 +2.038228e-02 +8.447877e+01 +0.000000e+00
     51 +2.800000e-02 +2.140140e-02 +8.428856e+01 +0.000000e+00
     52 +2.800000e-02 +2.242051e-02 +8.414064e+01 +0.000000e+00
     53 +2.800000e-02 +2.343962e-02 +8.403476e+01 +0.000000e+00
     54 +2.800000e-02 +2.445874e-02 +8.397204e+01 +0.000000e+00
     55 +2.800000e-02 +2.445874e-02 +8.397204e+01 +2.038322e+03
     56 +2.700000e-02 +2.445874e-02 +8.395163e+01 +2.037098e+03
     57 +2.700000e-02 +2.445874e-02 +8.395163e+01 +2.037098e+03
     58 +2.700000e-02 +2.343459e-02 +8.401472e+01 +2.040883e+03
     59 +2.700000e-02 +2.241045e-02 +8.412137e+01 +2.047282e+03
     60 +2.700000e-02 +2.138631e-02 +8.427049e+01 +2.056229e+03
     61 +2.700000e-02 +2.036216e-02 +8.446233e+01 +2.067740e+03
     62 +2.700000e-02 +1.933802e-02 +8.469702e+01 +2.081821e+03
     63 +2.700000e-02 +1.831387e-02 +8.497472e+01 +2.098483e+03
     64 +2.700000e-02 +1.728973e-02 +8.529634e+01 +2.117781e+03
     65 +2.700000e-02 +1.626559e-02 +8.566297e+01 +2.139778e+03
     66 +2.700000e-02 +1.524144e-02 +8.607521e+01 +2.164512e+03
     67 +2.700000e-02 +1.421730e-02 +8.653356e+01 +2.192013e+03
     68 +2.700000e-02 +1.319315e-02 +8.703859e+01 +2.222315e+03
     69 +2.700000e-02 +1.216901e-02 +8.759093e+01 +2.255456e+03
     70 +2.700000e-02 +1.114486e-02 +8.819123e+01 +2.291474e+03
     71 +2.700000e-02 +1.012072e-02 +8.884021e+01 +2.330413e+03
     72 +2.700000e-02 +9.096576e-03 +8.953860e+01 +2.372316e+03
     73 +2.700000e-02 +8.072432e-03 +9.028706e+01 +2.417224e+03
     74 +2.700000e-02 +7.048288e-03 +9.108609e+01 +2.465165e+03
     75 +2.700000e-02 +6.024144e-03 +9.193806e+01 +2.516284e+03
     76 +2.700000e-02 +5.000000e-03 +9.293130e+01 +2.575878e+03
     77 +2.700000e-02 +5.000000e-03 +9.293130e+01 +2.575878e+03
     78 +2.600000e-02 +5.000000e-03 +9.327974e+01 +2.596784e+03
     79 +2.500000e-02 +5.000000e-03 +9.291973e+01 +2.575184e+03
     80 +2.500000e-02 +5.000000e-03 +9.291973e+01 +2.575184e+03
     81 +2.500000e-02 +6.021533e-03 +9.170526e+01 +2.502316e+03
     82 +2.500000e-02 +7.043065e-03 +9.061472e+01 +2.436883e+03
     83 +2.500000e-02 +8.064598e-03 +8.961866e+01 +2.377119e+03
     84 +2.500000e-02 +9.086131e-03 +8.871929e+01 +2.323158e+03
     85 +2.500000e-02 +1.010766e-02 +8.791547e+01 +2.274928e+03
     86 +2.500000e-02 +1.112920e-02 +8.720542e+01 +2.232325e+03
     87 +2.500000e-02 +1.215073e-02 +8.658743e+01 +2.195246e+03
     88 +2.500000e-02 +1.317226e-02 +8.605998e+01 +2.163599e+03
     89 +2.500000e-02 +1.419379e-02 +8.562173e+01 +2.137304e+03
     90 +2.500000e-02 +1.521533e-02 +8.527158e+01 +2.116295e+03
     91 +2.500000e-02 +1.623686e-02 +8.500864e+01 +2.100519e+03
     92 +2.500000e-02 +1.725839e-02 +8.483216e+01 +2.089930e+03
     93 +2.500000e-02 +1.827993e-02 +8.474473e+01 +2.084684e+03
     94 +2.500000e-02 +1.827993e-02 +8.474473e+01 +2.084684e+03
     95 +2.400000e-02 +1.827993e-02 +8.474409e+01 +2.084645e+03
     96 +2.400000e-02 +1.827993e-02 +8.474409e+01 +2.084645e+03
     97 +2.400000e-02 +1.725839e-02 +8.483186e+01 +2.089912e+03
     98 +2.400000e-02 +1.623686e-02 +8.500835e+01 +2.100501e+03
     99 +2.400000e-02 +1.521533e-02 +8.527128e+01 +2.116277e+03
    100 +2.400000e-02 +1.419379e-02 +8.562141e+01 +2.137285e+03
    101 +2.400000e-02 +1.317226e-02 +8.605965e+01 +2.163579e+03
    102 +2.400000e-02 +1.215073e-02 +8.658709e+01 +2.195225e+03
    103 +2.400000e-02 +1.112920e-02 +8.720506e+01 +2.232303e+03
    104 +2.400000e-02 +1.010766e-02 +8.791509e+01 +2.274906e+03
    105 +2.400000e-02 +9.086131e-03 +8.871893e+01 +2.323136e+03
    106 +2.400000e-02 +8.064598e-03 +8.961838e+01 +2.377103e+03
    107 +2.400000e-02 +7.043065e-03 +9.061482e+01 +2.436889e+03
    108 +2.400000e-02 +6.021533e-03 +9.170605e+01 +2.502363e+03
    109 +2.400000e-02 +5.000000e-03 +9.291334e+01 +2.574801e+03
    110 +2.400000e-02 +5.000000e-03 +9.291334e+01 +2.574801e+03
    111 +2.300000e-02 +5.000000e-03 +9.324030e+01 +2.594418e+03
    112 +2.200000e-02 +5.000000e-03 +9.275357e+01 +2.565214e+03
    113 +2.200000e-02 +5.000000e-03 +9.275357e+01 +2.565214e+03
    114 +2.200000e-02 +5.994875e-03 +9.124735e+01 +2.474841e+03
    115 +2.200000e-02 +6.989749e-03 +8.986397e+01 +2.391838e+03
    116 +2.200000e-02 +7.984624e-03 +8.856775e+01 +2.314065e+03
    117 +2.200000e-02 +8.979499e-03 +8.736158e+01 +2.241695e+03
    118 +2.200000e-02 +9.974373e-03 +8.624394e+01 +2.174636e+03
    119 +2.200000e-02 +1.096925e-02 +8.521246e+01 +2.112748e+03
    120 +2.200000e-02 +1.196412e-02 +8.426479e+01 +2.055888e+03
    121 +2.200000e-02 +1.295900e-02 +8.339870e+01 +2.003922e+03
    122 +2.200000e-02 +1.395387e-02 +8.261215e+01 +1.956729e+03
    123 +2.200000e-02 +1.494875e-02 +8.190329e+01 +1.914197e+03
    124 +2.200000e-02 +1.594362e-02 +8.127045e+01 +1.876227e+03
    125 +2.200000e-02 +1.693850e-02 +8.071215e+01 +1.842729e+03
    126 +2.200000e-02 +1.793337e-02 +8.022704e+01 +1.813622e+03
    127 +2.200000e-02 +1.892825e-02 +7.981355e+01 +1.788813e+03
    128 +2.200000e-02 +1.992312e-02 +7.947005e+01 +1.768203e+03
    129 +2.200000e-02 +2.091799e-02 +7.919570e+01 +1.751742e+03
    130 +2.200000e-02 +2.191287e-02 +7.899002e+01 +1.739401e+03
    131 +2.200000e-02 +2.290774e-02 +7.885245e+01 +1.731147e+03
    132 +2.200000e-02 +2.390262e-02 +7.878474e+01 +1.727084e+03
    133 +2.200000e-02 +2.390262e-02 +7.878474e+01 +1.727084e+03
    134 +2.100000e-02 +2.390262e-02 +7.878477e+01 +1.727086e+03
    135 +2.100000e-02 +2.390262e-02 +7.878477e+01 +1.727086e+03
    136 +2.100000e-02 +2.290774e-02 +7.885224e+01 +1.731135e+03
    137 +2.100000e-02 +2.191287e-02 +7.898973e+01 +1.739384e+03
    138 +2.100000e-02 +2.091799e-02 +7.919536e+01 +1.751721e+03
    139 +2.100000e-02 +1.992312e-02 +7.946964e+01 +1.768178e+03
    140 +2.100000e-02 +1.892825e-02 +7.981318e+01 +1.788791e+03
    141 +2.100000e-02 +1.793337e-02 +8.022692e+01 +1.813615e+03
    142 +2.100000e-02 +1.693850e-02 +8.071223e+01 +1.842734e+03
    143 +2.100000e-02 +1.594362e-02 +8.127057e+01 +1.876234e+03
    144 +2.100000e-02 +1.494875e-02 +8.190341e+01 +1.914205e+03
    145 +2.100000e-02 +1.395387e-02 +8.261227e+01 +1.956736e+03
    146 +2.100000e-02 +1.295900e-02 +8.339882e+01 +2.003929e+03
    147 +2.100000e-02 +1.196412e-02 +8.426490e+01 +2.055894e+03
    148 +2.100000e-02 +1.096925e-02 +8.521256e+01 +2.112754e+03
    149 +2.100000e-02 +9.974373e-03 +8.624403e+01 +2.174642e+03
    150 +2.100000e-02 +8.979499e-03 +8.736168e+01 +2.241701e+03
    151 +2.100000e-02 +7.984624e-03 +8.856788e+01 +2.314073e+03
    152 +2.100000e-02 +6.989749e-03 +8.986424e+01 +2.391854e+03
    153 +2.100000e-02 +5.994875e-03 +9.124815e+01 +2.474889e+03
    154 +2.100000e-02 +5.000000e-03 +9.276028e+01 +2.565617e+03
    155 +2.100000e-02 +5.000000e-03 +9.276028e+01 +2.565617e+03
    156 +2.000000e-02 +5.000000e-03 +9.326464e+01 +2.595878e+03
    157 +1.900000e-02 +5.000000e-03 +9.288229e+01 +2.572937e+03
    158 +1.900000e-02 +5.000000e-03 +9.288229e+01 +2.572937e+03
    159 +1.900000e-02 +5.989510e-03 +9.141005e+01 +2.484603e+03
    160 +1.900000e-02 +6.979019e-03 +9.003426e+01 +2.402055e+03
    161 +1.900000e-02 +7.968529e-03 +8.874539e+01 +2.324723e+03
    162 +1.900000e-02 +8.958038e-03 +8.754634e+01 +2.252780e+03
    163 +1.900000e-02 +9.947548e-03 +8.643526e+01 +2.186115e+03
    164 +1.900000e-02 +1.093706e-02 +8.540955e+01 +2.124573e+03
    165 +1.900000e-02 +1.192657e-02 +8.446653e+01 +2.067992e+03
    166 +1.900000e-02 +1.291608e-02 +8.360380e+01 +2.016228e+03
    167 +1.900000e-02 +1.390559e-02 +8.281949e+01 +1.969170e+03
    168 +1.900000e-02 +1.489510e-02 +8.211197e+01 +1.926718e+03
    169 +1.900000e-02 +1.588460e-02 +8.147974e+01 +1.888784e+03
    170 +1.900000e-02 +1.687411e-02 +8.092140e+01 +1.855284e+03
    171 +1.900000e-02 +1.786362e-02 +8.043568e+01 +1.826141e+03
    172 +1.900000e-02 +1.885313e-02 +8.002143e+01 +1.801286e+03
    173 +1.900000e-02 +1.984264e-02 +7.967761e+01 +1.780657e+03
    174 +1.900000e-02 +2.083215e-02 +7.940333e+01 +1.764200e+03
    175 +1.900000e-02 +2.182166e-02 +7.919783e+01 +1.751870e+03
    176 +1.900000e-02 +2.281117e-02 +7.906039e+01 +1.743623e+03
    177 +1.900000e-02 +2.380068e-02 +7.899281e+01 +1.739569e+03
    178 +1.900000e-02 +2.380068e-02 +7.899281e+01 +1.739569e+03
    179 +1.800000e-02 +2.380068e-02 +7.899295e+01 +1.739577e+03
    180 +1.800000e-02 +2.380068e-02 +7.899295e+01 +1.739577e+03
    181 +1.800000e-02 +2.281117e-02 +7.906062e+01 +1.743637e+03
    182 +1.800000e-02 +2.182166e-02 +7.919805e+01 +1.751883e+03
    183 +1.800000e-02 +2.083215e-02 +7.940349e+01 +1.764210e+03
    184 +1.800000e-02 +1.984264e-02 +7.967771e+01 +1.780663e+03
    185 +1.800000e-02 +1.885313e-02 +8.002149e+01 +1.801289e+03
    186 +1.800000e-02 +1.786362e-02 +8.043572e+01 +1.826143e+03
    187 +1.800000e-02 +1.687411e-02 +8.092144e+01 +1.855286e+03
    188 +1.800000e-02 +1.588460e-02 +8.147979e+01 +1.888788e+03
    189 +1.800000e-02 +1.489510e-02 +8.211207e+01 +1.926724e+03
    190 +1.800000e-02 +1.390559e-02 +8.281969e+01 +1.969181e+03
    191 +1.800000e-02 +1.291608e-02 +8.360413e+01 +2.016248e+03
    192 +1.800000e-02 +1.192657e-02 +8.446696e+01 +2.068018e+03
    193 +1.800000e-02 +1.093706e-02 +8.540988e+01 +2.124593e+03
    194 +1.800000e-02 +9.947548e-03 +8.643534e+01 +2.186120e+03
    195 +1.800000e-02 +8.958038e-03 +8.754630e+01 +2.252778e+03
    196 +1.800000e-02 +7.968529e-03 +8.874521e+01 +2.324712e+03
    197 +1.800000e-02 +6.979019e-03 +9.003351e+01 +2.402010e+03
    198 +1.800000e-02 +5.989510e-03 +9.140947e+01 +2.484568e+03
    199 +1.800000e-02 +5.000000e-03 +9.294577e+01 +2.576746e+03
    200 +1.800000e-02 +5.000000e-03 +9.294577e+01 +2.576746e+03
    201 +1.700000e-02 +5.000000e-03 +9.359056e+01 +2.615434e+03
    202 +1.600000e-02 +5.000000e-03 +9.357026e+01 +2.614216e+03
    203 +1.600000e-02 +5.000000e-03 +9.357026e+01 +2.614216e+03
    204 +1.600000e-02 +5.961111e-03 +9.302414e+01 +2.581448e+03
    205 +1.600000e-02 +6.922221e-03 +9.255822e+01 +2.553493e+03
    206 +1.600000e-02 +7.883332e-03 +9.218093e+01 +2.530856e+03
    207 +1.600000e-02 +8.844442e-03 +9.189583e+01 +2.513750e+03
    208 +1.600000e-02 +9.805553e-03 +9.170311e+01 +2.502186e+03
    209 +1.600000e-02 +1.076666e-02 +9.160611e+01 +2.496366e+03
    210 +1.600000e-02 +1.076666e-02 +9.160611e+01 +2.496366e+03
    211 +1.500000e-02 +1.076666e-02 +9.160604e+01 +2.496362e+03
    212 +1.500000e-02 +1.076666e-02 +9.160604e+01 +2.496362e+03
    213 +1.500000e-02 +9.805553e-03 +9.170308e+01 +2.502185e+03
    214 +1.500000e-02 +8.844442e-03 +9.189580e+01 +2.513748e+03
    215 +1.500000e-02 +7.883332e-03 +9.218088e+01 +2.530853e+03
    216 +1.500000e-02 +6.922221e-03 +9.255806e+01 +2.553484e+03
    217 +1.500000e-02 +5.961111e-03 +9.302438e+01 +2.581463e+03
    218 +1.500000e-02 +5.000000e-03 +9.359315e+01 +2.615589e+03
    219 +1.500000e-02 +5.000000e-03 +9.359315e+01 +2.615589e+03
    220 +1.400000e-02 +5.000000e-03 +9.370350e+01 +2.622210e+03
    221 +1.300000e-02 +5.000000e-03 +9.318653e+01 +2.591192e+03
    222 +1.300000e-02 +5.000000e-03 +9.318653e+01 +2.591192e+03
    223 +1.300000e-02 +5.990400e-03 +9.181428e+01 +2.508857e+03
    224 +1.300000e-02 +6.980800e-03 +9.058301e+01 +2.434981e+03
    225 +1.300000e-02 +7.971200e-03 +8.944107e+01 +2.366464e+03
    226 +1.300000e-02 +8.961600e-03 +8.839043e+01 +2.303426e+03
    227 +1.300000e-02 +9.952000e-03 +8.742982e+01 +2.245789e+03
    228 +1.300000e-02 +1.094240e-02 +8.655712e+01 +2.193427e+03
    229 +1.300000e-02 +1.193280e-02 +8.576971e+01 +2.146183e+03
    230 +1.300000e-02 +1.292320e-02 +8.506551e+01 +2.103930e+03
    231 +1.300000e-02 +1.391360e-02 +8.444317e+01 +2.066590e+03
    232 +1.300000e-02 +1.490400e-02 +8.390153e+01 +2.034092e+03
    233 +1.300000e-02 +1.589440e-02 +8.343947e+01 +2.006368e+03
    234 +1.300000e-02 +1.688480e-02 +8.305598e+01 +1.983359e+03
    235 +1.300000e-02 +1.787520e-02 +8.275015e+01 +1.965009e+03
    236 +1.300000e-02 +1.886560e-02 +8.252115e+01 +1.951269e+03
    237 +1.300000e-02 +1.985600e-02 +8.236800e+01 +1.942080e+03
    238 +1.300000e-02 +2.084640e-02 +8.229222e+01 +1.937533e+03
    239 +1.300000e-02 +2.084640e-02 +8.229222e+01 +1.937533e+03
    240 +1.200000e-02 +2.084640e-02 +8.229310e+01 +1.937586e+03
    241 +1.200000e-02 +2.084640e-02 +8.229310e+01 +1.937586e+03
    242 +1.200000e-02 +1.985600e-02 +8.236828e+01 +1.942097e+03
    243 +1.200000e-02 +1.886560e-02 +8.252119e+01 +1.951271e+03
    244 +1.200000e-02 +1.787520e-02 +8.275010e+01 +1.965006e+03
    245 +1.200000e-02 +1.688480e-02 +8.305592e+01 +1.983355e+03
    246 +1.200000e-02 +1.589440e-02 +8.343939e+01 +2.006363e+03
    247 +1.200000e-02 +1.490400e-02 +8.390141e+01 +2.034084e+03
    248 +1.200000e-02 +1.391360e-02 +8.444296e+01 +2.066578e+03
    249 +1.200000e-02 +1.292320e-02 +8.506517e+01 +2.103910e+03
    250 +1.200000e-02 +1.193280e-02 +8.576927e+01 +2.146156e+03
    251 +1.200000e-02 +1.094240e-02 +8.655679e+01 +2.193408e+03
    252 +1.200000e-02 +9.952000e-03 +8.742974e+01 +2.245785e+03
    253 +1.200000e-02 +8.961600e-03 +8.839047e+01 +2.303428e+03
    254 +1.200000e-02 +7.971200e-03 +8.944122e+01 +2.366473e+03
    255 +1.200000e-02 +6.980800e-03 +9.058357e+01 +2.435014e+03
    256 +1.200000e-02 +5.990400e-03 +9.181512e+01 +2.508907e+03
    257 +1.200000e-02 +5.000000e-03 +9.315690e+01 +2.589414e+03
    258 +1.200000e-02 +5.000000e-03 +9.315690e+01 +2.589414e+03
    259 +1.100000e-02 +5.000000e-03 +9.354413e+01 +2.612648e+03
    260 +1.000000e-02 +5.000000e-03 +9.313555e+01 +2.588133e+03
    261 +1.000000e-02 +5.000000e-03 +9.313555e+01 +2.588133e+03
    262 +1.000000e-02 +5.974141e-03 +9.187009e+01 +2.512206e+03
    263 +1.000000e-02 +6.948282e-03 +9.072416e+01 +2.443450e+03
    264 +1.000000e-02 +7.922423e-03 +8.966415e+01 +2.379849e+03
    265 +1.000000e-02 +8.896564e-03 +8.869299e+01 +2.321580e+03
    266 +1.000000e-02 +9.870705e-03 +8.780972e+01 +2.268583e+03
    267 +1.000000e-02 +1.084485e-02 +8.701260e+01 +2.220756e+03
    268 +1.000000e-02 +1.181899e-02 +8.629987e+01 +2.177992e+03
    269 +1.000000e-02 +1.279313e-02 +8.566991e+01 +2.140195e+03
    270 +1.000000e-02 +1.376727e-02 +8.512128e+01 +2.107277e+03
    271 +1.000000e-02 +1.474141e-02 +8.465273e+01 +2.079164e+03
    272 +1.000000e-02 +1.571555e-02 +8.426318e+01 +2.055791e+03
    273 +1.000000e-02 +1.668969e-02 +8.395172e+01 +2.037103e+03
    274 +1.000000e-02 +1.766383e-02 +8.371764e+01 +2.023058e+03
    275 +1.000000e-02 +1.863797e-02 +8.356027e+01 +2.013616e+03
    276 +1.000000e-02 +1.961211e-02 +8.348207e+01 +2.008924e+03
    277 +1.000000e-02 +1.961211e-02 +8.348207e+01 +2.008924e+03
    278 +9.000000e-03 +1.961211e-02 +8.348201e+01 +2.008920e+03
    279 +9.000000e-03 +1.961211e-02 +8.348201e+01 +2.008920e+03
    280 +9.000000e-03 +1.863797e-02 +8.356026e+01 +2.013616e+03
    281 +9.000000e-03 +1.766383e-02 +8.371763e+01 +2.023058e+03
    282 +9.000000e-03 +1.668969e-02 +8.395171e+01 +2.037103e+03
    283 +9.000000e-03 +1.571555e-02 +8.426316e+01 +2.055790e+03
    284 +9.000000e-03 +1.474141e-02 +8.465271e+01 +2.079163e+03
    285 +9.000000e-03 +1.376727e-02 +8.512126e+01 +2.107276e+03
    286 +9.000000e-03 +1.279313e-02 +8.566989e+01 +2.140193e+03
    287 +9.000000e-03 +1.181899e-02 +8.629985e+01 +2.177991e+03
    288 +9.000000e-03 +1.084485e-02 +8.701258e+01 +2.220755e+03
    289 +9.000000e-03 +9.870705e-03 +8.780970e+01 +2.268582e+03
    290 +9.000000e-03 +8.896564e-03 +8.869298e+01 +2.321579e+03
    291 +9.000000e-03 +7.922423e-03 +8.966414e+01 +2.379848e+03
    292 +9.000000e-03 +6.948282e-03 +9.072417e+01 +2.443450e+03
    293 +9.000000e-03 +5.974141e-03 +9.186996e+01 +2.512198e+03
    294 +9.000000e-03 +5.000000e-03 +9.312860e+01 +2.587716e+03
    295 +9.000000e-03 +5.000000e-03 +9.312860e+01 +2.587716e+03
    296 +8.000000e-03 +5.000000e-03 +9.350990e+01 +2.610594e+03
    297 +7.000000e-03 +5.000000e-03 +9.308962e+01 +2.585377e+03
    298 +7.000000e-03 +5.000000e-03 +9.308962e+01 +2.585377e+03
    299 +7.000000e-03 +6.001173e-03 +9.171903e+01 +2.503142e+03
    300 +7.000000e-03 +7.002347e-03 +9.046839e+01 +2.428104e+03
    301 +7.000000e-03 +8.003520e-03 +8.930827e+01 +2.358496e+03
    302 +7.000000e-03 +9.004694e-03 +8.824122e+01 +2.294473e+03
    303 +7.000000e-03 +1.000587e-02 +8.726582e+01 +2.235949e+03
    304 +7.000000e-03 +1.100704e-02 +8.637998e+01 +2.182799e+03
    305 +7.000000e-03 +1.200821e-02 +8.558165e+01 +2.134899e+03
    306 +7.000000e-03 +1.300939e-02 +8.486894e+01 +2.092137e+03
    307 +7.000000e-03 +1.401056e-02 +8.424016e+01 +2.054410e+03
    308 +7.000000e-03 +1.501173e-02 +8.369380e+01 +2.021628e+03
    309 +7.000000e-03 +1.601291e-02 +8.322849e+01 +1.993709e+03
    310 +7.000000e-03 +1.701408e-02 +8.284291e+01 +1.970575e+03
    311 +7.000000e-03 +1.801525e-02 +8.253575e+01 +1.952145e+03
    312 +7.000000e-03 +1.901643e-02 +8.230591e+01 +1.938354e+03
    313 +7.000000e-03 +2.001760e-02 +8.215242e+01 +1.929145e+03
    314 +7.000000e-03 +2.101878e-02 +8.207698e+01 +1.924619e+03
    315 +7.000000e-03 +2.101878e-02 +8.207698e+01 +1.924619e+03
    316 +6.000000e-03 +2.101878e-02 +8.207648e+01 +1.924589e+03
    317 +6.000000e-03 +2.101878e-02 +8.207648e+01 +1.924589e+03
    318 +6.000000e-03 +2.001760e-02 +8.215235e+01 +1.929141e+03
    319 +6.000000e-03 +1.901643e-02 +8.230619e+01 +1.938371e+03
    320 +6.000000e-03 +1.801525e-02 +8.253619e+01 +1.952171e+03
    321 +6.000000e-03 +1.701408e-02 +8.284320e+01 +1.970592e+03
    322 +6.000000e-03 +1.601291e-02 +8.322853e+01 +1.993712e+03
    323 +6.000000e-03 +1.501173e-02 +8.369374e+01 +2.021625e+03
    324 +6.000000e-03 +1.401056e-02 +8.424009e+01 +2.054406e+03
    325 +6.000000e-03 +1.300939e-02 +8.486887e+01 +2.092132e+03
    326 +6.000000e-03 +1.200821e-02 +8.558158e+01 +2.134895e+03
    327 +6.000000e-03 +1.100704e-02 +8.637991e+01 +2.182795e+03
    328 +6.000000e-03 +1.000587e-02 +8.726575e+01 +2.235945e+03
    329 +6.000000e-03 +9.004694e-03 +8.824116e+01 +2.294469e+03
    330 +6.000000e-03 +8.003520e-03 +8.930818e+01 +2.358491e+03
    331 +6.000000e-03 +7.002347e-03 +9.046820e+01 +2.428092e+03
    332 +6.000000e-03 +6.001173e-03 +9.171876e+01 +2.503125e+03
    333 +6.000000e-03 +5.000000e-03 +9.309800e+01 +2.585880e+03
    334 +6.000000e-03 +5.000000e-03 +9.309800e+01 +2.585880e+03
    335 +5.000000e-03 +5.000000e-03 +9.355472e+01 +2.613283e+03
    336 +4.000000e-03 +5.000000e-03 +9.325526e+01 +2.595315e+03
    337 +4.000000e-03 +5.000000e-03 +9.325526e+01 +2.595315e+03
    338 +4.000000e-03 +5.997776e-03 +9.215501e+01 +2.529301e+03
    339 +4.000000e-03 +6.995552e-03 +9.116699e+01 +2.470019e+03
    340 +4.000000e-03 +7.993329e-03 +9.027069e+01 +2.416241e+03
    341 +4.000000e-03 +8.991105e-03 +8.946852e+01 +2.368111e+03
    342 +4.000000e-03 +9.988881e-03 +8.875946e+01 +2.325568e+03
    343 +4.000000e-03 +1.098666e-02 +8.814200e+01 +2.288520e+03
    344 +4.000000e-03 +1.198443e-02 +8.761472e+01 +2.256883e+03
    345 +4.000000e-03 +1.298221e-02 +8.717637e+01 +2.230582e+03
    346 +4.000000e-03 +1.397999e-02 +8.682588e+01 +2.209553e+03
    347 +4.000000e-03 +1.497776e-02 +8.656241e+01 +2.193745e+03
    348 +4.000000e-03 +1.597554e-02 +8.638523e+01 +2.183114e+03
    349 +4.000000e-03 +1.697331e-02 +8.629672e+01 +2.177803e+03
    350 +4.000000e-03 +1.697331e-02 +8.629672e+01 +2.177803e+03
    351 +3.000000e-03 +1.697331e-02 +8.629758e+01 +2.177855e+03
    352 +3.000000e-03 +1.697331e-02 +8.629758e+01 +2.177855e+03
    353 +3.000000e-03 +1.597554e-02 +8.638562e+01 +2.183137e+03
    354 +3.000000e-03 +1.497776e-02 +8.656280e+01 +2.193768e+03
    355 +3.000000e-03 +1.397999e-02 +8.682628e+01 +2.209577e+03
    356 +3.000000e-03 +1.298221e-02 +8.717677e+01 +2.230606e+03
    357 +3.000000e-03 +1.198443e-02 +8.761514e+01 +2.256909e+03
    358 +3.000000e-03 +1.098666e-02 +8.814243e+01 +2.288546e+03
    359 +3.000000e-03 +9.988881e-03 +8.875990e+01 +2.325594e+03
    360 +3.000000e-03 +8.991105e-03 +8.946896e+01 +2.368137e+03
    361 +3.000000e-03 +7.993329e-03 +9.027105e+01 +2.416263e+03
    362 +3.000000e-03 +6.995552e-03 +9.116705e+01 +2.470023e+03
    363 +3.000000e-03 +5.997776e-03 +9.215461e+01 +2.529277e+03
    364 +3.000000e-03 +5.000000e-03 +9.326048e+01 +2.595629e+03
    365 +3.000000e-03 +5.000000e-03 +9.326048e+01 +2.595629e+03
    366 +2.000000e-03 +5.000000e-03 +9.358393e+01 +2.615036e+03
    367 +1.000000e-03 +5.000000e-03 +9.321542e+01 +2.592925e+03
    368 +1.000000e-03 +5.000000e-03 +9.321542e+01 +2.592925e+03
    369 +1.000000e-03 +5.992280e-03 +9.222889e+01 +2.533733e+03
    370 +1.000000e-03 +6.984560e-03 +9.138405e+01 +2.483043e+03
    371 +1.000000e-03 +7.976841e-03 +9.058981e+01 +2.435389e+03
    372 +1.000000e-03 +8.969121e-03 +8.984338e+01 +2.390603e+03
    373 +1.000000e-03 +9.961401e-03 +8.914432e+01 +2.348659e+03
    374 +1.000000e-03 +1.095368e-02 +8.849198e+01 +2.309519e+03
    375 +1.000000e-03 +1.194596e-02 +8.788571e+01 +2.273142e+03
    376 +1.000000e-03 +1.293824e-02 +8.732483e+01 +2.239490e+03
    377 +1.000000e-03 +1.393052e-02 +8.680872e+01 +2.208523e+03
    378 +1.000000e-03 +1.492280e-02 +8.633679e+01 +2.180207e+03
    379 +1.000000e-03 +1.591508e-02 +8.590849e+01 +2.154509e+03
    380 +1.000000e-03 +1.690736e-02 +8.552323e+01 +2.131394e+03
    381 +1.000000e-03 +1.789964e-02 +8.517995e+01 +2.110797e+03
    382 +1.000000e-03 +1.889192e-02 +8.487768e+01 +2.092661e+03
    383 +1.000000e-03 +1.988420e-02 +8.461611e+01 +2.076967e+03
    384 +1.000000e-03 +2.087648e-02 +8.439507e+01 +2.063704e+03
    385 +1.000000e-03 +2.186876e-02 +8.421433e+01 +2.052860e+03
    386 +1.000000e-03 +2.286104e-02 +8.407358e+01 +2.044415e+03
    387 +1.000000e-03 +2.385332e-02 +8.397253e+01 +2.038352e+03
    388 +1.000000e-03 +2.484560e-02 +8.391233e+01 +2.034740e+03
    389 +1.000000e-03 +2.484560e-02 +8.391233e+01 +2.034740e+03
    390 +0.000000e+00 +2.484560e-02 +8.393258e+01 +2.035955e+03
    391 +0.000000e+00 +2.484560e-02 +8.393258e+01 +0.000000e+00
    392 +0.000000e+00 +2.385178e-02 +8.399299e+01 +0.000000e+00
    393 +0.000000e+00 +2.285796e-02 +8.409437e+01 +0.000000e+00
    394 +0.000000e+00 +2.186413e-02 +8.423558e+01 +0.000000e+00
    395 +0.000000e+00 +2.087031e-02 +8.441694e+01 +0.000000e+00
    396 +0.000000e+00 +1.987648e-02 +8.463871e+01 +0.000000e+00
    397 +0.000000e+00 +1.888266e-02 +8.490114e+01 +0.000000e+00
    398 +0.000000e+00 +1.788884e-02 +8.520449e+01 +0.000000e+00
    399 +0.000000e+00 +1.689501e-02 +8.554924e+01 +0.000000e+00
    400 +0.000000e+00 +1.590119e-02 +8.593615e+01 +0.000000e+00
    401 +0.000000e+00 +1.490736e-02 +8.636611e+01 +0.000000e+00
    402 +0.000000e+00 +1.391354e-02 +8.683980e+01 +0.000000e+00
    403 +0.000000e+00 +1.291971e-02 +8.735785e+01 +0.000000e+00
    404 +0.000000e+00 +1.192589e-02 +8.792084e+01 +0.000000e+00
    405 +0.000000e+00 +1.093207e-02 +8.852941e+01 +0.000000e+00
    406 +0.000000e+00 +9.938242e-03 +8.918425e+01 +0.000000e+00
    407 +0.000000e+00 +8.944418e-03 +8.988601e+01 +0.000000e+00
    408 +0.000000e+00 +7.950593e-03 +9.063523e+01 +0.000000e+00
    409 +0.000000e+00 +6.956769e-03 +9.143169e+01 +0.000000e+00
    410 +0.000000e+00 +5.962945e-03 +9.226851e+01 +0.000000e+00
    411 +0.000000e+00 +4.969121e-03 +9.307714e+01 +0.000000e+00
    412 +0.000000e+00 +3.975297e-03 +9.371066e+01 +0.000000e+00
    413 +0.000000e+00 +2.981473e-03 +9.422310e+01 +0.000000e+00
    414 +0.000000e+00 +1.987648e-03 +9.469971e+01 +0.000000e+00
    415 +0.000000e+00 +9.938242e-04 +9.516662e+01 +0.000000e+00
    416 +0.000000e+00 +0.000000e+00 +9.563060e+01 +0.000000e+00

%_intp_ ______x1_____ ______x2_____ ______T______ _____qx1_____ _____qx2_____
      1 +1.400000e-02 +5.000000e-04 +9.542071e+01 +2.611788e+02 +2.300835e+04
      2 +1.400000e-02 +6.379310e-04 +9.535735e+01 +2.431245e+02 +2.292739e+04
      3 +1.400000e-02 +7.758621e-04 +9.529421e+01 +2.207975e+02 +2.284646e+04
      4 +1.400000e-02 +9.137931e-04 +9.523130e+01 +1.937934e+02 +2.276447e+04
      5 +1.400000e-02 +1.051724e-03 +9.516862e+01 +1.616844e+02 +2.268076e+04
      6 +1.400000e-02 +1.189655e-03 +9.510617e+01 +1.239931e+02 +2.259486e+04
      7 +1.400000e-02 +1.327586e-03 +9.504396e+01 +8.017267e+01 +2.250632e+04
      8 +1.400000e-02 +1.465517e-03 +9.498200e+01 +2.958951e+01 +2.241467e+04
      9 +1.400000e-02 +1.603448e-03 +9.492029e+01 -2.849281e+01 +2.231943e+04
     10 +1.400000e-02 +1.741379e-03 +9.485886e+01 -9.492965e+01 +2.222001e+04
     11 +1.400000e-02 +1.879310e-03 +9.479770e+01 -1.707128e+02 +2.211572e+04
     12 +1.400000e-02 +2.017241e-03 +9.473685e+01 -2.569902e+02 +2.200575e+04
     13 +1.400000e-02 +2.155172e-03 +9.467630e+01 -3.550872e+02 +2.188907e+04
     14 +1.400000e-02 +2.293103e-03 +9.461609e+01 -4.665318e+02 +2.176443e+04
     15 +1.400000e-02 +2.431034e-03 +9.455623e+01 -5.930809e+02 +2.163019e+04
     16 +1.400000e-02 +2.568966e-03 +9.449676e+01 -7.367494e+02 +2.148429e+04
     17 +1.400000e-02 +2.706897e-03 +9.443771e+01 -8.998398e+02 +2.132404e+04
     18 +1.400000e-02 +2.844828e-03 +9.437912e+01 -1.084971e+03 +2.114593e+04
     19 +1.400000e-02 +2.982759e-03 +9.432106e+01 -1.295100e+03 +2.094534e+04
     20 +1.400000e-02 +3.120690e-03 +9.426359e+01 -1.533539e+03 +2.071617e+04
     21 +1.400000e-02 +3.258621e-03 +9.420680e+01 -1.803942e+03 +2.045038e+04
     22 +1.400000e-02 +3.396552e-03 +9.415080e+01 -2.110266e+03 +2.013728e+04
     23 +1.400000e-02 +3.534483e-03 +9.409575e+01 -2.456662e+03 +1.976275e+04
     24 +1.400000e-02 +3.672414e-03 +9.404184e+01 -2.847283e+03 +1.930806e+04
     25 +1.400000e-02 +3.810345e-03 +9.398932e+01 -3.285929e+03 +1.874851e+04
     26 +1.400000e-02 +3.948276e-03 +9.393853e+01 -3.775489e+03 +1.805152e+04
     27 +1.400000e-02 +4.086207e-03 +9.388989e+01 -4.317082e+03 +1.717423e+04
     28 +1.400000e-02 +4.224138e-03 +9.384399e+01 -4.908825e+03 +1.606004e+04
     29 +1.400000e-02 +4.362069e-03 +9.380157e+01 -5.544265e+03 +1.463281e+04
     30 +1.400000e-02 +4.500000e-03 +9.376364e+01 -6.210686e+03 +1.278408e+04

