%_node_ ______x1_____ ______x2_____ ______T______ ______q______
      1 +0.000000e+00 +0.000000e+00 +9.663126e+01 -2.329200e+04
      2 +1.000000e-03 +0.000000e+00 +9.663321e+01 -2.329200e+04
      3 +2.000000e-03 +0.000000e+00 +9.663963e+01 -2.329200e+04
      4 +3.000000e-03 +0.000000e+00 +9.665061e+01 -2.329200e+04
      5 +4.000000e-03 +0.000000e+00 +9.666658e+01 -2.329200e+04
      6 +5.000000e-03 +0.000000e+00 +9.668799e+01 -2.329200e+04
      7 +6.000000e-03 +0.000000e+00 +9.671503e+01 -2.329200e+04
      8 +7.000000e-03 +0.000000e+00 +9.674759e+01 -2.329200e+04
      9 +8.000000e-03 +0.000000e+00 +9.678507e+01 -2.329200e+04
     10 +9.000000e-03 +0.000000e+00 +9.682654e+01 -2.329200e+04
     11 +1.000000e-02 +0.000000e+00 +9.687109e+01 -2.329200e+04
     12 +1.100000e-02 +0.000000e+00 +9.691810e+01 -2.329200e+04
     13 +1.200000e-02 +0.000000e+00 +9.696717e+01 -2.329200e+04
     14 +1.300000e-02 +0.000000e+00 +9.701785e+01 -2.329200e+04
     15 +1.400000e-02 +0.000000e+00 +9.706928e+01 -2.329200e+04
     16 +1.500000e-02 +0.000000e+00 +9.712014e+01 -2.329200e+04
     17 +1.600000e-02 +0.000000e+00 +9.716911e+01 -2.329200e+04
     18 +1.700000e-02 +0.000000e+00 +9.721524e+01 -2.329200e+04
     19 +1.800000e-02 +0.000000e+00 +9.725800e+01 -2.329200e+04
     20 +1.900000e-02 +0.000000e+00 +9.729717e+01 -2.329200e+04
     21 +2.000000e-02 +0.000000e+00 +9.733254e+01 -2.329200e+04
     22 +2.100000e-02 +0.000000e+00 +9.736388e+01 -2.329200e+04
     23 +2.200000e-02 +0.000000e+00 +9.739109e+01 -2.329200e+04
     24 +2.300000e-02 +0.000000e+00 +9.741426e+01 -2.329200e+04
     25 +2.400000e-02 +0.000000e+00 +9.743362e+01 -2.329200e+04
     26 +2.500000e-02 +0.000000e+00 +9.744931e+01 -2.329200e+04
     27 +2.600000e-02 +0.000000e+00 +9.746111e+01 -2.329200e+04
     28 +2.700000e-02 +0.000000e+00 +9.746852e+01 -2.329200e+04
     29 +2.800000e-02 +0.000000e+00 +9.747089e+01 -2.329200e+04
     30 +2.800000e-02 +0.000000e+00 +9.747089e+01 +0.000000e+00
     31 +2.800000e-02 +9.729487e-04 +9.735986e+01 +0.000000e+00
     32 +2.800000e-02 +1.945897e-03 +9.725396e+01 +0.000000e+00
     33 +2.800000e-02 +2.918846e-03 +9.715328e+01 +0.000000e+00
     34 +2.800000e-02 +3.891795e-03 +9.705686e+01 +0.000000e+00
     35 +2.800000e-02 +4.864743e-03 +9.695699e+01 +0.000000e+00
     36 +2.800000e-02 +5.837692e-03 +9.684352e+01 +0.000000e+00
     37 +2.800000e-02 +6.810641e-03 +9.673098e+01 +0.000000e+00
     38 +2.800000e-02 +7.783589e-03 +9.662991e+01 +0.000000e+00
     39 +2.800000e-02 +8.756538e-03 +9.654193e+01 +0.000000e+00
     40 +2.800000e-02 +9.729487e-03 +9.646730e+01 +0.000000e+00
     41 +2.800000e-02 +1.070244e-02 +9.640605e+01 +0.000000e+00
     42 +2.800000e-02 +1.167538e-02 +9.635818e+01 +0.000000e+00
     43 +2.800000e-02 +1.264833e-02 +9.632366e+01 +0.000000e+00
     44 +2.800000e-02 +1.362128e-02 +9.630308e+01 +0.000000e+00
     45 +2.800000e-02 +1.362128e-02 +9.630308e+01 +2.778185e+03
     46 +2.700000e-02 +1.362128e-02 +9.629569e+01 +2.777741e+03
     47 +2.700000e-02 +1.362128e-02 +9.629569e+01 +2.777741e+03
     48 +2.700000e-02 +1.266336e-02 +9.631609e+01 +2.778966e+03
     49 +2.700000e-02 +1.170544e-02 +9.634978e+01 +2.780987e+03
     50 +2.700000e-02 +1.074752e-02 +9.639640e+01 +2.783784e+03
     51 +2.700000e-02 +9.789601e-03 +9.645598e+01 +2.787359e+03
     52 +2.700000e-02 +8.831681e-03 +9.652854e+01 +2.791712e+03
     53 +2.700000e-02 +7.873760e-03 +9.661407e+01 +2.796844e+03
     54 +2.700000e-02 +6.915840e-03 +9.671256e+01 +2.802753e+03
     55 +2.700000e-02 +5.957920e-03 +9.682427e+01 +2.809456e+03
     56 +2.700000e-02 +5.000000e-03 +9.695895e+01 +2.817537e+03
     57 +2.700000e-02 +5.000000e-03 +9.695895e+01 +2.817537e+03
     58 +2.600000e-02 +5.000000e-03 +9.698386e+01 +2.819032e+03
     59 +2.500000e-02 +5.000000e-03 +9.686214e+01 +2.811728e+03
     60 +2.500000e-02 +5.000000e-03 +9.686214e+01 +2.811728e+03
     61 +2.500000e-02 +6.011778e-03 +9.654872e+01 +2.792923e+03
     62 +2.500000e-02 +7.023556e-03 +9.627540e+01 +2.776524e+03
     63 +2.500000e-02 +8.035334e-03 +9.602897e+01 +2.761738e+03
     64 +2.500000e-02 +9.047112e-03 +9.581014e+01 +2.748608e+03
     65 +2.500000e-02 +1.005889e-02 +9.561901e+01 +2.737141e+03
     66 +2.500000e-02 +1.107067e-02 +9.545551e+01 +2.727330e+03
     67 +2.500000e-02 +1.208245e-02 +9.531951e+01 +2.719171e+03
     68 +2.500000e-02 +1.309422e-02 +9.521085e+01 +2.712651e+03
     69 +2.500000e-02 +1.410600e-02 +9.512927e+01 +2.707756e+03
     70 +2.500000e-02 +1.511778e-02 +9.507457e+01 +2.704474e+03
     71 +2.500000e-02 +1.612956e-02 +9.504760e+01 +2.702856e+03
     72 +2.500000e-02 +1.612956e-02 +9.504760e+01 +2.702856e+03
     73 +2.400000e-02 +1.612956e-02 +9.504755e+01 +2.702853e+03
     74 +2.400000e-02 +1.612956e-02 +9.504755e+01 +2.702853e+03
     75 +2.400000e-02 +1.511778e-02 +9.507454e+01 +2.704472e+03
     76 +2.400000e-02 +1.410600e-02 +9.512926e+01 +2.707755e+03
     77 +2.400000e-02 +1.309422e-02 +9.521084e+01 +2.712650e+03
     78 +2.400000e-02 +1.208245e-02 +9.531944e+01 +2.719167e+03
     79 +2.400000e-02 +1.107067e-02 +9.545540e+01 +2.727324e+03
     80 +2.400000e-02 +1.005889e-02 +9.561889e+01 +2.737133e+03
     81 +2.400000e-02 +9.047112e-03 +9.581002e+01 +2.748601e+03
     82 +2.400000e-02 +8.035334e-03 +9.602887e+01 +2.761732e+03
     83 +2.400000e-02 +7.023556e-03 +9.627538e+01 +2.776523e+03
     84 +2.400000e-02 +6.011778e-03 +9.654861e+01 +2.792917e+03
     85 +2.400000e-02 +5.000000e-03 +9.685066e+01 +2.811040e+03
     86 +2.400000e-02 +5.000000e-03 +9.685066e+01 +2.811040e+03
     87 +2.300000e-02 +5.000000e-03 +9.692816e+01 +2.815689e+03
     88 +2.200000e-02 +5.000000e-03 +9.684499e+01 +2.810699e+03
     89 +2.200000e-02 +5.000000e-03 +9.684499e+01 +2.810699e+03
     90 +2.200000e-02 +5.948634e-03 +9.663407e+01 +2.798044e+03
     91 +2.200000e-02 +6.897267e-03 +9.645845e+01 +2.787507e+03
     92 +2.200000e-02 +7.845901e-03 +9.630685e+01 +2.778411e+03
     93 +2.200000e-02 +8.794535e-03 +9.618001e+01 +2.770800e+03
     94 +2.200000e-02 +9.743168e-03 +9.607810e+01 +2.764686e+03
     95 +2.200000e-02 +1.069180e-02 +9.600112e+01 +2.760067e+03
     96 +2.200000e-02 +1.164044e-02 +9.594902e+01 +2.756941e+03
     97 +2.200000e-02 +1.258907e-02 +9.592276e+01 +2.755365e+03
     98 +2.200000e-02 +1.258907e-02 +9.592276e+01 +2.755365e+03
     99 +2.100000e-02 +1.258907e-02 +9.592281e+01 +2.755369e+03
    100 +2.100000e-02 +1.258907e-02 +9.592281e+01 +2.755369e+03
    101 +2.100000e-02 +1.164044e-02 +9.594904e+01 +2.756942e+03
    102 +2.100000e-02 +1.069180e-02 +9.600113e+01 +2.760068e+03
    103 +2.100000e-02 +9.743168e-03 +9.607811e+01 +2.764687e+03
    104 +2.100000e-02 +8.794535e-03 +9.618002e+01 +2.770801e+03
    105 +2.100000e-02 +7.845901e-03 +9.630686e+01 +2.778412e+03
    106 +2.100000e-02 +6.897267e-03 +9.645846e+01 +2.787507e+03
    107 +2.100000e-02 +5.948634e-03 +9.663358e+01 +2.798015e+03
    108 +2.100000e-02 +5.000000e-03 +9.682865e+01 +2.809719e+03
    109 +2.100000e-02 +5.000000e-03 +9.682865e+01 +2.809719e+03
    110 +2.000000e-02 +5.000000e-03 +9.685152e+01 +2.811091e+03
    111 +1.900000e-02 +5.000000e-03 +9.672096e+01 +2.803258e+03
    112 +1.900000e-02 +5.000000e-03 +9.672096e+01 +2.803258e+03
    113 +1.900000e-02 +5.982730e-03 +9.644161e+01 +2.786497e+03
    114 +1.900000e-02 +6.965460e-03 +9.620614e+01 +2.772368e+03
    115 +1.900000e-02 +7.948190e-03 +9.599635e+01 +2.759781e+03
    116 +1.900000e-02 +8.930920e-03 +9.581284e+01 +2.748770e+03
    117 +1.900000e-02 +9.913650e-03 +9.565575e+01 +2.739345e+03
    118 +1.900000e-02 +1.089638e-02 +9.552505e+01 +2.731503e+03
    119 +1.900000e-02 +1.187911e-02 +9.542065e+01 +2.725239e+03
    120 +1.900000e-02 +1.286184e-02 +9.534235e+01 +2.720541e+03
    121 +1.900000e-02 +1.384457e-02 +9.528977e+01 +2.717386e+03
    122 +1.900000e-02 +1.482730e-02 +9.526366e+01 +2.715819e+03
    123 +1.900000e-02 +1.482730e-02 +9.526366e+01 +2.715819e+03
    124 +1.800000e-02 +1.482730e-02 +9.526360e+01 +2.715816e+03
    125 +1.800000e-02 +1.482730e-02 +9.526360e+01 +2.715816e+03
    126 +1.800000e-02 +1.384457e-02 +9.528975e+01 +2.717385e+03
    127 +1.800000e-02 +1.286184e-02 +9.534233e+01 +2.720540e+03
    128 +1.800000e-02 +1.187911e-02 +9.542064e+01 +2.725238e+03
    129 +1.800000e-02 +1.089638e-02 +9.552504e+01 +2.731503e+03
    130 +1.800000e-02 +9.913650e-03 +9.565575e+01 +2.739345e+03
    131 +1.800000e-02 +8.930920e-03 +9.581283e+01 +2.748770e+03
    132 +1.800000e-02 +7.948190e-03 +9.599635e+01 +2.759781e+03
    133 +1.800000e-02 +6.965460e-03 +9.620618e+01 +2.772371e+03
    134 +1.800000e-02 +5.982730e-03 +9.644109e+01 +2.786465e+03
    135 +1.800000e-02 +5.000000e-03 +9.669548e+01 +2.801729e+03
    136 +1.800000e-02 +5.000000e-03 +9.669548e+01 +2.801729e+03
    137 +1.700000e-02 +5.000000e-03 +9.673042e+01 +2.803825e+03
    138 +1.600000e-02 +5.000000e-03 +9.661059e+01 +2.796635e+03
    139 +1.600000e-02 +5.000000e-03 +9.661059e+01 +2.796635e+03
    140 +1.600000e-02 +5.962114e-03 +9.638643e+01 +2.783186e+03
    141 +1.600000e-02 +6.924229e-03 +9.620727e+01 +2.772436e+03
    142 +1.600000e-02 +7.886343e-03 +9.605277e+01 +2.763166e+03
    143 +1.600000e-02 +8.848457e-03 +9.592348e+01 +2.755409e+03
    144 +1.600000e-02 +9.810572e-03 +9.581963e+01 +2.749178e+03
    145 +1.600000e-02 +1.077269e-02 +9.574123e+01 +2.744474e+03
    146 +1.600000e-02 +1.173480e-02 +9.568822e+01 +2.741293e+03
    147 +1.600000e-02 +1.269691e-02 +9.566157e+01 +2.739694e+03
    148 +1.600000e-02 +1.269691e-02 +9.566157e+01 +2.739694e+03
    149 +1.500000e-02 +1.269691e-02 +9.566155e+01 +2.739693e+03
    150 +1.500000e-02 +1.269691e-02 +9.566155e+01 +2.739693e+03
    151 +1.500000e-02 +1.173480e-02 +9.568823e+01 +2.741294e+03
    152 +1.500000e-02 +1.077269e-02 +9.574124e+01 +2.744474e+03
    153 +1.500000e-02 +9.810572e-03 +9.581964e+01 +2.749178e+03
    154 +1.500000e-02 +8.848457e-03 +9.592349e+01 +2.755410e+03
    155 +1.500000e-02 +7.886343e-03 +9.605281e+01 +2.763168e+03
    156 +1.500000e-02 +6.924229e-03 +9.620742e+01 +2.772445e+03
    157 +1.500000e-02 +5.962114e-03 +9.638579e+01 +2.783147e+03
    158 +1.500000e-02 +5.000000e-03 +9.657416e+01 +2.794450e+03
    159 +1.500000e-02 +5.000000e-03 +9.657416e+01 +2.794450e+03
    160 +1.400000e-02 +5.000000e-03 +9.655422e+01 +2.793253e+03
    161 +1.300000e-02 +5.000000e-03 +9.634895e+01 +2.780937e+03
    162 +1.300000e-02 +5.000000e-03 +9.634895e+01 +2.780937e+03
    163 +1.300000e-02 +5.981104e-03 +9.594316e+01 +2.756590e+03
    164 +1.300000e-02 +6.962208e-03 +9.559000e+01 +2.735400e+03
    165 +1.300000e-02 +7.943312e-03 +9.526185e+01 +2.715711e+03
    166 +1.300000e-02 +8.924416e-03 +9.495943e+01 +2.697566e+03
    167 +1.300000e-02 +9.905520e-03 +9.468290e+01 +2.680974e+03
    168 +1.300000e-02 +1.088662e-02 +9.443217e+01 +2.665930e+03
    169 +1.300000e-02 +1.186773e-02 +9.420713e+01 +2.652428e+03
    170 +1.300000e-02 +1.284883e-02 +9.400760e+01 +2.640456e+03
    171 +1.300000e-02 +1.382994e-02 +9.383328e+01 +2.629997e+03
    172 +1.300000e-02 +1.481104e-02 +9.368397e+01 +2.621038e+03
    173 +1.300000e-02 +1.579214e-02 +9.355959e+01 +2.613575e+03
    174 +1.300000e-02 +1.677325e-02 +9.346001e+01 +2.607601e+03
    175 +1.300000e-02 +1.775435e-02 +9.338509e+01 +2.603105e+03
    176 +1.300000e-02 +1.873546e-02 +9.333470e+01 +2.600082e+03
    177 +1.300000e-02 +1.971656e-02 +9.330971e+01 +2.598583e+03
    178 +1.300000e-02 +1.971656e-02 +9.330971e+01 +2.598583e+03
    179 +1.200000e-02 +1.971656e-02 +9.330967e+01 +2.598580e+03
    180 +1.200000e-02 +1.971656e-02 +9.330967e+01 +2.598580e+03
    181 +1.200000e-02 +1.873546e-02 +9.333470e+01 +2.600082e+03
    182 +1.200000e-02 +1.775435e-02 +9.338512e+01 +2.603107e+03
    183 +1.200000e-02 +1.677325e-02 +9.346003e+01 +2.607602e+03
    184 +1.200000e-02 +1.579214e-02 +9.355952e+01 +2.613571e+03
    185 +1.200000e-02 +1.481104e-02 +9.368382e+01 +2.621029e+03
    186 +1.200000e-02 +1.382994e-02 +9.383310e+01 +2.629986e+03
    187 +1.200000e-02 +1.284883e-02 +9.400746e+01 +2.640448e+03
    188 +1.200000e-02 +1.186773e-02 +9.420707e+01 +2.652424e+03
    189 +1.200000e-02 +1.088662e-02 +9.443214e+01 +2.665929e+03
    190 +1.200000e-02 +9.905520e-03 +9.468288e+01 +2.680973e+03
    191 +1.200000e-02 +8.924416e-03 +9.495941e+01 +2.697565e+03
    192 +1.200000e-02 +7.943312e-03 +9.526186e+01 +2.715711e+03
    193 +1.200000e-02 +6.962208e-03 +9.559011e+01 +2.735406e+03
    194 +1.200000e-02 +5.981104e-03 +9.594255e+01 +2.756553e+03
    195 +1.200000e-02 +5.000000e-03 +9.631232e+01 +2.778739e+03
    196 +1.200000e-02 +5.000000e-03 +9.631232e+01 +2.778739e+03
    197 +1.100000e-02 +5.000000e-03 +9.637775e+01 +2.782665e+03
    198 +1.000000e-02 +5.000000e-03 +9.623514e+01 +2.774108e+03
    199 +1.000000e-02 +5.000000e-03 +9.623514e+01 +2.774108e+03
    200 +1.000000e-02 +6.008840e-03 +9.591605e+01 +2.754963e+03
    201 +1.000000e-02 +7.017681e-03 +9.564325e+01 +2.738595e+03
    202 +1.000000e-02 +8.026521e-03 +9.539669e+01 +2.723801e+03
    203 +1.000000e-02 +9.035361e-03 +9.517735e+01 +2.710641e+03
    204 +1.000000e-02 +1.004420e-02 +9.498542e+01 +2.699125e+03
    205 +1.000000e-02 +1.105304e-02 +9.482088e+01 +2.689253e+03
    206 +1.000000e-02 +1.206188e-02 +9.468363e+01 +2.681018e+03
    207 +1.000000e-02 +1.307072e-02 +9.457358e+01 +2.674415e+03
    208 +1.000000e-02 +1.407956e-02 +9.449066e+01 +2.669440e+03
    209 +1.000000e-02 +1.508840e-02 +9.443480e+01 +2.666088e+03
    210 +1.000000e-02 +1.609724e-02 +9.440689e+01 +2.664414e+03
    211 +1.000000e-02 +1.609724e-02 +9.440689e+01 +2.664414e+03
    212 +9.000000e-03 +1.609724e-02 +9.440690e+01 +2.664414e+03
    213 +9.000000e-03 +1.609724e-02 +9.440690e+01 +2.664414e+03
    214 +9.000000e-03 +1.508840e-02 +9.443480e+01 +2.666088e+03
    215 +9.000000e-03 +1.407956e-02 +9.449066e+01 +2.669440e+03
    216 +9.000000e-03 +1.307072e-02 +9.457358e+01 +2.674415e+03
    217 +9.000000e-03 +1.206188e-02 +9.468363e+01 +2.681018e+03
    218 +9.000000e-03 +1.105304e-02 +9.482088e+01 +2.689253e+03
    219 +9.000000e-03 +1.004420e-02 +9.498543e+01 +2.699126e+03
    220 +9.000000e-03 +9.035361e-03 +9.517735e+01 +2.710641e+03
    221 +9.000000e-03 +8.026521e-03 +9.539671e+01 +2.723802e+03
    222 +9.000000e-03 +7.017681e-03 +9.564334e+01 +2.738601e+03
    223 +9.000000e-03 +6.008840e-03 +9.591564e+01 +2.754938e+03
    224 +9.000000e-03 +5.000000e-03 +9.620404e+01 +2.772242e+03
    225 +9.000000e-03 +5.000000e-03 +9.620404e+01 +2.772242e+03
    226 +8.000000e-03 +5.000000e-03 +9.622853e+01 +2.773712e+03
    227 +7.000000e-03 +5.000000e-03 +9.603210e+01 +2.761926e+03
    228 +7.000000e-03 +5.000000e-03 +9.603210e+01 +2.761926e+03
    229 +7.000000e-03 +5.980455e-03 +9.558845e+01 +2.735307e+03
    230 +7.000000e-03 +6.960909e-03 +9.519179e+01 +2.711508e+03
    231 +7.000000e-03 +7.941364e-03 +9.481944e+01 +2.689167e+03
    232 +7.000000e-03 +8.921818e-03 +9.447252e+01 +2.668351e+03
    233 +7.000000e-03 +9.902273e-03 +9.415121e+01 +2.649073e+03
    234 +7.000000e-03 +1.088273e-02 +9.385542e+01 +2.631325e+03
    235 +7.000000e-03 +1.186318e-02 +9.358500e+01 +2.615100e+03
    236 +7.000000e-03 +1.284364e-02 +9.333981e+01 +2.600389e+03
    237 +7.000000e-03 +1.382409e-02 +9.311970e+01 +2.587182e+03
    238 +7.000000e-03 +1.480455e-02 +9.292455e+01 +2.575473e+03
    239 +7.000000e-03 +1.578500e-02 +9.275423e+01 +2.565254e+03
    240 +7.000000e-03 +1.676545e-02 +9.260852e+01 +2.556511e+03
    241 +7.000000e-03 +1.774591e-02 +9.248715e+01 +2.549229e+03
    242 +7.000000e-03 +1.872636e-02 +9.239005e+01 +2.543403e+03
    243 +7.000000e-03 +1.970682e-02 +9.231718e+01 +2.539031e+03
    244 +7.000000e-03 +2.068727e-02 +9.226837e+01 +2.536102e+03
    245 +7.000000e-03 +2.166773e-02 +9.224426e+01 +2.534656e+03
    246 +7.000000e-03 +2.166773e-02 +9.224426e+01 +2.534656e+03
    247 +6.000000e-03 +2.166773e-02 +9.224440e+01 +2.534664e+03
    248 +6.000000e-03 +2.166773e-02 +9.224440e+01 +2.534664e+03
    249 +6.000000e-03 +2.068727e-02 +9.226838e+01 +2.536103e+03
    250 +6.000000e-03 +1.970682e-02 +9.231709e+01 +2.539026e+03
    251 +6.000000e-03 +1.872636e-02 +9.238992e+01 +2.543395e+03
    252 +6.000000e-03 +1.774591e-02 +9.248699e+01 +2.549220e+03
    253 +6.000000e-03 +1.676545e-02 +9.260837e+01 +2.556502e+03
    254 +6.000000e-03 +1.578500e-02 +9.275415e+01 +2.565249e+03
    255 +6.000000e-03 +1.480455e-02 +9.292453e+01 +2.575472e+03
    256 +6.000000e-03 +1.382409e-02 +9.311970e+01 +2.587182e+03
    257 +6.000000e-03 +1.284364e-02 +9.333981e+01 +2.600388e+03
    258 +6.000000e-03 +1.186318e-02 +9.358500e+01 +2.615100e+03
    259 +6.000000e-03 +1.088273e-02 +9.385542e+01 +2.631325e+03
    260 +6.000000e-03 +9.902273e-03 +9.415121e+01 +2.649072e+03
    261 +6.000000e-03 +8.921818e-03 +9.447252e+01 +2.668351e+03
    262 +6.000000e-03 +7.941364e-03 +9.481946e+01 +2.689168e+03
    263 +6.000000e-03 +6.960909e-03 +9.519189e+01 +2.711514e+03
    264 +6.000000e-03 +5.980455e-03 +9.558812e+01 +2.735287e+03
    265 +6.000000e-03 +5.000000e-03 +9.600770e+01 +2.760462e+03
    266 +6.000000e-03 +5.000000e-03 +9.600770e+01 +2.760462e+03
    267 +5.000000e-03 +5.000000e-03 +9.611013e+01 +2.766608e+03
    268 +4.000000e-03 +5.000000e-03 +9.596730e+01 +2.758038e+03
    269 +4.000000e-03 +5.000000e-03 +9.596730e+01 +2.758038e+03
    270 +4.000000e-03 +6.029098e-03 +9.554739e+01 +2.732843e+03
    271 +4.000000e-03 +7.058195e-03 +9.516612e+01 +2.709967e+03
    272 +4.000000e-03 +8.087293e-03 +9.481148e+01 +2.688689e+03
    273 +4.000000e-03 +9.116390e-03 +9.448461e+01 +2.669077e+03
    274 +4.000000e-03 +1.014549e-02 +9.418557e+01 +2.651134e+03
    275 +4.000000e-03 +1.117459e-02 +9.391423e+01 +2.634854e+03
    276 +4.000000e-03 +1.220368e-02 +9.367044e+01 +2.620226e+03
    277 +4.000000e-03 +1.323278e-02 +9.345404e+01 +2.607242e+03
    278 +4.000000e-03 +1.426188e-02 +9.326489e+01 +2.595894e+03
    279 +4.000000e-03 +1.529098e-02 +9.310289e+01 +2.586173e+03
    280 +4.000000e-03 +1.632007e-02 +9.296792e+01 +2.578075e+03
    281 +4.000000e-03 +1.734917e-02 +9.285990e+01 +2.571594e+03
    282 +4.000000e-03 +1.837827e-02 +9.277876e+01 +2.566726e+03
    283 +4.000000e-03 +1.940737e-02 +9.272441e+01 +2.563465e+03
    284 +4.000000e-03 +2.043646e-02 +9.269763e+01 +2.561858e+03
    285 +4.000000e-03 +2.043646e-02 +9.269763e+01 +2.561858e+03
    286 +3.000000e-03 +2.043646e-02 +9.269783e+01 +2.561870e+03
    287 +3.000000e-03 +2.043646e-02 +9.269783e+01 +2.561870e+03
    288 +3.000000e-03 +1.940737e-02 +9.272452e+01 +2.563471e+03
    289 +3.000000e-03 +1.837827e-02 +9.277887e+01 +2.566732e+03
    290 +3.000000e-03 +1.734917e-02 +9.286002e+01 +2.571601e+03
    291 +3.000000e-03 +1.632007e-02 +9.296804e+01 +2.578082e+03
    292 +3.000000e-03 +1.529098e-02 +9.310301e+01 +2.586181e+03
    293 +3.000000e-03 +1.426188e-02 +9.326501e+01 +2.595901e+03
    294 +3.000000e-03 +1.323278e-02 +9.345416e+01 +2.607249e+03
    295 +3.000000e-03 +1.220368e-02 +9.367056e+01 +2.620234e+03
    296 +3.000000e-03 +1.117459e-02 +9.391436e+01 +2.634861e+03
    297 +3.000000e-03 +1.014549e-02 +9.418569e+01 +2.651142e+03
    298 +3.000000e-03 +9.116390e-03 +9.448473e+01 +2.669084e+03
    299 +3.000000e-03 +8.087293e-03 +9.481157e+01 +2.688694e+03
    300 +3.000000e-03 +7.058195e-03 +9.516611e+01 +2.709967e+03
    301 +3.000000e-03 +6.029098e-03 +9.554702e+01 +2.732821e+03
    302 +3.000000e-03 +5.000000e-03 +9.596089e+01 +2.757653e+03
    303 +3.000000e-03 +5.000000e-03 +9.596089e+01 +2.757653e+03
    304 +2.000000e-03 +5.000000e-03 +9.608290e+01 +2.764974e+03
    305 +1.000000e-03 +5.000000e-03 +9.599528e+01 +2.759717e+03
    306 +1.000000e-03 +5.000000e-03 +9.599528e+01 +2.759717e+03
    307 +1.000000e-03 +5.992783e-03 +9.573973e+01 +2.744384e+03
    308 +1.000000e-03 +6.985567e-03 +9.552021e+01 +2.731213e+03
    309 +1.000000e-03 +7.978350e-03 +9.531456e+01 +2.718874e+03
    310 +1.000000e-03 +8.971133e-03 +9.512231e+01 +2.707339e+03
    311 +1.000000e-03 +9.963916e-03 +9.494352e+01 +2.696611e+03
    312 +1.000000e-03 +1.095670e-02 +9.477820e+01 +2.686692e+03
    313 +1.000000e-03 +1.194948e-02 +9.462632e+01 +2.677579e+03
    314 +1.000000e-03 +1.294227e-02 +9.448784e+01 +2.669271e+03
    315 +1.000000e-03 +1.393505e-02 +9.436275e+01 +2.661765e+03
    316 +1.000000e-03 +1.492783e-02 +9.425099e+01 +2.655059e+03
    317 +1.000000e-03 +1.592062e-02 +9.415255e+01 +2.649153e+03
    318 +1.000000e-03 +1.691340e-02 +9.406738e+01 +2.644043e+03
    319 +1.000000e-03 +1.790618e-02 +9.399547e+01 +2.639728e+03
    320 +1.000000e-03 +1.889897e-02 +9.393679e+01 +2.636207e+03
    321 +1.000000e-03 +1.989175e-02 +9.389129e+01 +2.633477e+03
    322 +1.000000e-03 +2.088453e-02 +9.385882e+01 +2.631529e+03
    323 +1.000000e-03 +2.187732e-02 +9.383955e+01 +2.630373e+03
    324 +1.000000e-03 +2.187732e-02 +9.383955e+01 +2.630373e+03
    325 +0.000000e+00 +2.187732e-02 +9.384602e+01 +2.630761e+03
    326 +0.000000e+00 +2.187732e-02 +9.384602e+01 +0.000000e+00
    327 +0.000000e+00 +2.088289e-02 +9.386544e+01 +0.000000e+00
    328 +0.000000e+00 +1.988847e-02 +9.389810e+01 +0.000000e+00
    329 +0.000000e+00 +1.889405e-02 +9.394379e+01 +0.000000e+00
    330 +0.000000e+00 +1.789962e-02 +9.400267e+01 +0.000000e+00
    331 +0.000000e+00 +1.690520e-02 +9.407481e+01 +0.000000e+00
    332 +0.000000e+00 +1.591077e-02 +9.416025e+01 +0.000000e+00
    333 +0.000000e+00 +1.491635e-02 +9.425901e+01 +0.000000e+00
    334 +0.000000e+00 +1.392193e-02 +9.437114e+01 +0.000000e+00
    335 +0.000000e+00 +1.292750e-02 +9.449665e+01 +0.000000e+00
    336 +0.000000e+00 +1.193308e-02 +9.463559e+01 +0.000000e+00
    337 +0.000000e+00 +1.093866e-02 +9.478799e+01 +0.000000e+00
    338 +0.000000e+00 +9.944234e-03 +9.495388e+01 +0.000000e+00
    339 +0.000000e+00 +8.949811e-03 +9.513327e+01 +0.000000e+00
    340 +0.000000e+00 +7.955387e-03 +9.532614e+01 +0.000000e+00
    341 +0.000000e+00 +6.960964e-03 +9.553220e+01 +0.000000e+00
    342 +0.000000e+00 +5.966541e-03 +9.574938e+01 +0.000000e+00
    343 +0.000000e+00 +4.972117e-03 +9.595993e+01 +0.000000e+00
    344 +0.000000e+00 +3.977694e-03 +9.612688e+01 +0.000000e+00
    345 +0.000000e+00 +2.983270e-03 +9.626402e+01 +0.000000e+00
    346 +0.000000e+00 +1.988847e-03 +9.639125e+01 +0.000000e+00
    347 +0.000000e+00 +9.944234e-04 +9.651346e+01 +0.000000e+00
    348 +0.000000e+00 +0.000000e+00 +9.663126e+01 +0.000000e+00

%_intp_ ______x1_____ ______x2_____ ______T______ _____qx1_____ _____qx2_____
      1 +1.400000e-02 +5.000000e-04 +9.701111e+01 -1.030167e+04 +2.323421e+04
      2 +1.400000e-02 +6.379310e-04 +9.699509e+01 -1.032602e+04 +2.321774e+04
      3 +1.400000e-02 +7.758621e-04 +9.697908e+01 -1.035598e+04 +2.320143e+04
      4 +1.400000e-02 +9.137931e-04 +9.696309e+01 -1.039195e+04 +2.318506e+04
      5 +1.400000e-02 +1.051724e-03 +9.694710e+01 -1.043429e+04 +2.316847e+04
      6 +1.400000e-02 +1.189655e-03 +9.693113e+01 -1.048343e+04 +2.315153e+04
      7 +1.400000e-02 +1.327586e-03 +9.691517e+01 -1.053983e+04 +2.313407e+04
      8 +1.400000e-02 +1.465517e-03 +9.689922e+01 -1.060403e+04 +2.311586e+04
      9 +1.400000e-02 +1.603448e-03 +9.688329e+01 -1.067666e+04 +2.309660e+04
     10 +1.400000e-02 +1.741379e-03 +9.686736e+01 -1.075846e+04 +2.307590e+04
     11 +1.400000e-02 +1.879310e-03 +9.685146e+01 -1.085030e+04 +2.305321e+04
     12 +1.400000e-02 +2.017241e-03 +9.683557e+01 -1.095321e+04 +2.302778e+04
     13 +1.400000e-02 +2.155172e-03 +9.681970e+01 -1.106842e+04 +2.299863e+04
     14 +1.400000e-02 +2.293103e-03 +9.680385e+01 -1.119734e+04 +2.296442e+04
     15 +1.400000e-02 +2.431034e-03 +9.678802e+01 -1.134166e+04 +2.292337e+04
     16 +1.400000e-02 +2.568966e-03 +9.677223e+01 -1.150337e+04 +2.287307e+04
     17 +1.400000e-02 +2.706897e-03 +9.675648e+01 -1.168480e+04 +2.281033e+04
     18 +1.400000e-02 +2.844828e-03 +9.674077e+01 -1.188869e+04 +2.273086e+04
     19 +1.400000e-02 +2.982759e-03 +9.672513e+01 -1.211825e+04 +2.262896e+04
     20 +1.400000e-02 +3.120690e-03 +9.670957e+01 -1.237722e+04 +2.249703e+04
     21 +1.400000e-02 +3.258621e-03 +9.669411e+01 -1.266993e+04 +2.232495e+04
     22 +1.400000e-02 +3.396552e-03 +9.667878e+01 -1.300131e+04 +2.209930e+04
     23 +1.400000e-02 +3.534483e-03 +9.666364e+01 -1.337692e+04 +2.180231e+04
     24 +1.400000e-02 +3.672414e-03 +9.664873e+01 -1.380277e+04 +2.141051e+04
     25 +1.400000e-02 +3.810345e-03 +9.663414e+01 -1.428512e+04 +2.089299e+04
     26 +1.400000e-02 +3.948276e-03 +9.661995e+01 -1.482992e+04 +2.020926e+04
     27 +1.400000e-02 +4.086207e-03 +9.660631e+01 -1.544183e+04 +1.930632e+04
     28 +1.400000e-02 +4.224138e-03 +9.659339e+01 -1.612276e+04 +1.811473e+04
     29 +1.400000e-02 +4.362069e-03 +9.658142e+01 -1.686960e+04 +1.654190e+04
     30 +1.400000e-02 +4.500000e-03 +9.657069e+01 -1.767149e+04 +1.445731e+04

