%_node_ ______x1_____ ______x2_____ ______T______ ______q______
      1 +0.000000e+00 +0.000000e+00 +9.655194e+01 -2.329200e+04
      2 +1.000000e-03 +0.000000e+00 +9.655638e+01 -2.329200e+04
      3 +2.000000e-03 +0.000000e+00 +9.657131e+01 -2.329200e+04
      4 +3.000000e-03 +0.000000e+00 +9.659631e+01 -2.329200e+04
      5 +4.000000e-03 +0.000000e+00 +9.663169e+01 -2.329200e+04
      6 +5.000000e-03 +0.000000e+00 +9.667730e+01 -2.329200e+04
      7 +6.000000e-03 +0.000000e+00 +9.673213e+01 -2.329200e+04
      8 +7.000000e-03 +0.000000e+00 +9.679452e+01 -2.329200e+04
      9 +8.000000e-03 +0.000000e+00 +9.686223e+01 -2.329200e+04
     10 +9.000000e-03 +0.000000e+00 +9.693276e+01 -2.329200e+04
     11 +1.000000e-02 +0.000000e+00 +9.700402e+01 -2.329200e+04
     12 +1.100000e-02 +0.000000e+00 +9.707444e+01 -2.329200e+04
     13 +1.200000e-02 +0.000000e+00 +9.714260e+01 -2.329200e+04
     14 +1.300000e-02 +0.000000e+00 +9.720643e+01 -2.329200e+04
     15 +1.400000e-02 +0.000000e+00 +9.726243e+01 -2.329200e+04
     16 +1.500000e-02 +0.000000e+00 +9.730636e+01 -2.329200e+04
     17 +1.600000e-02 +0.000000e+00 +9.733566e+01 -2.329200e+04
     18 +1.700000e-02 +0.000000e+00 +9.735129e+01 -2.329200e+04
     19 +1.800000e-02 +0.000000e+00 +9.735730e+01 -2.329200e+04
     20 +1.900000e-02 +0.000000e+00 +9.735808e+01 -2.329200e+04
     21 +2.000000e-02 +0.000000e+00 +9.735541e+01 -2.329200e+04
     22 +2.100000e-02 +0.000000e+00 +9.734823e+01 -2.329200e+04
     23 +2.200000e-02 +0.000000e+00 +9.733521e+01 -2.329200e+04
     24 +2.300000e-02 +0.000000e+00 +9.731702e+01 -2.329200e+04
     25 +2.400000e-02 +0.000000e+00 +9.729675e+01 -2.329200e+04
     26 +2.500000e-02 +0.000000e+00 +9.727829e+01 -2.329200e+04
     27 +2.600000e-02 +0.000000e+00 +9.726427e+01 -2.329200e+04
     28 +2.700000e-02 +0.000000e+00 +9.725569e+01 -2.329200e+04
     29 +2.800000e-02 +0.000000e+00 +9.725318e+01 -2.329200e+04
     30 +2.800000e-02 +0.000000e+00 +9.725318e+01 +0.000000e+00
     31 +2.800000e-02 +1.004848e-03 +9.678208e+01 +0.000000e+00
     32 +2.800000e-02 +2.009695e-03 +9.630432e+01 +0.000000e+00
     33 +2.800000e-02 +3.014543e-03 +9.581669e+01 +0.000000e+00
     34 +2.800000e-02 +4.019391e-03 +9.530019e+01 +0.000000e+00
     35 +2.800000e-02 +5.024238e-03 +9.467928e+01 +0.000000e+00
     36 +2.800000e-02 +6.029086e-03 +9.391016e+01 +0.000000e+00
     37 +2.800000e-02 +7.033934e-03 +9.312775e+01 +0.000000e+00
     38 +2.800000e-02 +8.038781e-03 +9.238973e+01 +0.000000e+00
     39 +2.800000e-02 +9.043629e-03 +9.170204e+01 +0.000000e+00
     40 +2.800000e-02 +1.004848e-02 +9.106493e+01 +0.000000e+00
     41 +2.800000e-02 +1.105332e-02 +9.047790e+01 +0.000000e+00
     42 +2.800000e-02 +1.205817e-02 +8.994032e+01 +0.000000e+00
     43 +2.800000e-02 +1.306302e-02 +8.945156e+01 +0.000000e+00
     44 +2.800000e-02 +1.406787e-02 +8.901104e+01 +0.000000e+00
     45 +2.800000e-02 +1.507271e-02 +8.861822e+01 +0.000000e+00
     46 +2.800000e-02 +1.607756e-02 +8.827260e+01 +0.000000e+00
     47 +2.800000e-02 +1.708241e-02 +8.797375e+01 +0.000000e+00
     48 +2.800000e-02 +1.808726e-02 +8.772130e+01 +0.000000e+00
     49 +2.800000e-02 +1.909211e-02 +8.751490e+01 +0.000000e+00
     50 +2.800000e-02 +2.009695e-02 +8.735427e+01 +0.000000e+00
     51 +2.800000e-02 +2.110180e-02 +8.723910e+01 +0.000000e+00
     52 +2.800000e-02 +2.210665e-02 +8.717091e+01 +0.000000e+00
     53 +2.800000e-02 +2.210665e-02 +8.717091e+01 +2.230255e+03
     54 +2.700000e-02 +2.210665e-02 +8.714772e+01 +2.228863e+03
     55 +2.700000e-02 +2.210665e-02 +8.714772e+01 +2.228863e+03
     56 +2.700000e-02 +2.110038e-02 +8.721646e+01 +2.232988e+03
     57 +2.700000e-02 +2.009410e-02 +8.733186e+01 +2.239912e+03
     58 +2.700000e-02 +1.908783e-02 +8.749280e+01 +2.249568e+03
     59 +2.700000e-02 +1.808155e-02 +8.769960e+01 +2.261976e+03
     60 +2.700000e-02 +1.707528e-02 +8.795256e+01 +2.277153e+03
     61 +2.700000e-02 +1.606901e-02 +8.825200e+01 +2.295120e+03
     62 +2.700000e-02 +1.506273e-02 +8.859833e+01 +2.315900e+03
     63 +2.700000e-02 +1.405646e-02 +8.899197e+01 +2.339518e+03
     64 +2.700000e-02 +1.305019e-02 +8.943340e+01 +2.366004e+03
     65 +2.700000e-02 +1.204391e-02 +8.992318e+01 +2.395391e+03
     66 +2.700000e-02 +1.103764e-02 +9.046188e+01 +2.427713e+03
     67 +2.700000e-02 +1.003137e-02 +9.105016e+01 +2.463009e+03
     68 +2.700000e-02 +9.025094e-03 +9.168864e+01 +2.501318e+03
     69 +2.700000e-02 +8.018820e-03 +9.237794e+01 +2.542677e+03
     70 +2.700000e-02 +7.012547e-03 +9.311850e+01 +2.587110e+03
     71 +2.700000e-02 +6.006273e-03 +9.391246e+01 +2.634747e+03
     72 +2.700000e-02 +5.000000e-03 +9.483838e+01 +2.690303e+03
     73 +2.700000e-02 +5.000000e-03 +9.483838e+01 +2.690303e+03
     74 +2.600000e-02 +5.000000e-03 +9.513475e+01 +2.708085e+03
     75 +2.500000e-02 +5.000000e-03 +9.464952e+01 +2.678971e+03
     76 +2.500000e-02 +5.000000e-03 +9.464952e+01 +2.678971e+03
     77 +2.500000e-02 +5.978627e-03 +9.312808e+01 +2.587685e+03
     78 +2.500000e-02 +6.957253e-03 +9.172742e+01 +2.503645e+03
     79 +2.500000e-02 +7.935880e-03 +9.041536e+01 +2.424922e+03
     80 +2.500000e-02 +8.914507e-03 +8.919408e+01 +2.351645e+03
     81 +2.500000e-02 +9.893133e-03 +8.806188e+01 +2.283713e+03
     82 +2.500000e-02 +1.087176e-02 +8.701643e+01 +2.220986e+03
     83 +2.500000e-02 +1.185039e-02 +8.605539e+01 +2.163324e+03
     84 +2.500000e-02 +1.282901e-02 +8.517637e+01 +2.110582e+03
     85 +2.500000e-02 +1.380764e-02 +8.437704e+01 +2.062623e+03
     86 +2.500000e-02 +1.478627e-02 +8.365544e+01 +2.019327e+03
     87 +2.500000e-02 +1.576489e-02 +8.301007e+01 +1.980604e+03
     88 +2.500000e-02 +1.674352e-02 +8.243965e+01 +1.946379e+03
     89 +2.500000e-02 +1.772215e-02 +8.194306e+01 +1.916584e+03
     90 +2.500000e-02 +1.870077e-02 +8.151924e+01 +1.891155e+03
     91 +2.500000e-02 +1.967940e-02 +8.116728e+01 +1.870037e+03
     92 +2.500000e-02 +2.065803e-02 +8.088635e+01 +1.853181e+03
     93 +2.500000e-02 +2.163665e-02 +8.067576e+01 +1.840546e+03
     94 +2.500000e-02 +2.261528e-02 +8.053467e+01 +1.832080e+03
     95 +2.500000e-02 +2.359391e-02 +8.046500e+01 +1.827900e+03
     96 +2.500000e-02 +2.359391e-02 +8.046500e+01 +1.827900e+03
     97 +2.400000e-02 +2.359391e-02 +8.046430e+01 +1.827858e+03
     98 +2.400000e-02 +2.359391e-02 +8.046430e+01 +1.827858e+03
     99 +2.400000e-02 +2.261528e-02 +8.053432e+01 +1.832059e+03
    100 +2.400000e-02 +2.163665e-02 +8.067549e+01 +1.840530e+03
    101 +2.400000e-02 +2.065803e-02 +8.088613e+01 +1.853168e+03
    102 +2.400000e-02 +1.967940e-02 +8.116706e+01 +1.870023e+03
    103 +2.400000e-02 +1.870077e-02 +8.151902e+01 +1.891141e+03
    104 +2.400000e-02 +1.772215e-02 +8.194285e+01 +1.916571e+03
    105 +2.400000e-02 +1.674352e-02 +8.243947e+01 +1.946368e+03
    106 +2.400000e-02 +1.576489e-02 +8.300996e+01 +1.980598e+03
    107 +2.400000e-02 +1.478627e-02 +8.365545e+01 +2.019327e+03
    108 +2.400000e-02 +1.380764e-02 +8.437715e+01 +2.062629e+03
    109 +2.400000e-02 +1.282901e-02 +8.517637e+01 +2.110582e+03
    110 +2.400000e-02 +1.185039e-02 +8.605513e+01 +2.163308e+03
    111 +2.400000e-02 +1.087176e-02 +8.701605e+01 +2.220963e+03
    112 +2.400000e-02 +9.893133e-03 +8.806146e+01 +2.283688e+03
    113 +2.400000e-02 +8.914507e-03 +8.919367e+01 +2.351620e+03
    114 +2.400000e-02 +7.935880e-03 +9.041497e+01 +2.424898e+03
    115 +2.400000e-02 +6.957253e-03 +9.172702e+01 +2.503621e+03
    116 +2.400000e-02 +5.978627e-03 +9.312818e+01 +2.587691e+03
    117 +2.400000e-02 +5.000000e-03 +9.467582e+01 +2.680549e+03
    118 +2.400000e-02 +5.000000e-03 +9.467582e+01 +2.680549e+03
    119 +2.300000e-02 +5.000000e-03 +9.526853e+01 +2.716112e+03
    120 +2.200000e-02 +5.000000e-03 +9.513707e+01 +2.708224e+03
    121 +2.200000e-02 +5.000000e-03 +9.513707e+01 +2.708224e+03
    122 +2.200000e-02 +5.947645e-03 +9.440245e+01 +2.664147e+03
    123 +2.200000e-02 +6.895290e-03 +9.376091e+01 +2.625655e+03
    124 +2.200000e-02 +7.842935e-03 +9.320724e+01 +2.592434e+03
    125 +2.200000e-02 +8.790580e-03 +9.274516e+01 +2.564710e+03
    126 +2.200000e-02 +9.738225e-03 +9.237479e+01 +2.542488e+03
    127 +2.200000e-02 +1.068587e-02 +9.209555e+01 +2.525733e+03
    128 +2.200000e-02 +1.163351e-02 +9.190674e+01 +2.514404e+03
    129 +2.200000e-02 +1.258116e-02 +9.181155e+01 +2.508693e+03
    130 +2.200000e-02 +1.258116e-02 +9.181155e+01 +2.508693e+03
    131 +2.100000e-02 +1.258116e-02 +9.181154e+01 +2.508692e+03
    132 +2.100000e-02 +1.258116e-02 +9.181154e+01 +2.508692e+03
    133 +2.100000e-02 +1.163351e-02 +9.190673e+01 +2.514404e+03
    134 +2.100000e-02 +1.068587e-02 +9.209554e+01 +2.525732e+03
    135 +2.100000e-02 +9.738225e-03 +9.237478e+01 +2.542487e+03
    136 +2.100000e-02 +8.790580e-03 +9.274514e+01 +2.564709e+03
    137 +2.100000e-02 +7.842935e-03 +9.320722e+01 +2.592433e+03
    138 +2.100000e-02 +6.895290e-03 +9.376092e+01 +2.625655e+03
    139 +2.100000e-02 +5.947645e-03 +9.440278e+01 +2.664167e+03
    140 +2.100000e-02 +5.000000e-03 +9.514654e+01 +2.708792e+03
    141 +2.100000e-02 +5.000000e-03 +9.514654e+01 +2.708792e+03
    142 +2.000000e-02 +5.000000e-03 +9.531301e+01 +2.718781e+03
    143 +1.900000e-02 +5.000000e-03 +9.474544e+01 +2.684726e+03
    144 +1.900000e-02 +5.000000e-03 +9.474544e+01 +2.684726e+03
    145 +1.900000e-02 +5.986859e-03 +9.313586e+01 +2.588151e+03
    146 +1.900000e-02 +6.973717e-03 +9.166172e+01 +2.499703e+03
    147 +1.900000e-02 +7.960576e-03 +9.027892e+01 +2.416735e+03
    148 +1.900000e-02 +8.947434e-03 +8.898926e+01 +2.339355e+03
    149 +1.900000e-02 +9.934293e-03 +8.779062e+01 +2.267437e+03
    150 +1.900000e-02 +1.092115e-02 +8.668011e+01 +2.200806e+03
    151 +1.900000e-02 +1.190801e-02 +8.565480e+01 +2.139288e+03
    152 +1.900000e-02 +1.289487e-02 +8.471208e+01 +2.082725e+03
    153 +1.900000e-02 +1.388173e-02 +8.384931e+01 +2.030958e+03
    154 +1.900000e-02 +1.486859e-02 +8.306452e+01 +1.983871e+03
    155 +1.900000e-02 +1.585544e-02 +8.235635e+01 +1.941381e+03
    156 +1.900000e-02 +1.684230e-02 +8.172346e+01 +1.903408e+03
    157 +1.900000e-02 +1.782916e-02 +8.116455e+01 +1.869873e+03
    158 +1.900000e-02 +1.881602e-02 +8.067835e+01 +1.840701e+03
    159 +1.900000e-02 +1.980288e-02 +8.026370e+01 +1.815822e+03
    160 +1.900000e-02 +2.078974e-02 +7.991956e+01 +1.795173e+03
    161 +1.900000e-02 +2.177660e-02 +7.964497e+01 +1.778698e+03
    162 +1.900000e-02 +2.276345e-02 +7.943910e+01 +1.766346e+03
    163 +1.900000e-02 +2.375031e-02 +7.930116e+01 +1.758070e+03
    164 +1.900000e-02 +2.473717e-02 +7.923295e+01 +1.753977e+03
    165 +1.900000e-02 +2.473717e-02 +7.923295e+01 +1.753977e+03
    166 +1.800000e-02 +2.473717e-02 +7.923300e+01 +1.753980e+03
    167 +1.800000e-02 +2.473717e-02 +7.923300e+01 +1.753980e+03
    168 +1.800000e-02 +2.375031e-02 +7.930122e+01 +1.758073e+03
    169 +1.800000e-02 +2.276345e-02 +7.943918e+01 +1.766351e+03
    170 +1.800000e-02 +2.177660e-02 +7.964506e+01 +1.778703e+03
    171 +1.800000e-02 +2.078974e-02 +7.991963e+01 +1.795178e+03
    172 +1.800000e-02 +1.980288e-02 +8.026375e+01 +1.815825e+03
    173 +1.800000e-02 +1.881602e-02 +8.067835e+01 +1.840701e+03
    174 +1.800000e-02 +1.782916e-02 +8.116451e+01 +1.869871e+03
    175 +1.800000e-02 +1.684230e-02 +8.172337e+01 +1.903402e+03
    176 +1.800000e-02 +1.585544e-02 +8.235618e+01 +1.941371e+03
    177 +1.800000e-02 +1.486859e-02 +8.306426e+01 +1.983856e+03
    178 +1.800000e-02 +1.388173e-02 +8.384900e+01 +2.030940e+03
    179 +1.800000e-02 +1.289487e-02 +8.471196e+01 +2.082718e+03
    180 +1.800000e-02 +1.190801e-02 +8.565507e+01 +2.139304e+03
    181 +1.800000e-02 +1.092115e-02 +8.668050e+01 +2.200830e+03
    182 +1.800000e-02 +9.934293e-03 +8.779075e+01 +2.267445e+03
    183 +1.800000e-02 +8.947434e-03 +8.898913e+01 +2.339348e+03
    184 +1.800000e-02 +7.960576e-03 +9.027869e+01 +2.416721e+03
    185 +1.800000e-02 +6.973717e-03 +9.166134e+01 +2.499681e+03
    186 +1.800000e-02 +5.986859e-03 +9.313542e+01 +2.588125e+03
    187 +1.800000e-02 +5.000000e-03 +9.475500e+01 +2.685300e+03
    188 +1.800000e-02 +5.000000e-03 +9.475500e+01 +2.685300e+03
    189 +1.700000e-02 +5.000000e-03 +9.536512e+01 +2.721907e+03
    190 +1.600000e-02 +5.000000e-03 +9.530043e+01 +2.718026e+03
    191 +1.600000e-02 +5.000000e-03 +9.530043e+01 +2.718026e+03
    192 +1.600000e-02 +6.040255e-03 +9.473536e+01 +2.684122e+03
    193 +1.600000e-02 +7.080510e-03 +9.428329e+01 +2.656998e+03
    194 +1.600000e-02 +8.120765e-03 +9.394055e+01 +2.636433e+03
    195 +1.600000e-02 +9.161020e-03 +9.371006e+01 +2.622604e+03
    196 +1.600000e-02 +1.020127e-02 +9.359563e+01 +2.615738e+03
    197 +1.600000e-02 +1.020127e-02 +9.359563e+01 +2.615738e+03
    198 +1.500000e-02 +1.020127e-02 +9.359543e+01 +2.615726e+03
    199 +1.500000e-02 +1.020127e-02 +9.359543e+01 +2.615726e+03
    200 +1.500000e-02 +9.161020e-03 +9.370997e+01 +2.622598e+03
    201 +1.500000e-02 +8.120765e-03 +9.394045e+01 +2.636427e+03
    202 +1.500000e-02 +7.080510e-03 +9.428309e+01 +2.656986e+03
    203 +1.500000e-02 +6.040255e-03 +9.473469e+01 +2.684081e+03
    204 +1.500000e-02 +5.000000e-03 +9.528944e+01 +2.717366e+03
    205 +1.500000e-02 +5.000000e-03 +9.528944e+01 +2.717366e+03
    206 +1.400000e-02 +5.000000e-03 +9.531896e+01 +2.719137e+03
    207 +1.300000e-02 +5.000000e-03 +9.473087e+01 +2.683852e+03
    208 +1.300000e-02 +5.000000e-03 +9.473087e+01 +2.683852e+03
    209 +1.300000e-02 +6.016031e-03 +9.329723e+01 +2.597834e+03
    210 +1.300000e-02 +7.032063e-03 +9.203007e+01 +2.521804e+03
    211 +1.300000e-02 +8.048094e-03 +9.086165e+01 +2.451699e+03
    212 +1.300000e-02 +9.064126e-03 +8.979330e+01 +2.387598e+03
    213 +1.300000e-02 +1.008016e-02 +8.882342e+01 +2.329405e+03
    214 +1.300000e-02 +1.109619e-02 +8.794920e+01 +2.276952e+03
    215 +1.300000e-02 +1.211222e-02 +8.716789e+01 +2.230073e+03
    216 +1.300000e-02 +1.312825e-02 +8.647782e+01 +2.188669e+03
    217 +1.300000e-02 +1.414428e-02 +8.587765e+01 +2.152659e+03
    218 +1.300000e-02 +1.516031e-02 +8.536610e+01 +2.121966e+03
    219 +1.300000e-02 +1.617635e-02 +8.494193e+01 +2.096516e+03
    220 +1.300000e-02 +1.719238e-02 +8.460387e+01 +2.076232e+03
    221 +1.300000e-02 +1.820841e-02 +8.435062e+01 +2.061037e+03
    222 +1.300000e-02 +1.922444e-02 +8.418105e+01 +2.050863e+03
    223 +1.300000e-02 +2.024047e-02 +8.409719e+01 +2.045832e+03
    224 +1.300000e-02 +2.024047e-02 +8.409719e+01 +2.045832e+03
    225 +1.200000e-02 +2.024047e-02 +8.409780e+01 +2.045868e+03
    226 +1.200000e-02 +2.024047e-02 +8.409780e+01 +2.045868e+03
    227 +1.200000e-02 +1.922444e-02 +8.418141e+01 +2.050885e+03
    228 +1.200000e-02 +1.820841e-02 +8.435103e+01 +2.061062e+03
    229 +1.200000e-02 +1.719238e-02 +8.460414e+01 +2.076248e+03
    230 +1.200000e-02 +1.617635e-02 +8.494193e+01 +2.096516e+03
    231 +1.200000e-02 +1.516031e-02 +8.536597e+01 +2.121958e+03
    232 +1.200000e-02 +1.414428e-02 +8.587745e+01 +2.152647e+03
    233 +1.200000e-02 +1.312825e-02 +8.647752e+01 +2.188651e+03
    234 +1.200000e-02 +1.211222e-02 +8.716745e+01 +2.230047e+03
    235 +1.200000e-02 +1.109619e-02 +8.794871e+01 +2.276923e+03
    236 +1.200000e-02 +1.008016e-02 +8.882318e+01 +2.329391e+03
    237 +1.200000e-02 +9.064126e-03 +8.979336e+01 +2.387601e+03
    238 +1.200000e-02 +8.048094e-03 +9.086187e+01 +2.451712e+03
    239 +1.200000e-02 +7.032063e-03 +9.203069e+01 +2.521842e+03
    240 +1.200000e-02 +6.016031e-03 +9.329751e+01 +2.597851e+03
    241 +1.200000e-02 +5.000000e-03 +9.466824e+01 +2.680095e+03
    242 +1.200000e-02 +5.000000e-03 +9.466824e+01 +2.680095e+03
    243 +1.100000e-02 +5.000000e-03 +9.500564e+01 +2.700339e+03
    244 +1.000000e-02 +5.000000e-03 +9.458084e+01 +2.674850e+03
    245 +1.000000e-02 +5.000000e-03 +9.458084e+01 +2.674850e+03
    246 +1.000000e-02 +6.004540e-03 +9.339972e+01 +2.603983e+03
    247 +1.000000e-02 +7.009081e-03 +9.236273e+01 +2.541764e+03
    248 +1.000000e-02 +8.013621e-03 +9.142212e+01 +2.485327e+03
    249 +1.000000e-02 +9.018161e-03 +9.058019e+01 +2.434812e+03
    250 +1.000000e-02 +1.002270e-02 +8.983607e+01 +2.390164e+03
    251 +1.000000e-02 +1.102724e-02 +8.918818e+01 +2.351291e+03
    252 +1.000000e-02 +1.203178e-02 +8.863498e+01 +2.318099e+03
    253 +1.000000e-02 +1.303632e-02 +8.817512e+01 +2.290507e+03
    254 +1.000000e-02 +1.404086e-02 +8.780748e+01 +2.268449e+03
    255 +1.000000e-02 +1.504540e-02 +8.753113e+01 +2.251868e+03
    256 +1.000000e-02 +1.604994e-02 +8.734530e+01 +2.240718e+03
    257 +1.000000e-02 +1.705448e-02 +8.725260e+01 +2.235156e+03
    258 +1.000000e-02 +1.705448e-02 +8.725260e+01 +2.235156e+03
    259 +9.000000e-03 +1.705448e-02 +8.725279e+01 +2.235167e+03
    260 +9.000000e-03 +1.705448e-02 +8.725279e+01 +2.235167e+03
    261 +9.000000e-03 +1.604994e-02 +8.734539e+01 +2.240723e+03
    262 +9.000000e-03 +1.504540e-02 +8.753122e+01 +2.251873e+03
    263 +9.000000e-03 +1.404086e-02 +8.780757e+01 +2.268454e+03
    264 +9.000000e-03 +1.303632e-02 +8.817521e+01 +2.290513e+03
    265 +9.000000e-03 +1.203178e-02 +8.863506e+01 +2.318104e+03
    266 +9.000000e-03 +1.102724e-02 +8.918826e+01 +2.351296e+03
    267 +9.000000e-03 +1.002270e-02 +8.983616e+01 +2.390170e+03
    268 +9.000000e-03 +9.018161e-03 +9.058029e+01 +2.434818e+03
    269 +9.000000e-03 +8.013621e-03 +9.142223e+01 +2.485334e+03
    270 +9.000000e-03 +7.009081e-03 +9.236295e+01 +2.541777e+03
    271 +9.000000e-03 +6.004540e-03 +9.339900e+01 +2.603940e+03
    272 +9.000000e-03 +5.000000e-03 +9.453025e+01 +2.671815e+03
    273 +9.000000e-03 +5.000000e-03 +9.453025e+01 +2.671815e+03
    274 +8.000000e-03 +5.000000e-03 +9.476344e+01 +2.685806e+03
    275 +7.000000e-03 +5.000000e-03 +9.422324e+01 +2.653395e+03
    276 +7.000000e-03 +5.000000e-03 +9.422324e+01 +2.653395e+03
    277 +7.000000e-03 +5.972500e-03 +9.284727e+01 +2.570836e+03
    278 +7.000000e-03 +6.944999e-03 +9.161873e+01 +2.497124e+03
    279 +7.000000e-03 +7.917499e-03 +9.047821e+01 +2.428693e+03
    280 +7.000000e-03 +8.889998e-03 +8.942806e+01 +2.365683e+03
    281 +7.000000e-03 +9.862498e-03 +8.846723e+01 +2.308034e+03
    282 +7.000000e-03 +1.083500e-02 +8.759386e+01 +2.255632e+03
    283 +7.000000e-03 +1.180750e-02 +8.680605e+01 +2.208363e+03
    284 +7.000000e-03 +1.278000e-02 +8.610203e+01 +2.166122e+03
    285 +7.000000e-03 +1.375250e-02 +8.548019e+01 +2.128812e+03
    286 +7.000000e-03 +1.472500e-02 +8.493914e+01 +2.096349e+03
    287 +7.000000e-03 +1.569749e-02 +8.447765e+01 +2.068659e+03
    288 +7.000000e-03 +1.666999e-02 +8.409463e+01 +2.045678e+03
    289 +7.000000e-03 +1.764249e-02 +8.378881e+01 +2.027329e+03
    290 +7.000000e-03 +1.861499e-02 +8.355883e+01 +2.013530e+03
    291 +7.000000e-03 +1.958749e-02 +8.340396e+01 +2.004238e+03
    292 +7.000000e-03 +2.055999e-02 +8.332706e+01 +1.999623e+03
    293 +7.000000e-03 +2.055999e-02 +8.332706e+01 +1.999623e+03
    294 +6.000000e-03 +2.055999e-02 +8.332601e+01 +1.999560e+03
    295 +6.000000e-03 +2.055999e-02 +8.332601e+01 +1.999560e+03
    296 +6.000000e-03 +1.958749e-02 +8.340348e+01 +2.004209e+03
    297 +6.000000e-03 +1.861499e-02 +8.355834e+01 +2.013501e+03
    298 +6.000000e-03 +1.764249e-02 +8.378841e+01 +2.027305e+03
    299 +6.000000e-03 +1.666999e-02 +8.409450e+01 +2.045670e+03
    300 +6.000000e-03 +1.569749e-02 +8.447770e+01 +2.068662e+03
    301 +6.000000e-03 +1.472500e-02 +8.493924e+01 +2.096355e+03
    302 +6.000000e-03 +1.375250e-02 +8.548029e+01 +2.128818e+03
    303 +6.000000e-03 +1.278000e-02 +8.610212e+01 +2.166127e+03
    304 +6.000000e-03 +1.180750e-02 +8.680614e+01 +2.208368e+03
    305 +6.000000e-03 +1.083500e-02 +8.759394e+01 +2.255636e+03
    306 +6.000000e-03 +9.862498e-03 +8.846730e+01 +2.308038e+03
    307 +6.000000e-03 +8.889998e-03 +8.942813e+01 +2.365688e+03
    308 +6.000000e-03 +7.917499e-03 +9.047833e+01 +2.428700e+03
    309 +6.000000e-03 +6.944999e-03 +9.161909e+01 +2.497146e+03
    310 +6.000000e-03 +5.972500e-03 +9.284679e+01 +2.570807e+03
    311 +6.000000e-03 +5.000000e-03 +9.417011e+01 +2.650207e+03
    312 +6.000000e-03 +5.000000e-03 +9.417011e+01 +2.650207e+03
    313 +5.000000e-03 +5.000000e-03 +9.450200e+01 +2.670120e+03
    314 +4.000000e-03 +5.000000e-03 +9.397568e+01 +2.638541e+03
    315 +4.000000e-03 +5.000000e-03 +9.397568e+01 +2.638541e+03
    316 +4.000000e-03 +6.002703e-03 +9.245479e+01 +2.547287e+03
    317 +4.000000e-03 +7.005407e-03 +9.107278e+01 +2.464367e+03
    318 +4.000000e-03 +8.008110e-03 +8.978250e+01 +2.386950e+03
    319 +4.000000e-03 +9.010814e-03 +8.858593e+01 +2.315156e+03
    320 +4.000000e-03 +1.001352e-02 +8.748125e+01 +2.248875e+03
    321 +4.000000e-03 +1.101622e-02 +8.646609e+01 +2.187965e+03
    322 +4.000000e-03 +1.201892e-02 +8.553807e+01 +2.132284e+03
    323 +4.000000e-03 +1.302163e-02 +8.469502e+01 +2.081701e+03
    324 +4.000000e-03 +1.402433e-02 +8.393493e+01 +2.036096e+03
    325 +4.000000e-03 +1.502703e-02 +8.325600e+01 +1.995360e+03
    326 +4.000000e-03 +1.602974e-02 +8.265662e+01 +1.959397e+03
    327 +4.000000e-03 +1.703244e-02 +8.213538e+01 +1.928123e+03
    328 +4.000000e-03 +1.803514e-02 +8.169102e+01 +1.901461e+03
    329 +4.000000e-03 +1.903785e-02 +8.132250e+01 +1.879350e+03
    330 +4.000000e-03 +2.004055e-02 +8.102890e+01 +1.861734e+03
    331 +4.000000e-03 +2.104325e-02 +8.080921e+01 +1.848552e+03
    332 +4.000000e-03 +2.204596e-02 +8.066214e+01 +1.839728e+03
    333 +4.000000e-03 +2.304866e-02 +8.058972e+01 +1.835383e+03
    334 +4.000000e-03 +2.304866e-02 +8.058972e+01 +1.835383e+03
    335 +3.000000e-03 +2.304866e-02 +8.058920e+01 +1.835352e+03
    336 +3.000000e-03 +2.304866e-02 +8.058920e+01 +1.835352e+03
    337 +3.000000e-03 +2.204596e-02 +8.066185e+01 +1.839711e+03
    338 +3.000000e-03 +2.104325e-02 +8.080905e+01 +1.848543e+03
    339 +3.000000e-03 +2.004055e-02 +8.102901e+01 +1.861741e+03
    340 +3.000000e-03 +1.903785e-02 +8.132277e+01 +1.879366e+03
    341 +3.000000e-03 +1.803514e-02 +8.169134e+01 +1.901480e+03
    342 +3.000000e-03 +1.703244e-02 +8.213571e+01 +1.928143e+03
    343 +3.000000e-03 +1.602974e-02 +8.265696e+01 +1.959418e+03
    344 +3.000000e-03 +1.502703e-02 +8.325635e+01 +1.995381e+03
    345 +3.000000e-03 +1.402433e-02 +8.393528e+01 +2.036117e+03
    346 +3.000000e-03 +1.302163e-02 +8.469538e+01 +2.081723e+03
    347 +3.000000e-03 +1.201892e-02 +8.553845e+01 +2.132307e+03
    348 +3.000000e-03 +1.101622e-02 +8.646647e+01 +2.187988e+03
    349 +3.000000e-03 +1.001352e-02 +8.748165e+01 +2.248899e+03
    350 +3.000000e-03 +9.010814e-03 +8.858631e+01 +2.315179e+03
    351 +3.000000e-03 +8.008110e-03 +8.978281e+01 +2.386969e+03
    352 +3.000000e-03 +7.005407e-03 +9.107282e+01 +2.464369e+03
    353 +3.000000e-03 +6.002703e-03 +9.245388e+01 +2.547233e+03
    354 +3.000000e-03 +5.000000e-03 +9.395614e+01 +2.637368e+03
    355 +3.000000e-03 +5.000000e-03 +9.395614e+01 +2.637368e+03
    356 +2.000000e-03 +5.000000e-03 +9.441350e+01 +2.664810e+03
    357 +1.000000e-03 +5.000000e-03 +9.407860e+01 +2.644716e+03
    358 +1.000000e-03 +5.000000e-03 +9.407860e+01 +2.644716e+03
    359 +1.000000e-03 +6.006752e-03 +9.308809e+01 +2.585285e+03
    360 +1.000000e-03 +7.013505e-03 +9.223627e+01 +2.534176e+03
    361 +1.000000e-03 +8.020257e-03 +9.143700e+01 +2.486220e+03
    362 +1.000000e-03 +9.027009e-03 +9.068792e+01 +2.441275e+03
    363 +1.000000e-03 +1.003376e-02 +8.998855e+01 +2.399313e+03
    364 +1.000000e-03 +1.104051e-02 +8.933821e+01 +2.360293e+03
    365 +1.000000e-03 +1.204727e-02 +8.873621e+01 +2.324173e+03
    366 +1.000000e-03 +1.305402e-02 +8.818184e+01 +2.290911e+03
    367 +1.000000e-03 +1.406077e-02 +8.767444e+01 +2.260467e+03
    368 +1.000000e-03 +1.506752e-02 +8.721340e+01 +2.232804e+03
    369 +1.000000e-03 +1.607428e-02 +8.679816e+01 +2.207889e+03
    370 +1.000000e-03 +1.708103e-02 +8.642819e+01 +2.185691e+03
    371 +1.000000e-03 +1.808778e-02 +8.610304e+01 +2.166182e+03
    372 +1.000000e-03 +1.909453e-02 +8.582229e+01 +2.149338e+03
    373 +1.000000e-03 +2.010128e-02 +8.558559e+01 +2.135135e+03
    374 +1.000000e-03 +2.110804e-02 +8.539261e+01 +2.123557e+03
    375 +1.000000e-03 +2.211479e-02 +8.524305e+01 +2.114583e+03
    376 +1.000000e-03 +2.312154e-02 +8.513649e+01 +2.108189e+03
    377 +1.000000e-03 +2.412829e-02 +8.507358e+01 +2.104415e+03
    378 +1.000000e-03 +2.412829e-02 +8.507358e+01 +2.104415e+03
    379 +0.000000e+00 +2.412829e-02 +8.509431e+01 +2.105659e+03
    380 +0.000000e+00 +2.412829e-02 +8.509431e+01 +0.000000e+00
    381 +0.000000e+00 +2.312295e-02 +8.515752e+01 +0.000000e+00
    382 +0.000000e+00 +2.211760e-02 +8.526415e+01 +0.000000e+00
    383 +0.000000e+00 +2.111226e-02 +8.541352e+01 +0.000000e+00
    384 +0.000000e+00 +2.010691e-02 +8.560615e+01 +0.000000e+00
    385 +0.000000e+00 +1.910157e-02 +8.584239e+01 +0.000000e+00
    386 +0.000000e+00 +1.809622e-02 +8.612257e+01 +0.000000e+00
    387 +0.000000e+00 +1.709087e-02 +8.644706e+01 +0.000000e+00
    388 +0.000000e+00 +1.608553e-02 +8.681628e+01 +0.000000e+00
    389 +0.000000e+00 +1.508018e-02 +8.723067e+01 +0.000000e+00
    390 +0.000000e+00 +1.407484e-02 +8.769075e+01 +0.000000e+00
    391 +0.000000e+00 +1.306949e-02 +8.819708e+01 +0.000000e+00
    392 +0.000000e+00 +1.206415e-02 +8.875028e+01 +0.000000e+00
    393 +0.000000e+00 +1.105880e-02 +8.935101e+01 +0.000000e+00
    394 +0.000000e+00 +1.005346e-02 +8.999996e+01 +0.000000e+00
    395 +0.000000e+00 +9.048110e-03 +9.069783e+01 +0.000000e+00
    396 +0.000000e+00 +8.042765e-03 +9.144517e+01 +0.000000e+00
    397 +0.000000e+00 +7.037419e-03 +9.224180e+01 +0.000000e+00
    398 +0.000000e+00 +6.032073e-03 +9.308160e+01 +0.000000e+00
    399 +0.000000e+00 +5.026728e-03 +9.390296e+01 +0.000000e+00
    400 +0.000000e+00 +4.021382e-03 +9.455884e+01 +0.000000e+00
    401 +0.000000e+00 +3.016037e-03 +9.509484e+01 +0.000000e+00
    402 +0.000000e+00 +2.010691e-03 +9.559415e+01 +0.000000e+00
    403 +0.000000e+00 +1.005346e-03 +9.607861e+01 +0.000000e+00
    404 +0.000000e+00 +0.000000e+00 +9.655194e+01 +0.000000e+00

%_intp_ ______x1_____ ______x2_____ ______T______ _____qx1_____ _____qx2_____
      1 +1.400000e-02 +5.000000e-04 +9.703062e+01 -2.550323e+03 +2.298234e+04
      2 +1.400000e-02 +6.379310e-04 +9.696734e+01 -2.568016e+03 +2.289386e+04
      3 +1.400000e-02 +7.758621e-04 +9.690431e+01 -2.589939e+03 +2.280568e+04
      4 +1.400000e-02 +9.137931e-04 +9.684152e+01 -2.616510e+03 +2.271667e+04
      5 +1.400000e-02 +1.051724e-03 +9.677898e+01 -2.648178e+03 +2.262617e+04
      6 +1.400000e-02 +1.189655e-03 +9.671669e+01 -2.685447e+03 +2.253371e+04
      7 +1.400000e-02 +1.327586e-03 +9.665465e+01 -2.728898e+03 +2.243888e+04
      8 +1.400000e-02 +1.465517e-03 +9.659289e+01 -2.779211e+03 +2.234124e+04
      9 +1.400000e-02 +1.603448e-03 +9.653140e+01 -2.837176e+03 +2.224031e+04
     10 +1.400000e-02 +1.741379e-03 +9.647019e+01 -2.903717e+03 +2.213555e+04
     11 +1.400000e-02 +1.879310e-03 +9.640927e+01 -2.979911e+03 +2.202630e+04
     12 +1.400000e-02 +2.017241e-03 +9.634867e+01 -3.067009e+03 +2.191176e+04
     13 +1.400000e-02 +2.155172e-03 +9.628839e+01 -3.166464e+03 +2.179094e+04
     14 +1.400000e-02 +2.293103e-03 +9.622845e+01 -3.279957e+03 +2.166261e+04
     15 +1.400000e-02 +2.431034e-03 +9.616888e+01 -3.409434e+03 +2.152517e+04
     16 +1.400000e-02 +2.568966e-03 +9.610970e+01 -3.557137e+03 +2.137661e+04
     17 +1.400000e-02 +2.706897e-03 +9.605095e+01 -3.725643e+03 +2.121427e+04
     18 +1.400000e-02 +2.844828e-03 +9.599267e+01 -3.917903e+03 +2.103470e+04
     19 +1.400000e-02 +2.982759e-03 +9.593492e+01 -4.137274e+03 +2.083336e+04
     20 +1.400000e-02 +3.120690e-03 +9.587775e+01 -4.387544e+03 +2.060426e+04
     21 +1.400000e-02 +3.258621e-03 +9.582127e+01 -4.672940e+03 +2.033946e+04
     22 +1.400000e-02 +3.396552e-03 +9.576558e+01 -4.998092e+03 +2.002846e+04
     23 +1.400000e-02 +3.534483e-03 +9.571082e+01 -5.367944e+03 +1.965733e+04
     24 +1.400000e-02 +3.672414e-03 +9.565720e+01 -5.787552e+03 +1.920765e+04
     25 +1.400000e-02 +3.810345e-03 +9.560494e+01 -6.261729e+03 +1.865509e+04
     26 +1.400000e-02 +3.948276e-03 +9.555439e+01 -6.794432e+03 +1.796757e+04
     27 +1.400000e-02 +4.086207e-03 +9.550598e+01 -7.387813e+03 +1.710286e+04
     28 +1.400000e-02 +4.224138e-03 +9.546025e+01 -8.040809e+03 +1.600520e+04
     29 +1.400000e-02 +4.362069e-03 +9.541795e+01 -8.747288e+03 +1.459956e+04
     30 +1.400000e-02 +4.500000e-03 +9.538008e+01 -9.493949e+03 +1.277901e+04

