%_node_ ______x1_____ ______x2_____ ______T______ ______q______
      1 +0.000000e+00 +0.000000e+00 +1.001294e+02 -2.329200e+04
      2 +1.000000e-03 +0.000000e+00 +1.001260e+02 -2.329200e+04
      3 +2.000000e-03 +0.000000e+00 +1.001151e+02 -2.329200e+04
      4 +3.000000e-03 +0.000000e+00 +1.000954e+02 -2.329200e+04
      5 +4.000000e-03 +0.000000e+00 +1.000647e+02 -2.329200e+04
      6 +5.000000e-03 +0.000000e+00 +1.000202e+02 -2.329200e+04
      7 +6.000000e-03 +0.000000e+00 +9.995900e+01 -2.329200e+04
      8 +7.000000e-03 +0.000000e+00 +9.987914e+01 -2.329200e+04
      9 +8.000000e-03 +0.000000e+00 +9.978077e+01 -2.329200e+04
     10 +9.000000e-03 +0.000000e+00 +9.966628e+01 -2.329200e+04
     11 +1.000000e-02 +0.000000e+00 +9.953954e+01 -2.329200e+04
     12 +1.100000e-02 +0.000000e+00 +9.940465e+01 -2.329200e+04
     13 +1.200000e-02 +0.000000e+00 +9.926498e+01 -2.329200e+04
     14 +1.300000e-02 +0.000000e+00 +9.912253e+01 -2.329200e+04
     15 +1.400000e-02 +0.000000e+00 +9.897727e+01 -2.329200e+04
     16 +1.500000e-02 +0.000000e+00 +9.882789e+01 -2.329200e+04
     17 +1.600000e-02 +0.000000e+00 +9.867397e+01 -2.329200e+04
     18 +1.700000e-02 +0.000000e+00 +9.851762e+01 -2.329200e+04
     19 +1.800000e-02 +0.000000e+00 +9.836363e+01 -2.329200e+04
     20 +1.900000e-02 +0.000000e+00 +9.821800e+01 -2.329200e+04
     21 +2.000000e-02 +0.000000e+00 +9.808587e+01 -2.329200e+04
     22 +2.100000e-02 +0.000000e+00 +9.797077e+01 -2.329200e+04
     23 +2.200000e-02 +0.000000e+00 +9.787480e+01 -2.329200e+04
     24 +2.300000e-02 +0.000000e+00 +9.779861e+01 -2.329200e+04
     25 +2.400000e-02 +0.000000e+00 +9.774149e+01 -2.329200e+04
     26 +2.500000e-02 +0.000000e+00 +9.770175e+01 -2.329200e+04
     27 +2.600000e-02 +0.000000e+00 +9.767663e+01 -2.329200e+04
     28 +2.700000e-02 +0.000000e+00 +9.766301e+01 -2.329200e+04
     29 +2.800000e-02 +0.000000e+00 +9.765900e+01 -2.329200e+04
     30 +2.800000e-02 +0.000000e+00 +9.765900e+01 +0.000000e+00
     31 +2.800000e-02 +9.976780e-04 +9.719036e+01 +0.000000e+00
     32 +2.800000e-02 +1.995356e-03 +9.671337e+01 +0.000000e+00
     33 +2.800000e-02 +2.993034e-03 +9.622776e+01 +0.000000e+00
     34 +2.800000e-02 +3.990712e-03 +9.572026e+01 +0.000000e+00
     35 +2.800000e-02 +4.988390e-03 +9.512546e+01 +0.000000e+00
     36 +2.800000e-02 +5.986068e-03 +9.439523e+01 +0.000000e+00
     37 +2.800000e-02 +6.983746e-03 +9.365104e+01 +0.000000e+00
     38 +2.800000e-02 +7.981424e-03 +9.295073e+01 +0.000000e+00
     39 +2.800000e-02 +8.979102e-03 +9.230078e+01 +0.000000e+00
     40 +2.800000e-02 +9.976780e-03 +9.170157e+01 +0.000000e+00
     41 +2.800000e-02 +1.097446e-02 +9.115266e+01 +0.000000e+00
     42 +2.800000e-02 +1.197214e-02 +9.065347e+01 +0.000000e+00
     43 +2.800000e-02 +1.296981e-02 +9.020342e+01 +0.000000e+00
     44 +2.800000e-02 +1.396749e-02 +8.980198e+01 +0.000000e+00
     45 +2.800000e-02 +1.496517e-02 +8.944865e+01 +0.000000e+00
     46 +2.800000e-02 +1.596285e-02 +8.914298e+01 +0.000000e+00
     47 +2.800000e-02 +1.696053e-02 +8.888459e+01 +0.000000e+00
     48 +2.800000e-02 +1.795820e-02 +8.867314e+01 +0.000000e+00
     49 +2.800000e-02 +1.895588e-02 +8.850832e+01 +0.000000e+00
     50 +2.800000e-02 +1.995356e-02 +8.838984e+01 +0.000000e+00
     51 +2.800000e-02 +2.095124e-02 +8.831941e+01 +0.000000e+00
     52 +2.800000e-02 +2.095124e-02 +8.831941e+01 +2.299165e+03
     53 +2.700000e-02 +2.095124e-02 +8.829529e+01 +2.297717e+03
     54 +2.700000e-02 +2.095124e-02 +8.829529e+01 +2.297717e+03
     55 +2.700000e-02 +1.995429e-02 +8.836626e+01 +2.301976e+03
     56 +2.700000e-02 +1.895733e-02 +8.848457e+01 +2.309074e+03
     57 +2.700000e-02 +1.796038e-02 +8.864910e+01 +2.318946e+03
     58 +2.700000e-02 +1.696343e-02 +8.886016e+01 +2.331609e+03
     59 +2.700000e-02 +1.596648e-02 +8.911804e+01 +2.347083e+03
     60 +2.700000e-02 +1.496952e-02 +8.942310e+01 +2.365386e+03
     61 +2.700000e-02 +1.397257e-02 +8.977572e+01 +2.386543e+03
     62 +2.700000e-02 +1.297562e-02 +9.017633e+01 +2.410580e+03
     63 +2.700000e-02 +1.197867e-02 +9.062545e+01 +2.437527e+03
     64 +2.700000e-02 +1.098171e-02 +9.112359e+01 +2.467415e+03
     65 +2.700000e-02 +9.984762e-03 +9.167134e+01 +2.500281e+03
     66 +2.700000e-02 +8.987810e-03 +9.226930e+01 +2.536158e+03
     67 +2.700000e-02 +7.990857e-03 +9.291803e+01 +2.575082e+03
     68 +2.700000e-02 +6.993905e-03 +9.361794e+01 +2.617076e+03
     69 +2.700000e-02 +5.996952e-03 +9.437111e+01 +2.662267e+03
     70 +2.700000e-02 +5.000000e-03 +9.524997e+01 +2.714998e+03
     71 +2.700000e-02 +5.000000e-03 +9.524997e+01 +2.714998e+03
     72 +2.600000e-02 +5.000000e-03 +9.551188e+01 +2.730713e+03
     73 +2.500000e-02 +5.000000e-03 +9.498167e+01 +2.698900e+03
     74 +2.500000e-02 +5.000000e-03 +9.498167e+01 +2.698900e+03
     75 +2.500000e-02 +6.022294e-03 +9.333832e+01 +2.600299e+03
     76 +2.500000e-02 +7.044588e-03 +9.183121e+01 +2.509873e+03
     77 +2.500000e-02 +8.066882e-03 +9.042052e+01 +2.425231e+03
     78 +2.500000e-02 +9.089176e-03 +8.910854e+01 +2.346512e+03
     79 +2.500000e-02 +1.011147e-02 +8.789330e+01 +2.273598e+03
     80 +2.500000e-02 +1.113376e-02 +8.677209e+01 +2.206325e+03
     81 +2.500000e-02 +1.215606e-02 +8.574220e+01 +2.144532e+03
     82 +2.500000e-02 +1.317835e-02 +8.480111e+01 +2.088067e+03
     83 +2.500000e-02 +1.420065e-02 +8.394650e+01 +2.036790e+03
     84 +2.500000e-02 +1.522294e-02 +8.317625e+01 +1.990575e+03
     85 +2.500000e-02 +1.624524e-02 +8.248848e+01 +1.949309e+03
     86 +2.500000e-02 +1.726753e-02 +8.188148e+01 +1.912889e+03
     87 +2.500000e-02 +1.828982e-02 +8.135375e+01 +1.881225e+03
     88 +2.500000e-02 +1.931212e-02 +8.090400e+01 +1.854240e+03
     89 +2.500000e-02 +2.033441e-02 +8.053109e+01 +1.831866e+03
     90 +2.500000e-02 +2.135671e-02 +8.023398e+01 +1.814039e+03
     91 +2.500000e-02 +2.237900e-02 +8.001155e+01 +1.800693e+03
     92 +2.500000e-02 +2.340129e-02 +7.986305e+01 +1.791783e+03
     93 +2.500000e-02 +2.442359e-02 +7.979035e+01 +1.787421e+03
     94 +2.500000e-02 +2.442359e-02 +7.979035e+01 +1.787421e+03
     95 +2.400000e-02 +2.442359e-02 +7.979024e+01 +1.787414e+03
     96 +2.400000e-02 +2.442359e-02 +7.979024e+01 +1.787414e+03
     97 +2.400000e-02 +2.340129e-02 +7.986269e+01 +1.791761e+03
     98 +2.400000e-02 +2.237900e-02 +8.001104e+01 +1.800663e+03
     99 +2.400000e-02 +2.135671e-02 +8.023347e+01 +1.814008e+03
    100 +2.400000e-02 +2.033441e-02 +8.053070e+01 +1.831842e+03
    101 +2.400000e-02 +1.931212e-02 +8.090366e+01 +1.854220e+03
    102 +2.400000e-02 +1.828982e-02 +8.135342e+01 +1.881205e+03
    103 +2.400000e-02 +1.726753e-02 +8.188114e+01 +1.912868e+03
    104 +2.400000e-02 +1.624524e-02 +8.248813e+01 +1.949288e+03
    105 +2.400000e-02 +1.522294e-02 +8.317589e+01 +1.990554e+03
    106 +2.400000e-02 +1.420065e-02 +8.394612e+01 +2.036767e+03
    107 +2.400000e-02 +1.317835e-02 +8.480072e+01 +2.088043e+03
    108 +2.400000e-02 +1.215606e-02 +8.574179e+01 +2.144507e+03
    109 +2.400000e-02 +1.113376e-02 +8.677166e+01 +2.206299e+03
    110 +2.400000e-02 +1.011147e-02 +8.789285e+01 +2.273571e+03
    111 +2.400000e-02 +9.089176e-03 +8.910810e+01 +2.346486e+03
    112 +2.400000e-02 +8.066882e-03 +9.042018e+01 +2.425211e+03
    113 +2.400000e-02 +7.044588e-03 +9.183130e+01 +2.509878e+03
    114 +2.400000e-02 +6.022294e-03 +9.333957e+01 +2.600374e+03
    115 +2.400000e-02 +5.000000e-03 +9.498765e+01 +2.699259e+03
    116 +2.400000e-02 +5.000000e-03 +9.498765e+01 +2.699259e+03
    117 +2.300000e-02 +5.000000e-03 +9.552543e+01 +2.731526e+03
    118 +2.200000e-02 +5.000000e-03 +9.511926e+01 +2.707156e+03
    119 +2.200000e-02 +5.000000e-03 +9.511926e+01 +2.707156e+03
    120 +2.200000e-02 +6.013037e-03 +9.351263e+01 +2.610758e+03
    121 +2.200000e-02 +7.026073e-03 +9.200987e+01 +2.520592e+03
    122 +2.200000e-02 +8.039110e-03 +9.060185e+01 +2.436111e+03
    123 +2.200000e-02 +9.052146e-03 +8.929222e+01 +2.357533e+03
    124 +2.200000e-02 +1.006518e-02 +8.807908e+01 +2.284745e+03
    125 +2.200000e-02 +1.107822e-02 +8.695976e+01 +2.217585e+03
    126 +2.200000e-02 +1.209126e-02 +8.593155e+01 +2.155893e+03
    127 +2.200000e-02 +1.310429e-02 +8.499194e+01 +2.099516e+03
    128 +2.200000e-02 +1.411733e-02 +8.413861e+01 +2.048316e+03
    129 +2.200000e-02 +1.513037e-02 +8.336946e+01 +2.002167e+03
    130 +2.200000e-02 +1.614340e-02 +8.268259e+01 +1.960956e+03
    131 +2.200000e-02 +1.715644e-02 +8.207633e+01 +1.924580e+03
    132 +2.200000e-02 +1.816948e-02 +8.154917e+01 +1.892950e+03
    133 +2.200000e-02 +1.918251e-02 +8.109982e+01 +1.865989e+03
    134 +2.200000e-02 +2.019555e-02 +8.072718e+01 +1.843631e+03
    135 +2.200000e-02 +2.120859e-02 +8.043030e+01 +1.825818e+03
    136 +2.200000e-02 +2.222162e-02 +8.020838e+01 +1.812503e+03
    137 +2.200000e-02 +2.323466e-02 +8.006061e+01 +1.803637e+03
    138 +2.200000e-02 +2.424770e-02 +7.998841e+01 +1.799305e+03
    139 +2.200000e-02 +2.424770e-02 +7.998841e+01 +1.799305e+03
    140 +2.100000e-02 +2.424770e-02 +7.998895e+01 +1.799337e+03
    141 +2.100000e-02 +2.424770e-02 +7.998895e+01 +1.799337e+03
    142 +2.100000e-02 +2.323466e-02 +8.006082e+01 +1.803649e+03
    143 +2.100000e-02 +2.222162e-02 +8.020842e+01 +1.812505e+03
    144 +2.100000e-02 +2.120859e-02 +8.043027e+01 +1.825816e+03
    145 +2.100000e-02 +2.019555e-02 +8.072714e+01 +1.843629e+03
    146 +2.100000e-02 +1.918251e-02 +8.109979e+01 +1.865987e+03
    147 +2.100000e-02 +1.816948e-02 +8.154914e+01 +1.892948e+03
    148 +2.100000e-02 +1.715644e-02 +8.207630e+01 +1.924578e+03
    149 +2.100000e-02 +1.614340e-02 +8.268256e+01 +1.960954e+03
    150 +2.100000e-02 +1.513037e-02 +8.336943e+01 +2.002166e+03
    151 +2.100000e-02 +1.411733e-02 +8.413858e+01 +2.048315e+03
    152 +2.100000e-02 +1.310429e-02 +8.499191e+01 +2.099514e+03
    153 +2.100000e-02 +1.209126e-02 +8.593152e+01 +2.155891e+03
    154 +2.100000e-02 +1.107822e-02 +8.695972e+01 +2.217583e+03
    155 +2.100000e-02 +1.006518e-02 +8.807905e+01 +2.284743e+03
    156 +2.100000e-02 +9.052146e-03 +8.929219e+01 +2.357531e+03
    157 +2.100000e-02 +8.039110e-03 +9.060181e+01 +2.436108e+03
    158 +2.100000e-02 +7.026073e-03 +9.200972e+01 +2.520583e+03
    159 +2.100000e-02 +6.013037e-03 +9.351360e+01 +2.610816e+03
    160 +2.100000e-02 +5.000000e-03 +9.518238e+01 +2.710943e+03
    161 +2.100000e-02 +5.000000e-03 +9.518238e+01 +2.710943e+03
    162 +2.000000e-02 +5.000000e-03 +9.582610e+01 +2.749566e+03
    163 +1.900000e-02 +5.000000e-03 +9.553354e+01 +2.732012e+03
    164 +1.900000e-02 +5.000000e-03 +9.553354e+01 +2.732012e+03
    165 +1.900000e-02 +6.024219e-03 +9.396594e+01 +2.637956e+03
    166 +1.900000e-02 +7.048437e-03 +9.247801e+01 +2.548681e+03
    167 +1.900000e-02 +8.072656e-03 +9.108888e+01 +2.465333e+03
    168 +1.900000e-02 +9.096875e-03 +8.980184e+01 +2.388111e+03
    169 +1.900000e-02 +1.012109e-02 +8.861470e+01 +2.316882e+03
    170 +1.900000e-02 +1.114531e-02 +8.752469e+01 +2.251482e+03
    171 +1.900000e-02 +1.216953e-02 +8.652908e+01 +2.191745e+03
    172 +1.900000e-02 +1.319375e-02 +8.562508e+01 +2.137505e+03
    173 +1.900000e-02 +1.421797e-02 +8.481003e+01 +2.088602e+03
    174 +1.900000e-02 +1.524219e-02 +8.408175e+01 +2.044905e+03
    175 +1.900000e-02 +1.626641e-02 +8.343858e+01 +2.006315e+03
    176 +1.900000e-02 +1.729062e-02 +8.287913e+01 +1.972748e+03
    177 +1.900000e-02 +1.831484e-02 +8.240212e+01 +1.944127e+03
    178 +1.900000e-02 +1.933906e-02 +8.200637e+01 +1.920382e+03
    179 +1.900000e-02 +2.036328e-02 +8.169082e+01 +1.901449e+03
    180 +1.900000e-02 +2.138750e-02 +8.145456e+01 +1.887274e+03
    181 +1.900000e-02 +2.241172e-02 +8.129675e+01 +1.877805e+03
    182 +1.900000e-02 +2.343594e-02 +8.121921e+01 +1.873153e+03
    183 +1.900000e-02 +2.343594e-02 +8.121921e+01 +1.873153e+03
    184 +1.800000e-02 +2.343594e-02 +8.121973e+01 +1.873184e+03
    185 +1.800000e-02 +2.343594e-02 +8.121973e+01 +1.873184e+03
    186 +1.800000e-02 +2.241172e-02 +8.129704e+01 +1.877823e+03
    187 +1.800000e-02 +2.138750e-02 +8.145479e+01 +1.887288e+03
    188 +1.800000e-02 +2.036328e-02 +8.169099e+01 +1.901459e+03
    189 +1.800000e-02 +1.933906e-02 +8.200648e+01 +1.920389e+03
    190 +1.800000e-02 +1.831484e-02 +8.240220e+01 +1.944132e+03
    191 +1.800000e-02 +1.729062e-02 +8.287922e+01 +1.972753e+03
    192 +1.800000e-02 +1.626641e-02 +8.343873e+01 +2.006324e+03
    193 +1.800000e-02 +1.524219e-02 +8.408202e+01 +2.044921e+03
    194 +1.800000e-02 +1.421797e-02 +8.481045e+01 +2.088627e+03
    195 +1.800000e-02 +1.319375e-02 +8.562543e+01 +2.137526e+03
    196 +1.800000e-02 +1.216953e-02 +8.652916e+01 +2.191749e+03
    197 +1.800000e-02 +1.114531e-02 +8.752464e+01 +2.251479e+03
    198 +1.800000e-02 +1.012109e-02 +8.861463e+01 +2.316878e+03
    199 +1.800000e-02 +9.096875e-03 +8.980177e+01 +2.388106e+03
    200 +1.800000e-02 +8.072656e-03 +9.108871e+01 +2.465323e+03
    201 +1.800000e-02 +7.048437e-03 +9.247725e+01 +2.548635e+03
    202 +1.800000e-02 +6.024219e-03 +9.396617e+01 +2.637970e+03
    203 +1.800000e-02 +5.000000e-03 +9.565660e+01 +2.739396e+03
    204 +1.800000e-02 +5.000000e-03 +9.565660e+01 +2.739396e+03
    205 +1.700000e-02 +5.000000e-03 +9.643191e+01 +2.785914e+03
    206 +1.600000e-02 +5.000000e-03 +9.646134e+01 +2.787680e+03
    207 +1.600000e-02 +5.000000e-03 +9.646134e+01 +2.787680e+03
    208 +1.600000e-02 +5.980476e-03 +9.570019e+01 +2.742011e+03
    209 +1.600000e-02 +6.960953e-03 +9.499629e+01 +2.699777e+03
    210 +1.600000e-02 +7.941429e-03 +9.438888e+01 +2.663333e+03
    211 +1.600000e-02 +8.921906e-03 +9.388261e+01 +2.632957e+03
    212 +1.600000e-02 +9.902382e-03 +9.347728e+01 +2.608637e+03
    213 +1.600000e-02 +1.088286e-02 +9.317211e+01 +2.590327e+03
    214 +1.600000e-02 +1.186333e-02 +9.296632e+01 +2.577979e+03
    215 +1.600000e-02 +1.284381e-02 +9.286306e+01 +2.571783e+03
    216 +1.600000e-02 +1.284381e-02 +9.286306e+01 +2.571783e+03
    217 +1.500000e-02 +1.284381e-02 +9.286299e+01 +2.571780e+03
    218 +1.500000e-02 +1.284381e-02 +9.286299e+01 +2.571780e+03
    219 +1.500000e-02 +1.186333e-02 +9.296629e+01 +2.577978e+03
    220 +1.500000e-02 +1.088286e-02 +9.317209e+01 +2.590326e+03
    221 +1.500000e-02 +9.902382e-03 +9.347726e+01 +2.608636e+03
    222 +1.500000e-02 +8.921906e-03 +9.388260e+01 +2.632956e+03
    223 +1.500000e-02 +7.941429e-03 +9.438883e+01 +2.663330e+03
    224 +1.500000e-02 +6.960953e-03 +9.499602e+01 +2.699761e+03
    225 +1.500000e-02 +5.980476e-03 +9.570218e+01 +2.742131e+03
    226 +1.500000e-02 +5.000000e-03 +9.656877e+01 +2.794126e+03
    227 +1.500000e-02 +5.000000e-03 +9.656877e+01 +2.794126e+03
    228 +1.400000e-02 +5.000000e-03 +9.694715e+01 +2.816829e+03
    229 +1.300000e-02 +5.000000e-03 +9.662465e+01 +2.797479e+03
    230 +1.300000e-02 +5.000000e-03 +9.662465e+01 +2.797479e+03
    231 +1.300000e-02 +6.005478e-03 +9.522977e+01 +2.713786e+03
    232 +1.300000e-02 +7.010955e-03 +9.393252e+01 +2.635951e+03
    233 +1.300000e-02 +8.016433e-03 +9.273437e+01 +2.564062e+03
    234 +1.300000e-02 +9.021911e-03 +9.163845e+01 +2.498307e+03
    235 +1.300000e-02 +1.002739e-02 +9.064320e+01 +2.438592e+03
    236 +1.300000e-02 +1.103287e-02 +8.974648e+01 +2.384789e+03
    237 +1.300000e-02 +1.203834e-02 +8.894620e+01 +2.336772e+03
    238 +1.300000e-02 +1.304382e-02 +8.824027e+01 +2.294416e+03
    239 +1.300000e-02 +1.404930e-02 +8.762625e+01 +2.257575e+03
    240 +1.300000e-02 +1.505478e-02 +8.710228e+01 +2.226137e+03
    241 +1.300000e-02 +1.606026e-02 +8.666711e+01 +2.200027e+03
    242 +1.300000e-02 +1.706573e-02 +8.631955e+01 +2.179173e+03
    243 +1.300000e-02 +1.807121e-02 +8.605866e+01 +2.163519e+03
    244 +1.300000e-02 +1.907669e-02 +8.588374e+01 +2.153024e+03
    245 +1.300000e-02 +2.008217e-02 +8.579712e+01 +2.147827e+03
    246 +1.300000e-02 +2.008217e-02 +8.579712e+01 +2.147827e+03
    247 +1.200000e-02 +2.008217e-02 +8.579769e+01 +2.147862e+03
    248 +1.200000e-02 +2.008217e-02 +8.579769e+01 +2.147862e+03
    249 +1.200000e-02 +1.907669e-02 +8.588405e+01 +2.153043e+03
    250 +1.200000e-02 +1.807121e-02 +8.605903e+01 +2.163542e+03
    251 +1.200000e-02 +1.706573e-02 +8.631997e+01 +2.179198e+03
    252 +1.200000e-02 +1.606026e-02 +8.666738e+01 +2.200043e+03
    253 +1.200000e-02 +1.505478e-02 +8.710213e+01 +2.226128e+03
    254 +1.200000e-02 +1.404930e-02 +8.762582e+01 +2.257549e+03
    255 +1.200000e-02 +1.304382e-02 +8.823992e+01 +2.294395e+03
    256 +1.200000e-02 +1.203834e-02 +8.894612e+01 +2.336767e+03
    257 +1.200000e-02 +1.103287e-02 +8.974651e+01 +2.384790e+03
    258 +1.200000e-02 +1.002739e-02 +9.064325e+01 +2.438595e+03
    259 +1.200000e-02 +9.021911e-03 +9.163850e+01 +2.498310e+03
    260 +1.200000e-02 +8.016433e-03 +9.273442e+01 +2.564065e+03
    261 +1.200000e-02 +7.010955e-03 +9.393254e+01 +2.635953e+03
    262 +1.200000e-02 +6.005478e-03 +9.523172e+01 +2.713903e+03
    263 +1.200000e-02 +5.000000e-03 +9.670991e+01 +2.802594e+03
    264 +1.200000e-02 +5.000000e-03 +9.670991e+01 +2.802594e+03
    265 +1.100000e-02 +5.000000e-03 +9.734639e+01 +2.840783e+03
    266 +1.000000e-02 +5.000000e-03 +9.722680e+01 +2.833608e+03
    267 +1.000000e-02 +5.000000e-03 +9.722680e+01 +2.833608e+03
    268 +1.000000e-02 +5.960542e-03 +9.621693e+01 +2.773016e+03
    269 +1.000000e-02 +6.921083e-03 +9.527649e+01 +2.716590e+03
    270 +1.000000e-02 +7.881625e-03 +9.442966e+01 +2.665780e+03
    271 +1.000000e-02 +8.842167e-03 +9.368054e+01 +2.620832e+03
    272 +1.000000e-02 +9.802709e-03 +9.302835e+01 +2.581701e+03
    273 +1.000000e-02 +1.076325e-02 +9.247174e+01 +2.548304e+03
    274 +1.000000e-02 +1.172379e-02 +9.200914e+01 +2.520548e+03
    275 +1.000000e-02 +1.268433e-02 +9.163903e+01 +2.498342e+03
    276 +1.000000e-02 +1.364488e-02 +9.136031e+01 +2.481619e+03
    277 +1.000000e-02 +1.460542e-02 +9.117227e+01 +2.470336e+03
    278 +1.000000e-02 +1.556596e-02 +9.107777e+01 +2.464666e+03
    279 +1.000000e-02 +1.556596e-02 +9.107777e+01 +2.464666e+03
    280 +9.000000e-03 +1.556596e-02 +9.107878e+01 +2.464727e+03
    281 +9.000000e-03 +1.556596e-02 +9.107878e+01 +2.464727e+03
    282 +9.000000e-03 +1.460542e-02 +9.117270e+01 +2.470362e+03
    283 +9.000000e-03 +1.364488e-02 +9.136076e+01 +2.481645e+03
    284 +9.000000e-03 +1.268433e-02 +9.163954e+01 +2.498372e+03
    285 +9.000000e-03 +1.172379e-02 +9.200952e+01 +2.520571e+03
    286 +9.000000e-03 +1.076325e-02 +9.247179e+01 +2.548307e+03
    287 +9.000000e-03 +9.802709e-03 +9.302820e+01 +2.581692e+03
    288 +9.000000e-03 +8.842167e-03 +9.368032e+01 +2.620819e+03
    289 +9.000000e-03 +7.881625e-03 +9.442933e+01 +2.665760e+03
    290 +9.000000e-03 +6.921083e-03 +9.527568e+01 +2.716541e+03
    291 +9.000000e-03 +5.960542e-03 +9.621805e+01 +2.773083e+03
    292 +9.000000e-03 +5.000000e-03 +9.733344e+01 +2.840006e+03
    293 +9.000000e-03 +5.000000e-03 +9.733344e+01 +2.840006e+03
    294 +8.000000e-03 +5.000000e-03 +9.787089e+01 +2.872253e+03
    295 +7.000000e-03 +5.000000e-03 +9.782461e+01 +2.869477e+03
    296 +7.000000e-03 +5.000000e-03 +9.782461e+01 +2.869477e+03
    297 +7.000000e-03 +6.051465e-03 +9.712096e+01 +2.827257e+03
    298 +7.000000e-03 +7.102929e-03 +9.651882e+01 +2.791129e+03
    299 +7.000000e-03 +8.154394e-03 +9.603417e+01 +2.762050e+03
    300 +7.000000e-03 +9.205859e-03 +9.566992e+01 +2.740195e+03
    301 +7.000000e-03 +1.025732e-02 +9.542572e+01 +2.725543e+03
    302 +7.000000e-03 +1.130879e-02 +9.530481e+01 +2.718289e+03
    303 +7.000000e-03 +1.130879e-02 +9.530481e+01 +2.718289e+03
    304 +6.000000e-03 +1.130879e-02 +9.530458e+01 +2.718275e+03
    305 +6.000000e-03 +1.130879e-02 +9.530458e+01 +2.718275e+03
    306 +6.000000e-03 +1.025732e-02 +9.542561e+01 +2.725537e+03
    307 +6.000000e-03 +9.205859e-03 +9.566981e+01 +2.740189e+03
    308 +6.000000e-03 +8.154394e-03 +9.603405e+01 +2.762043e+03
    309 +6.000000e-03 +7.102929e-03 +9.651860e+01 +2.791116e+03
    310 +6.000000e-03 +6.051465e-03 +9.712142e+01 +2.827285e+03
    311 +6.000000e-03 +5.000000e-03 +9.787458e+01 +2.872475e+03
    312 +6.000000e-03 +5.000000e-03 +9.787458e+01 +2.872475e+03
    313 +5.000000e-03 +5.000000e-03 +9.810741e+01 +2.886444e+03
    314 +4.000000e-03 +5.000000e-03 +9.774857e+01 +2.864914e+03
    315 +4.000000e-03 +5.000000e-03 +9.774857e+01 +2.864914e+03
    316 +4.000000e-03 +6.013270e-03 +9.658054e+01 +2.794832e+03
    317 +4.000000e-03 +7.026540e-03 +9.554664e+01 +2.732798e+03
    318 +4.000000e-03 +8.039810e-03 +9.461913e+01 +2.677148e+03
    319 +4.000000e-03 +9.053080e-03 +9.379976e+01 +2.627986e+03
    320 +4.000000e-03 +1.006635e-02 +9.308736e+01 +2.585242e+03
    321 +4.000000e-03 +1.107962e-02 +9.248030e+01 +2.548818e+03
    322 +4.000000e-03 +1.209289e-02 +9.197647e+01 +2.518588e+03
    323 +4.000000e-03 +1.310616e-02 +9.157384e+01 +2.494430e+03
    324 +4.000000e-03 +1.411943e-02 +9.127150e+01 +2.476290e+03
    325 +4.000000e-03 +1.513270e-02 +9.106884e+01 +2.464131e+03
    326 +4.000000e-03 +1.614597e-02 +9.096882e+01 +2.458129e+03
    327 +4.000000e-03 +1.614597e-02 +9.096882e+01 +2.458129e+03
    328 +3.000000e-03 +1.614597e-02 +9.096858e+01 +2.458115e+03
    329 +3.000000e-03 +1.614597e-02 +9.096858e+01 +2.458115e+03
    330 +3.000000e-03 +1.513270e-02 +9.106882e+01 +2.464129e+03
    331 +3.000000e-03 +1.411943e-02 +9.127148e+01 +2.476289e+03
    332 +3.000000e-03 +1.310616e-02 +9.157375e+01 +2.494425e+03
    333 +3.000000e-03 +1.209289e-02 +9.197641e+01 +2.518584e+03
    334 +3.000000e-03 +1.107962e-02 +9.248056e+01 +2.548833e+03
    335 +3.000000e-03 +1.006635e-02 +9.308791e+01 +2.585275e+03
    336 +3.000000e-03 +9.053080e-03 +9.380039e+01 +2.628023e+03
    337 +3.000000e-03 +8.039810e-03 +9.461975e+01 +2.677185e+03
    338 +3.000000e-03 +7.026540e-03 +9.554722e+01 +2.732833e+03
    339 +3.000000e-03 +6.013270e-03 +9.658128e+01 +2.794877e+03
    340 +3.000000e-03 +5.000000e-03 +9.775295e+01 +2.865177e+03
    341 +3.000000e-03 +5.000000e-03 +9.775295e+01 +2.865177e+03
    342 +2.000000e-03 +5.000000e-03 +9.811884e+01 +2.887130e+03
    343 +1.000000e-03 +5.000000e-03 +9.783153e+01 +2.869892e+03
    344 +1.000000e-03 +5.000000e-03 +9.783153e+01 +2.869892e+03
    345 +1.000000e-03 +6.026915e-03 +9.695311e+01 +2.817187e+03
    346 +1.000000e-03 +7.053831e-03 +9.621101e+01 +2.772660e+03
    347 +1.000000e-03 +8.080746e-03 +9.552855e+01 +2.731713e+03
    348 +1.000000e-03 +9.107662e-03 +9.490374e+01 +2.694224e+03
    349 +1.000000e-03 +1.013458e-02 +9.433618e+01 +2.660171e+03
    350 +1.000000e-03 +1.116149e-02 +9.382533e+01 +2.629520e+03
    351 +1.000000e-03 +1.218841e-02 +9.337062e+01 +2.602237e+03
    352 +1.000000e-03 +1.321532e-02 +9.297148e+01 +2.578289e+03
    353 +1.000000e-03 +1.424224e-02 +9.262744e+01 +2.557646e+03
    354 +1.000000e-03 +1.526915e-02 +9.233804e+01 +2.540282e+03
    355 +1.000000e-03 +1.629607e-02 +9.210268e+01 +2.526161e+03
    356 +1.000000e-03 +1.732299e-02 +9.192009e+01 +2.515205e+03
    357 +1.000000e-03 +1.834990e-02 +9.178929e+01 +2.507357e+03
    358 +1.000000e-03 +1.937682e-02 +9.171183e+01 +2.502710e+03
    359 +1.000000e-03 +1.937682e-02 +9.171183e+01 +2.502710e+03
    360 +0.000000e+00 +1.937682e-02 +9.173665e+01 +2.504199e+03
    361 +0.000000e+00 +1.937682e-02 +9.173665e+01 +0.000000e+00
    362 +0.000000e+00 +1.835698e-02 +9.181349e+01 +0.000000e+00
    363 +0.000000e+00 +1.733715e-02 +9.194293e+01 +0.000000e+00
    364 +0.000000e+00 +1.631732e-02 +9.212372e+01 +0.000000e+00
    365 +0.000000e+00 +1.529749e-02 +9.235666e+01 +0.000000e+00
    366 +0.000000e+00 +1.427765e-02 +9.264271e+01 +0.000000e+00
    367 +0.000000e+00 +1.325782e-02 +9.298256e+01 +0.000000e+00
    368 +0.000000e+00 +1.223799e-02 +9.337673e+01 +0.000000e+00
    369 +0.000000e+00 +1.121816e-02 +9.382575e+01 +0.000000e+00
    370 +0.000000e+00 +1.019832e-02 +9.433013e+01 +0.000000e+00
    371 +0.000000e+00 +9.178492e-03 +9.489045e+01 +0.000000e+00
    372 +0.000000e+00 +8.158659e-03 +9.550718e+01 +0.000000e+00
    373 +0.000000e+00 +7.138827e-03 +9.618030e+01 +0.000000e+00
    374 +0.000000e+00 +6.118995e-03 +9.690559e+01 +0.000000e+00
    375 +0.000000e+00 +5.099162e-03 +9.763515e+01 +0.000000e+00
    376 +0.000000e+00 +4.079330e-03 +9.823249e+01 +0.000000e+00
    377 +0.000000e+00 +3.059497e-03 +9.872409e+01 +0.000000e+00
    378 +0.000000e+00 +2.039665e-03 +9.919089e+01 +0.000000e+00
    379 +0.000000e+00 +1.019832e-03 +9.965728e+01 +0.000000e+00
    380 +0.000000e+00 +0.000000e+00 +1.001294e+02 +0.000000e+00

%_intp_ ______x1_____ ______x2_____ ______T______ _____qx1_____ _____qx2_____
      1 +1.400000e-02 +5.000000e-04 +9.874474e+01 +7.346674e+03 +2.318446e+04
      2 +1.400000e-02 +6.379310e-04 +9.868083e+01 +7.339866e+03 +2.315362e+04
      3 +1.400000e-02 +7.758621e-04 +9.861700e+01 +7.331307e+03 +2.312261e+04
      4 +1.400000e-02 +9.137931e-04 +9.855325e+01 +7.320707e+03 +2.309093e+04
      5 +1.400000e-02 +1.051724e-03 +9.848960e+01 +7.307733e+03 +2.305828e+04
      6 +1.400000e-02 +1.189655e-03 +9.842604e+01 +7.291998e+03 +2.302436e+04
      7 +1.400000e-02 +1.327586e-03 +9.836257e+01 +7.273052e+03 +2.298889e+04
      8 +1.400000e-02 +1.465517e-03 +9.829920e+01 +7.250373e+03 +2.295151e+04
      9 +1.400000e-02 +1.603448e-03 +9.823594e+01 +7.223356e+03 +2.291183e+04
     10 +1.400000e-02 +1.741379e-03 +9.817280e+01 +7.191308e+03 +2.286934e+04
     11 +1.400000e-02 +1.879310e-03 +9.810977e+01 +7.153433e+03 +2.282340e+04
     12 +1.400000e-02 +2.017241e-03 +9.804688e+01 +7.108823e+03 +2.277321e+04
     13 +1.400000e-02 +2.155172e-03 +9.798413e+01 +7.056448e+03 +2.271772e+04
     14 +1.400000e-02 +2.293103e-03 +9.792154e+01 +6.995143e+03 +2.265558e+04
     15 +1.400000e-02 +2.431034e-03 +9.785914e+01 +6.923597e+03 +2.258504e+04
     16 +1.400000e-02 +2.568966e-03 +9.779695e+01 +6.840344e+03 +2.250377e+04
     17 +1.400000e-02 +2.706897e-03 +9.773500e+01 +6.743759e+03 +2.240874e+04
     18 +1.400000e-02 +2.844828e-03 +9.767333e+01 +6.632053e+03 +2.229591e+04
     19 +1.400000e-02 +2.982759e-03 +9.761201e+01 +6.503289e+03 +2.215994e+04
     20 +1.400000e-02 +3.120690e-03 +9.755110e+01 +6.355403e+03 +2.199378e+04
     21 +1.400000e-02 +3.258621e-03 +9.749070e+01 +6.186254e+03 +2.178805e+04
     22 +1.400000e-02 +3.396552e-03 +9.743093e+01 +5.993707e+03 +2.153033e+04
     23 +1.400000e-02 +3.534483e-03 +9.737197e+01 +5.775766e+03 +2.120418e+04
     24 +1.400000e-02 +3.672414e-03 +9.731403e+01 +5.530780e+03 +2.078789e+04
     25 +1.400000e-02 +3.810345e-03 +9.725739e+01 +5.257735e+03 +2.025283e+04
     26 +1.400000e-02 +3.948276e-03 +9.720243e+01 +4.956673e+03 +1.956144e+04
     27 +1.400000e-02 +4.086207e-03 +9.714965e+01 +4.629236e+03 +1.866443e+04
     28 +1.400000e-02 +4.224138e-03 +9.709970e+01 +4.279319e+03 +1.749706e+04
     29 +1.400000e-02 +4.362069e-03 +9.705344e+01 +3.913738e+03 +1.597272e+04
     30 +1.400000e-02 +4.500000e-03 +9.701202e+01 +3.542654e+03 +1.396884e+04

