%_node_ ______x1_____ ______x2_____ ______T______ ______q______
      1 +0.000000e+00 +0.000000e+00 +9.886016e+01 -2.329200e+04
      2 +1.000000e-03 +0.000000e+00 +9.885705e+01 -2.329200e+04
      3 +2.000000e-03 +0.000000e+00 +9.884721e+01 -2.329200e+04
      4 +3.000000e-03 +0.000000e+00 +9.883166e+01 -2.329200e+04
      5 +4.000000e-03 +0.000000e+00 +9.881118e+01 -2.329200e+04
      6 +5.000000e-03 +0.000000e+00 +9.878600e+01 -2.329200e+04
      7 +6.000000e-03 +0.000000e+00 +9.875586e+01 -2.329200e+04
      8 +7.000000e-03 +0.000000e+00 +9.872043e+01 -2.329200e+04
      9 +8.000000e-03 +0.000000e+00 +9.867986e+01 -2.329200e+04
     10 +9.000000e-03 +0.000000e+00 +9.863492e+01 -2.329200e+04
     11 +1.000000e-02 +0.000000e+00 +9.858691e+01 -2.329200e+04
     12 +1.100000e-02 +0.000000e+00 +9.853742e+01 -2.329200e+04
     13 +1.200000e-02 +0.000000e+00 +9.848816e+01 -2.329200e+04
     14 +1.300000e-02 +0.000000e+00 +9.844095e+01 -2.329200e+04
     15 +1.400000e-02 +0.000000e+00 +9.839743e+01 -2.329200e+04
     16 +1.500000e-02 +0.000000e+00 +9.835885e+01 -2.329200e+04
     17 +1.600000e-02 +0.000000e+00 +9.832568e+01 -2.329200e+04
     18 +1.700000e-02 +0.000000e+00 +9.829722e+01 -2.329200e+04
     19 +1.800000e-02 +0.000000e+00 +9.827187e+01 -2.329200e+04
     20 +1.900000e-02 +0.000000e+00 +9.824811e+01 -2.329200e+04
     21 +2.000000e-02 +0.000000e+00 +9.822531e+01 -2.329200e+04
     22 +2.100000e-02 +0.000000e+00 +9.820386e+01 -2.329200e+04
     23 +2.200000e-02 +0.000000e+00 +9.818465e+01 -2.329200e+04
     24 +2.300000e-02 +0.000000e+00 +9.816834e+01 -2.329200e+04
     25 +2.400000e-02 +0.000000e+00 +9.815512e+01 -2.329200e+04
     26 +2.500000e-02 +0.000000e+00 +9.814491e+01 -2.329200e+04
     27 +2.600000e-02 +0.000000e+00 +9.813757e+01 -2.329200e+04
     28 +2.700000e-02 +0.000000e+00 +9.813308e+01 -2.329200e+04
     29 +2.800000e-02 +0.000000e+00 +9.813170e+01 -2.329200e+04
     30 +2.800000e-02 +0.000000e+00 +9.813170e+01 +0.000000e+00
     31 +2.800000e-02 +9.843852e-04 +9.801560e+01 +0.000000e+00
     32 +2.800000e-02 +1.968770e-03 +9.789616e+01 +0.000000e+00
     33 +2.800000e-02 +2.953155e-03 +9.777217e+01 +0.000000e+00
     34 +2.800000e-02 +3.937541e-03 +9.763797e+01 +0.000000e+00
     35 +2.800000e-02 +4.921926e-03 +9.747327e+01 +0.000000e+00
     36 +2.800000e-02 +5.906311e-03 +9.726261e+01 +0.000000e+00
     37 +2.800000e-02 +6.890696e-03 +9.704324e+01 +0.000000e+00
     38 +2.800000e-02 +7.875081e-03 +9.683489e+01 +0.000000e+00
     39 +2.800000e-02 +8.859466e-03 +9.663991e+01 +0.000000e+00
     40 +2.800000e-02 +9.843852e-03 +9.645860e+01 +0.000000e+00
     41 +2.800000e-02 +1.082824e-02 +9.629099e+01 +0.000000e+00
     42 +2.800000e-02 +1.181262e-02 +9.613708e+01 +0.000000e+00
     43 +2.800000e-02 +1.279701e-02 +9.599682e+01 +0.000000e+00
     44 +2.800000e-02 +1.378139e-02 +9.587019e+01 +0.000000e+00
     45 +2.800000e-02 +1.476578e-02 +9.575716e+01 +0.000000e+00
     46 +2.800000e-02 +1.575016e-02 +9.565768e+01 +0.000000e+00
     47 +2.800000e-02 +1.673455e-02 +9.557170e+01 +0.000000e+00
     48 +2.800000e-02 +1.771893e-02 +9.549910e+01 +0.000000e+00
     49 +2.800000e-02 +1.870332e-02 +9.543969e+01 +0.000000e+00
     50 +2.800000e-02 +1.968770e-02 +9.539333e+01 +0.000000e+00
     51 +2.800000e-02 +2.067209e-02 +9.535995e+01 +0.000000e+00
     52 +2.800000e-02 +2.165647e-02 +9.533999e+01 +0.000000e+00
     53 +2.800000e-02 +2.165647e-02 +9.533999e+01 +2.720400e+03
     54 +2.700000e-02 +2.165647e-02 +9.533322e+01 +2.719993e+03
     55 +2.700000e-02 +2.165647e-02 +9.533322e+01 +2.719993e+03
     56 +2.700000e-02 +2.067668e-02 +9.535305e+01 +2.721183e+03
     57 +2.700000e-02 +1.969689e-02 +9.538619e+01 +2.723171e+03
     58 +2.700000e-02 +1.871710e-02 +9.543217e+01 +2.725930e+03
     59 +2.700000e-02 +1.773730e-02 +9.549102e+01 +2.729461e+03
     60 +2.700000e-02 +1.675751e-02 +9.556289e+01 +2.733774e+03
     61 +2.700000e-02 +1.577772e-02 +9.564807e+01 +2.738884e+03
     62 +2.700000e-02 +1.479793e-02 +9.574665e+01 +2.744799e+03
     63 +2.700000e-02 +1.381813e-02 +9.585866e+01 +2.751520e+03
     64 +2.700000e-02 +1.283834e-02 +9.598414e+01 +2.759049e+03
     65 +2.700000e-02 +1.185855e-02 +9.612312e+01 +2.767387e+03
     66 +2.700000e-02 +1.087876e-02 +9.627562e+01 +2.776537e+03
     67 +2.700000e-02 +9.898963e-03 +9.644167e+01 +2.786500e+03
     68 +2.700000e-02 +8.919170e-03 +9.662131e+01 +2.797279e+03
     69 +2.700000e-02 +7.939378e-03 +9.681452e+01 +2.808871e+03
     70 +2.700000e-02 +6.959585e-03 +9.702124e+01 +2.821274e+03
     71 +2.700000e-02 +5.979793e-03 +9.724203e+01 +2.834522e+03
     72 +2.700000e-02 +5.000000e-03 +9.750043e+01 +2.850026e+03
     73 +2.700000e-02 +5.000000e-03 +9.750043e+01 +2.850026e+03
     74 +2.600000e-02 +5.000000e-03 +9.759624e+01 +2.855774e+03
     75 +2.500000e-02 +5.000000e-03 +9.749719e+01 +2.849831e+03
     76 +2.500000e-02 +5.000000e-03 +9.749719e+01 +2.849831e+03
     77 +2.500000e-02 +6.041582e-03 +9.714114e+01 +2.828468e+03
     78 +2.500000e-02 +7.083164e-03 +9.681878e+01 +2.809127e+03
     79 +2.500000e-02 +8.124746e-03 +9.652475e+01 +2.791485e+03
     80 +2.500000e-02 +9.166329e-03 +9.626024e+01 +2.775614e+03
     81 +2.500000e-02 +1.020791e-02 +9.602535e+01 +2.761521e+03
     82 +2.500000e-02 +1.124949e-02 +9.582001e+01 +2.749201e+03
     83 +2.500000e-02 +1.229107e-02 +9.564409e+01 +2.738645e+03
     84 +2.500000e-02 +1.333266e-02 +9.549748e+01 +2.729849e+03
     85 +2.500000e-02 +1.437424e-02 +9.538009e+01 +2.722805e+03
     86 +2.500000e-02 +1.541582e-02 +9.529183e+01 +2.717510e+03
     87 +2.500000e-02 +1.645740e-02 +9.523263e+01 +2.713958e+03
     88 +2.500000e-02 +1.749899e-02 +9.520344e+01 +2.712206e+03
     89 +2.500000e-02 +1.749899e-02 +9.520344e+01 +2.712206e+03
     90 +2.400000e-02 +1.749899e-02 +9.520313e+01 +2.712188e+03
     91 +2.400000e-02 +1.749899e-02 +9.520313e+01 +2.712188e+03
     92 +2.400000e-02 +1.645740e-02 +9.523248e+01 +2.713949e+03
     93 +2.400000e-02 +1.541582e-02 +9.529169e+01 +2.717501e+03
     94 +2.400000e-02 +1.437424e-02 +9.537995e+01 +2.722797e+03
     95 +2.400000e-02 +1.333266e-02 +9.549734e+01 +2.729840e+03
     96 +2.400000e-02 +1.229107e-02 +9.564395e+01 +2.738637e+03
     97 +2.400000e-02 +1.124949e-02 +9.581986e+01 +2.749192e+03
     98 +2.400000e-02 +1.020791e-02 +9.602521e+01 +2.761512e+03
     99 +2.400000e-02 +9.166329e-03 +9.626009e+01 +2.775606e+03
    100 +2.400000e-02 +8.124746e-03 +9.652463e+01 +2.791478e+03
    101 +2.400000e-02 +7.083164e-03 +9.681875e+01 +2.809125e+03
    102 +2.400000e-02 +6.041582e-03 +9.714138e+01 +2.828483e+03
    103 +2.400000e-02 +5.000000e-03 +9.750149e+01 +2.850089e+03
    104 +2.400000e-02 +5.000000e-03 +9.750149e+01 +2.850089e+03
    105 +2.300000e-02 +5.000000e-03 +9.761446e+01 +2.856868e+03
    106 +2.200000e-02 +5.000000e-03 +9.750496e+01 +2.850298e+03
    107 +2.200000e-02 +5.000000e-03 +9.750496e+01 +2.850298e+03
    108 +2.200000e-02 +6.006374e-03 +9.709580e+01 +2.825748e+03
    109 +2.200000e-02 +7.012749e-03 +9.671549e+01 +2.802929e+03
    110 +2.200000e-02 +8.019123e-03 +9.636165e+01 +2.781699e+03
    111 +2.200000e-02 +9.025498e-03 +9.603561e+01 +2.762137e+03
    112 +2.200000e-02 +1.003187e-02 +9.573745e+01 +2.744247e+03
    113 +2.200000e-02 +1.103825e-02 +9.546703e+01 +2.728022e+03
    114 +2.200000e-02 +1.204462e-02 +9.522412e+01 +2.713447e+03
    115 +2.200000e-02 +1.305100e-02 +9.500849e+01 +2.700509e+03
    116 +2.200000e-02 +1.405737e-02 +9.482000e+01 +2.689200e+03
    117 +2.200000e-02 +1.506374e-02 +9.465860e+01 +2.679516e+03
    118 +2.200000e-02 +1.607012e-02 +9.452426e+01 +2.671455e+03
    119 +2.200000e-02 +1.707649e-02 +9.441692e+01 +2.665015e+03
    120 +2.200000e-02 +1.808287e-02 +9.433640e+01 +2.660184e+03
    121 +2.200000e-02 +1.908924e-02 +9.428235e+01 +2.656941e+03
    122 +2.200000e-02 +2.009562e-02 +9.425564e+01 +2.655338e+03
    123 +2.200000e-02 +2.009562e-02 +9.425564e+01 +2.655338e+03
    124 +2.100000e-02 +2.009562e-02 +9.425536e+01 +2.655322e+03
    125 +2.100000e-02 +2.009562e-02 +9.425536e+01 +2.655322e+03
    126 +2.100000e-02 +1.908924e-02 +9.428220e+01 +2.656932e+03
    127 +2.100000e-02 +1.808287e-02 +9.433627e+01 +2.660176e+03
    128 +2.100000e-02 +1.707649e-02 +9.441689e+01 +2.665013e+03
    129 +2.100000e-02 +1.607012e-02 +9.452429e+01 +2.671458e+03
    130 +2.100000e-02 +1.506374e-02 +9.465867e+01 +2.679520e+03
    131 +2.100000e-02 +1.405737e-02 +9.482011e+01 +2.689207e+03
    132 +2.100000e-02 +1.305100e-02 +9.500865e+01 +2.700519e+03
    133 +2.100000e-02 +1.204462e-02 +9.522427e+01 +2.713456e+03
    134 +2.100000e-02 +1.103825e-02 +9.546712e+01 +2.728027e+03
    135 +2.100000e-02 +1.003187e-02 +9.573751e+01 +2.744250e+03
    136 +2.100000e-02 +9.025498e-03 +9.603565e+01 +2.762139e+03
    137 +2.100000e-02 +8.019123e-03 +9.636166e+01 +2.781700e+03
    138 +2.100000e-02 +7.012749e-03 +9.671540e+01 +2.802924e+03
    139 +2.100000e-02 +6.006374e-03 +9.709584e+01 +2.825750e+03
    140 +2.100000e-02 +5.000000e-03 +9.752204e+01 +2.851322e+03
    141 +2.100000e-02 +5.000000e-03 +9.752204e+01 +2.851322e+03
    142 +2.000000e-02 +5.000000e-03 +9.769927e+01 +2.861956e+03
    143 +1.900000e-02 +5.000000e-03 +9.768934e+01 +2.861360e+03
    144 +1.900000e-02 +5.000000e-03 +9.768934e+01 +2.861360e+03
    145 +1.900000e-02 +5.948678e-03 +9.751582e+01 +2.850949e+03
    146 +1.900000e-02 +6.897355e-03 +9.736238e+01 +2.841743e+03
    147 +1.900000e-02 +7.846033e-03 +9.723268e+01 +2.833961e+03
    148 +1.900000e-02 +8.794711e-03 +9.712814e+01 +2.827689e+03
    149 +1.900000e-02 +9.743388e-03 +9.704905e+01 +2.822943e+03
    150 +1.900000e-02 +1.069207e-02 +9.699541e+01 +2.819725e+03
    151 +1.900000e-02 +1.164074e-02 +9.696825e+01 +2.818095e+03
    152 +1.900000e-02 +1.164074e-02 +9.696825e+01 +2.818095e+03
    153 +1.800000e-02 +1.164074e-02 +9.696823e+01 +2.818094e+03
    154 +1.800000e-02 +1.164074e-02 +9.696823e+01 +2.818094e+03
    155 +1.800000e-02 +1.069207e-02 +9.699541e+01 +2.819724e+03
    156 +1.800000e-02 +9.743388e-03 +9.704904e+01 +2.822943e+03
    157 +1.800000e-02 +8.794711e-03 +9.712814e+01 +2.827688e+03
    158 +1.800000e-02 +7.846033e-03 +9.723269e+01 +2.833961e+03
    159 +1.800000e-02 +6.897355e-03 +9.736244e+01 +2.841746e+03
    160 +1.800000e-02 +5.948678e-03 +9.751633e+01 +2.850980e+03
    161 +1.800000e-02 +5.000000e-03 +9.770041e+01 +2.862024e+03
    162 +1.800000e-02 +5.000000e-03 +9.770041e+01 +2.862024e+03
    163 +1.700000e-02 +5.000000e-03 +9.774888e+01 +2.864933e+03
    164 +1.600000e-02 +5.000000e-03 +9.758518e+01 +2.855111e+03
    165 +1.600000e-02 +5.000000e-03 +9.758518e+01 +2.855111e+03
    166 +1.600000e-02 +6.025737e-03 +9.705968e+01 +2.823581e+03
    167 +1.600000e-02 +7.051473e-03 +9.656835e+01 +2.794101e+03
    168 +1.600000e-02 +8.077210e-03 +9.610404e+01 +2.766242e+03
    169 +1.600000e-02 +9.102947e-03 +9.566827e+01 +2.740096e+03
    170 +1.600000e-02 +1.012868e-02 +9.526111e+01 +2.715666e+03
    171 +1.600000e-02 +1.115442e-02 +9.488237e+01 +2.692942e+03
    172 +1.600000e-02 +1.218016e-02 +9.453176e+01 +2.671906e+03
    173 +1.600000e-02 +1.320589e-02 +9.420887e+01 +2.652532e+03
    174 +1.600000e-02 +1.423163e-02 +9.391354e+01 +2.634812e+03
    175 +1.600000e-02 +1.525737e-02 +9.364571e+01 +2.618742e+03
    176 +1.600000e-02 +1.628310e-02 +9.340526e+01 +2.604316e+03
    177 +1.600000e-02 +1.730884e-02 +9.319205e+01 +2.591523e+03
    178 +1.600000e-02 +1.833458e-02 +9.300583e+01 +2.580350e+03
    179 +1.600000e-02 +1.936031e-02 +9.284637e+01 +2.570782e+03
    180 +1.600000e-02 +2.038605e-02 +9.271355e+01 +2.562813e+03
    181 +1.600000e-02 +2.141179e-02 +9.260728e+01 +2.556437e+03
    182 +1.600000e-02 +2.243752e-02 +9.252749e+01 +2.551649e+03
    183 +1.600000e-02 +2.346326e-02 +9.247406e+01 +2.548444e+03
    184 +1.600000e-02 +2.448900e-02 +9.244776e+01 +2.546865e+03
    185 +1.600000e-02 +2.448900e-02 +9.244776e+01 +2.546865e+03
    186 +1.500000e-02 +2.448900e-02 +9.244775e+01 +2.546865e+03
    187 +1.500000e-02 +2.448900e-02 +9.244775e+01 +2.546865e+03
    188 +1.500000e-02 +2.346326e-02 +9.247406e+01 +2.548444e+03
    189 +1.500000e-02 +2.243752e-02 +9.252750e+01 +2.551650e+03
    190 +1.500000e-02 +2.141179e-02 +9.260731e+01 +2.556439e+03
    191 +1.500000e-02 +2.038605e-02 +9.271362e+01 +2.562817e+03
    192 +1.500000e-02 +1.936031e-02 +9.284649e+01 +2.570789e+03
    193 +1.500000e-02 +1.833458e-02 +9.300596e+01 +2.580358e+03
    194 +1.500000e-02 +1.730884e-02 +9.319212e+01 +2.591527e+03
    195 +1.500000e-02 +1.628310e-02 +9.340527e+01 +2.604316e+03
    196 +1.500000e-02 +1.525737e-02 +9.364568e+01 +2.618741e+03
    197 +1.500000e-02 +1.423163e-02 +9.391347e+01 +2.634808e+03
    198 +1.500000e-02 +1.320589e-02 +9.420876e+01 +2.652525e+03
    199 +1.500000e-02 +1.218016e-02 +9.453164e+01 +2.671898e+03
    200 +1.500000e-02 +1.115442e-02 +9.488231e+01 +2.692939e+03
    201 +1.500000e-02 +1.012868e-02 +9.526109e+01 +2.715665e+03
    202 +1.500000e-02 +9.102947e-03 +9.566826e+01 +2.740096e+03
    203 +1.500000e-02 +8.077210e-03 +9.610405e+01 +2.766243e+03
    204 +1.500000e-02 +7.051473e-03 +9.656840e+01 +2.794104e+03
    205 +1.500000e-02 +6.025737e-03 +9.706020e+01 +2.823612e+03
    206 +1.500000e-02 +5.000000e-03 +9.760091e+01 +2.856054e+03
    207 +1.500000e-02 +5.000000e-03 +9.760091e+01 +2.856054e+03
    208 +1.400000e-02 +5.000000e-03 +9.781945e+01 +2.869167e+03
    209 +1.300000e-02 +5.000000e-03 +9.778852e+01 +2.867311e+03
    210 +1.300000e-02 +5.000000e-03 +9.778852e+01 +2.867311e+03
    211 +1.300000e-02 +5.965588e-03 +9.746721e+01 +2.848033e+03
    212 +1.300000e-02 +6.931176e-03 +9.715890e+01 +2.829534e+03
    213 +1.300000e-02 +7.896764e-03 +9.687469e+01 +2.812481e+03
    214 +1.300000e-02 +8.862352e-03 +9.661644e+01 +2.796986e+03
    215 +1.300000e-02 +9.827939e-03 +9.638431e+01 +2.783058e+03
    216 +1.300000e-02 +1.079353e-02 +9.617823e+01 +2.770694e+03
    217 +1.300000e-02 +1.175912e-02 +9.599810e+01 +2.759886e+03
    218 +1.300000e-02 +1.272470e-02 +9.584382e+01 +2.750629e+03
    219 +1.300000e-02 +1.369029e-02 +9.571526e+01 +2.742916e+03
    220 +1.300000e-02 +1.465588e-02 +9.561226e+01 +2.736736e+03
    221 +1.300000e-02 +1.562147e-02 +9.553462e+01 +2.732077e+03
    222 +1.300000e-02 +1.658705e-02 +9.548216e+01 +2.728930e+03
    223 +1.300000e-02 +1.755264e-02 +9.545572e+01 +2.727343e+03
    224 +1.300000e-02 +1.755264e-02 +9.545572e+01 +2.727343e+03
    225 +1.200000e-02 +1.755264e-02 +9.545613e+01 +2.727368e+03
    226 +1.200000e-02 +1.755264e-02 +9.545613e+01 +2.727368e+03
    227 +1.200000e-02 +1.658705e-02 +9.548236e+01 +2.728942e+03
    228 +1.200000e-02 +1.562147e-02 +9.553481e+01 +2.732089e+03
    229 +1.200000e-02 +1.465588e-02 +9.561240e+01 +2.736744e+03
    230 +1.200000e-02 +1.369029e-02 +9.571530e+01 +2.742918e+03
    231 +1.200000e-02 +1.272470e-02 +9.584381e+01 +2.750629e+03
    232 +1.200000e-02 +1.175912e-02 +9.599809e+01 +2.759885e+03
    233 +1.200000e-02 +1.079353e-02 +9.617821e+01 +2.770693e+03
    234 +1.200000e-02 +9.827939e-03 +9.638429e+01 +2.783057e+03
    235 +1.200000e-02 +8.862352e-03 +9.661641e+01 +2.796985e+03
    236 +1.200000e-02 +7.896764e-03 +9.687462e+01 +2.812477e+03
    237 +1.200000e-02 +6.931176e-03 +9.715866e+01 +2.829519e+03
    238 +1.200000e-02 +5.965588e-03 +9.746767e+01 +2.848060e+03
    239 +1.200000e-02 +5.000000e-03 +9.782848e+01 +2.869709e+03
    240 +1.200000e-02 +5.000000e-03 +9.782848e+01 +2.869709e+03
    241 +1.100000e-02 +5.000000e-03 +9.801581e+01 +2.880949e+03
    242 +1.000000e-02 +5.000000e-03 +9.801454e+01 +2.880872e+03
    243 +1.000000e-02 +5.000000e-03 +9.801454e+01 +2.880872e+03
    244 +1.000000e-02 +6.040812e-03 +9.775783e+01 +2.865470e+03
    245 +1.000000e-02 +7.081624e-03 +9.751637e+01 +2.850982e+03
    246 +1.000000e-02 +8.122436e-03 +9.730411e+01 +2.838247e+03
    247 +1.000000e-02 +9.163248e-03 +9.712232e+01 +2.827339e+03
    248 +1.000000e-02 +1.020406e-02 +9.697098e+01 +2.818259e+03
    249 +1.000000e-02 +1.124487e-02 +9.684990e+01 +2.810994e+03
    250 +1.000000e-02 +1.228568e-02 +9.675885e+01 +2.805531e+03
    251 +1.000000e-02 +1.332650e-02 +9.669774e+01 +2.801864e+03
    252 +1.000000e-02 +1.436731e-02 +9.666744e+01 +2.800046e+03
    253 +1.000000e-02 +1.436731e-02 +9.666744e+01 +2.800046e+03
    254 +9.000000e-03 +1.436731e-02 +9.666766e+01 +2.800060e+03
    255 +9.000000e-03 +1.436731e-02 +9.666766e+01 +2.800060e+03
    256 +9.000000e-03 +1.332650e-02 +9.669784e+01 +2.801870e+03
    257 +9.000000e-03 +1.228568e-02 +9.675896e+01 +2.805538e+03
    258 +9.000000e-03 +1.124487e-02 +9.685001e+01 +2.811001e+03
    259 +9.000000e-03 +1.020406e-02 +9.697102e+01 +2.818261e+03
    260 +9.000000e-03 +9.163248e-03 +9.712227e+01 +2.827336e+03
    261 +9.000000e-03 +8.122436e-03 +9.730401e+01 +2.838241e+03
    262 +9.000000e-03 +7.081624e-03 +9.751609e+01 +2.850966e+03
    263 +9.000000e-03 +6.040812e-03 +9.775785e+01 +2.865471e+03
    264 +9.000000e-03 +5.000000e-03 +9.805365e+01 +2.883219e+03
    265 +9.000000e-03 +5.000000e-03 +9.805365e+01 +2.883219e+03
    266 +8.000000e-03 +5.000000e-03 +9.820733e+01 +2.892440e+03
    267 +7.000000e-03 +5.000000e-03 +9.822226e+01 +2.893336e+03
    268 +7.000000e-03 +5.000000e-03 +9.822226e+01 +2.893336e+03
    269 +7.000000e-03 +6.077260e-03 +9.806785e+01 +2.884071e+03
    270 +7.000000e-03 +7.154521e-03 +9.793562e+01 +2.876137e+03
    271 +7.000000e-03 +8.231781e-03 +9.783534e+01 +2.870121e+03
    272 +7.000000e-03 +9.309042e-03 +9.776798e+01 +2.866079e+03
    273 +7.000000e-03 +1.038630e-02 +9.773462e+01 +2.864077e+03
    274 +7.000000e-03 +1.038630e-02 +9.773462e+01 +2.864077e+03
    275 +6.000000e-03 +1.038630e-02 +9.773465e+01 +2.864079e+03
    276 +6.000000e-03 +1.038630e-02 +9.773465e+01 +2.864079e+03
    277 +6.000000e-03 +9.309042e-03 +9.776800e+01 +2.866080e+03
    278 +6.000000e-03 +8.231781e-03 +9.783535e+01 +2.870121e+03
    279 +6.000000e-03 +7.154521e-03 +9.793561e+01 +2.876137e+03
    280 +6.000000e-03 +6.077260e-03 +9.806810e+01 +2.884086e+03
    281 +6.000000e-03 +5.000000e-03 +9.824421e+01 +2.894653e+03
    282 +6.000000e-03 +5.000000e-03 +9.824421e+01 +2.894653e+03
    283 +5.000000e-03 +5.000000e-03 +9.831084e+01 +2.898651e+03
    284 +4.000000e-03 +5.000000e-03 +9.822885e+01 +2.893731e+03
    285 +4.000000e-03 +5.000000e-03 +9.822885e+01 +2.893731e+03
    286 +4.000000e-03 +6.024731e-03 +9.790942e+01 +2.874565e+03
    287 +4.000000e-03 +7.049462e-03 +9.762014e+01 +2.857208e+03
    288 +4.000000e-03 +8.074193e-03 +9.735935e+01 +2.841561e+03
    289 +4.000000e-03 +9.098924e-03 +9.712797e+01 +2.827678e+03
    290 +4.000000e-03 +1.012366e-02 +9.692596e+01 +2.815558e+03
    291 +4.000000e-03 +1.114839e-02 +9.675305e+01 +2.805183e+03
    292 +4.000000e-03 +1.217312e-02 +9.660886e+01 +2.796531e+03
    293 +4.000000e-03 +1.319785e-02 +9.649332e+01 +2.789599e+03
    294 +4.000000e-03 +1.422258e-02 +9.640648e+01 +2.784389e+03
    295 +4.000000e-03 +1.524731e-02 +9.634829e+01 +2.780898e+03
    296 +4.000000e-03 +1.627204e-02 +9.631961e+01 +2.779177e+03
    297 +4.000000e-03 +1.627204e-02 +9.631961e+01 +2.779177e+03
    298 +3.000000e-03 +1.627204e-02 +9.631965e+01 +2.779179e+03
    299 +3.000000e-03 +1.627204e-02 +9.631965e+01 +2.779179e+03
    300 +3.000000e-03 +1.524731e-02 +9.634832e+01 +2.780899e+03
    301 +3.000000e-03 +1.422258e-02 +9.640652e+01 +2.784391e+03
    302 +3.000000e-03 +1.319785e-02 +9.649337e+01 +2.789602e+03
    303 +3.000000e-03 +1.217312e-02 +9.660890e+01 +2.796534e+03
    304 +3.000000e-03 +1.114839e-02 +9.675309e+01 +2.805185e+03
    305 +3.000000e-03 +1.012366e-02 +9.692606e+01 +2.815564e+03
    306 +3.000000e-03 +9.098924e-03 +9.712813e+01 +2.827688e+03
    307 +3.000000e-03 +8.074193e-03 +9.735952e+01 +2.841571e+03
    308 +3.000000e-03 +7.049462e-03 +9.762023e+01 +2.857214e+03
    309 +3.000000e-03 +6.024731e-03 +9.790964e+01 +2.874578e+03
    310 +3.000000e-03 +5.000000e-03 +9.824328e+01 +2.894597e+03
    311 +3.000000e-03 +5.000000e-03 +9.824328e+01 +2.894597e+03
    312 +2.000000e-03 +5.000000e-03 +9.838037e+01 +2.902822e+03
    313 +1.000000e-03 +5.000000e-03 +9.837878e+01 +2.902727e+03
    314 +1.000000e-03 +5.000000e-03 +9.837878e+01 +2.902727e+03
    315 +1.000000e-03 +6.013363e-03 +9.827465e+01 +2.896479e+03
    316 +1.000000e-03 +7.026727e-03 +9.819112e+01 +2.891467e+03
    317 +1.000000e-03 +8.040090e-03 +9.812269e+01 +2.887361e+03
    318 +1.000000e-03 +9.053454e-03 +9.806924e+01 +2.884154e+03
    319 +1.000000e-03 +1.006682e-02 +9.803077e+01 +2.881846e+03
    320 +1.000000e-03 +1.108018e-02 +9.800767e+01 +2.880460e+03
    321 +1.000000e-03 +1.108018e-02 +9.800767e+01 +2.880460e+03
    322 +0.000000e+00 +1.108018e-02 +9.801534e+01 +2.880920e+03
    323 +0.000000e+00 +1.108018e-02 +9.801534e+01 +0.000000e+00
    324 +0.000000e+00 +1.007289e-02 +9.803800e+01 +0.000000e+00
    325 +0.000000e+00 +9.065602e-03 +9.807609e+01 +0.000000e+00
    326 +0.000000e+00 +8.058313e-03 +9.812897e+01 +0.000000e+00
    327 +0.000000e+00 +7.051024e-03 +9.819649e+01 +0.000000e+00
    328 +0.000000e+00 +6.043735e-03 +9.827773e+01 +0.000000e+00
    329 +0.000000e+00 +5.036446e-03 +9.836668e+01 +0.000000e+00
    330 +0.000000e+00 +4.029157e-03 +9.845242e+01 +0.000000e+00
    331 +0.000000e+00 +3.021867e-03 +9.854165e+01 +0.000000e+00
    332 +0.000000e+00 +2.014578e-03 +9.863977e+01 +0.000000e+00
    333 +0.000000e+00 +1.007289e-03 +9.874621e+01 +0.000000e+00
    334 +0.000000e+00 +0.000000e+00 +9.886016e+01 +0.000000e+00

%_intp_ ______x1_____ ______x2_____ ______T______ _____qx1_____ _____qx2_____
      1 +1.400000e-02 +5.000000e-04 +9.833874e+01 +8.259915e+03 +2.380033e+04
      2 +1.400000e-02 +6.379310e-04 +9.832228e+01 +8.276756e+03 +2.394513e+04
      3 +1.400000e-02 +7.758621e-04 +9.830571e+01 +8.297569e+03 +2.408927e+04
      4 +1.400000e-02 +9.137931e-04 +9.828905e+01 +8.322694e+03 +2.423452e+04
      5 +1.400000e-02 +1.051724e-03 +9.827228e+01 +8.352486e+03 +2.438175e+04
      6 +1.400000e-02 +1.189655e-03 +9.825542e+01 +8.387340e+03 +2.453144e+04
      7 +1.400000e-02 +1.327586e-03 +9.823845e+01 +8.427711e+03 +2.468388e+04
      8 +1.400000e-02 +1.465517e-03 +9.822137e+01 +8.474128e+03 +2.483921e+04
      9 +1.400000e-02 +1.603448e-03 +9.820419e+01 +8.527213e+03 +2.499741e+04
     10 +1.400000e-02 +1.741379e-03 +9.818689e+01 +8.587700e+03 +2.515831e+04
     11 +1.400000e-02 +1.879310e-03 +9.816948e+01 +8.656449e+03 +2.532150e+04
     12 +1.400000e-02 +2.017241e-03 +9.815196e+01 +8.734472e+03 +2.548627e+04
     13 +1.400000e-02 +2.155172e-03 +9.813433e+01 +8.822954e+03 +2.565155e+04
     14 +1.400000e-02 +2.293103e-03 +9.811658e+01 +8.923288e+03 +2.581571e+04
     15 +1.400000e-02 +2.431034e-03 +9.809872e+01 +9.037103e+03 +2.597645e+04
     16 +1.400000e-02 +2.568966e-03 +9.808075e+01 +9.166306e+03 +2.613057e+04
     17 +1.400000e-02 +2.706897e-03 +9.806268e+01 +9.313126e+03 +2.627362e+04
     18 +1.400000e-02 +2.844828e-03 +9.804452e+01 +9.480160e+03 +2.639959e+04
     19 +1.400000e-02 +2.982759e-03 +9.802628e+01 +9.670426e+03 +2.650031e+04
     20 +1.400000e-02 +3.120690e-03 +9.800798e+01 +9.887408e+03 +2.656485e+04
     21 +1.400000e-02 +3.258621e-03 +9.798965e+01 +1.013510e+04 +2.657861e+04
     22 +1.400000e-02 +3.396552e-03 +9.797133e+01 +1.041801e+04 +2.652220e+04
     23 +1.400000e-02 +3.534483e-03 +9.795309e+01 +1.074116e+04 +2.636996e+04
     24 +1.400000e-02 +3.672414e-03 +9.793499e+01 +1.110993e+04 +2.608810e+04
     25 +1.400000e-02 +3.810345e-03 +9.791714e+01 +1.152983e+04 +2.563234e+04
     26 +1.400000e-02 +3.948276e-03 +9.789969e+01 +1.200600e+04 +2.494493e+04
     27 +1.400000e-02 +4.086207e-03 +9.788281e+01 +1.254235e+04 +2.395089e+04
     28 +1.400000e-02 +4.224138e-03 +9.786674e+01 +1.314022e+04 +2.255272e+04
     29 +1.400000e-02 +4.362069e-03 +9.785182e+01 +1.379647e+04 +2.062180e+04
     30 +1.400000e-02 +4.500000e-03 +9.783846e+01 +1.450104e+04 +1.797892e+04

