%_node_ ______x1_____ ______x2_____ ______T______ ______q______
      1 +0.000000e+00 +0.000000e+00 +8.868589e+01 -2.329200e+04
      2 +1.000000e-03 +0.000000e+00 +8.868591e+01 -2.329200e+04
      3 +2.000000e-03 +0.000000e+00 +8.868616e+01 -2.329200e+04
      4 +3.000000e-03 +0.000000e+00 +8.868648e+01 -2.329200e+04
      5 +4.000000e-03 +0.000000e+00 +8.868700e+01 -2.329200e+04
      6 +5.000000e-03 +0.000000e+00 +8.868821e+01 -2.329200e+04
      7 +6.000000e-03 +0.000000e+00 +8.869072e+01 -2.329200e+04
      8 +7.000000e-03 +0.000000e+00 +8.869506e+01 -2.329200e+04
      9 +8.000000e-03 +0.000000e+00 +8.870127e+01 -2.329200e+04
     10 +9.000000e-03 +0.000000e+00 +8.870887e+01 -2.329200e+04
     11 +1.000000e-02 +0.000000e+00 +8.871703e+01 -2.329200e+04
     12 +1.100000e-02 +0.000000e+00 +8.872476e+01 -2.329200e+04
     13 +1.200000e-02 +0.000000e+00 +8.873105e+01 -2.329200e+04
     14 +1.300000e-02 +0.000000e+00 +8.873512e+01 -2.329200e+04
     15 +1.400000e-02 +0.000000e+00 +8.873652e+01 -2.329200e+04
     16 +1.500000e-02 +0.000000e+00 +8.873516e+01 -2.329200e+04
     17 +1.600000e-02 +0.000000e+00 +8.873125e+01 -2.329200e+04
     18 +1.700000e-02 +0.000000e+00 +8.872514e+01 -2.329200e+04
     19 +1.800000e-02 +0.000000e+00 +8.871727e+01 -2.329200e+04
     20 +1.900000e-02 +0.000000e+00 +8.870809e+01 -2.329200e+04
     21 +2.000000e-02 +0.000000e+00 +8.869796e+01 -2.329200e+04
     22 +2.100000e-02 +0.000000e+00 +8.868725e+01 -2.329200e+04
     23 +2.200000e-02 +0.000000e+00 +8.867644e+01 -2.329200e+04
     24 +2.300000e-02 +0.000000e+00 +8.866616e+01 -2.329200e+04
     25 +2.400000e-02 +0.000000e+00 +8.865715e+01 -2.329200e+04
     26 +2.500000e-02 +0.000000e+00 +8.865004e+01 -2.329200e+04
     27 +2.600000e-02 +0.000000e+00 +8.864507e+01 -2.329200e+04
     28 +2.700000e-02 +0.000000e+00 +8.864216e+01 -2.329200e+04
     29 +2.800000e-02 +0.000000e+00 +8.864131e+01 -2.329200e+04
     30 +2.800000e-02 +0.000000e+00 +8.864131e+01 +0.000000e+00
     31 +2.800000e-02 +9.908751e-04 +8.852498e+01 +0.000000e+00
     32 +2.800000e-02 +1.981750e-03 +8.840664e+01 +0.000000e+00
     33 +2.800000e-02 +2.972625e-03 +8.828570e+01 +0.000000e+00
     34 +2.800000e-02 +3.963500e-03 +8.815801e+01 +0.000000e+00
     35 +2.800000e-02 +4.954375e-03 +8.800589e+01 +0.000000e+00
     36 +2.800000e-02 +5.945250e-03 +8.781489e+01 +0.000000e+00
     37 +2.800000e-02 +6.936125e-03 +8.761636e+01 +0.000000e+00
     38 +2.800000e-02 +7.927001e-03 +8.742654e+01 +0.000000e+00
     39 +2.800000e-02 +8.917876e-03 +8.724744e+01 +0.000000e+00
     40 +2.800000e-02 +9.908751e-03 +8.707934e+01 +0.000000e+00
     41 +2.800000e-02 +1.089963e-02 +8.692227e+01 +0.000000e+00
     42 +2.800000e-02 +1.189050e-02 +8.677621e+01 +0.000000e+00
     43 +2.800000e-02 +1.288138e-02 +8.664113e+01 +0.000000e+00
     44 +2.800000e-02 +1.387225e-02 +8.651700e+01 +0.000000e+00
     45 +2.800000e-02 +1.486313e-02 +8.640379e+01 +0.000000e+00
     46 +2.800000e-02 +1.585400e-02 +8.630145e+01 +0.000000e+00
     47 +2.800000e-02 +1.684488e-02 +8.620997e+01 +0.000000e+00
     48 +2.800000e-02 +1.783575e-02 +8.612931e+01 +0.000000e+00
     49 +2.800000e-02 +1.882663e-02 +8.605944e+01 +0.000000e+00
     50 +2.800000e-02 +1.981750e-02 +8.600035e+01 +0.000000e+00
     51 +2.800000e-02 +2.080838e-02 +8.595200e+01 +0.000000e+00
     52 +2.800000e-02 +2.179925e-02 +8.591438e+01 +0.000000e+00
     53 +2.800000e-02 +2.279013e-02 +8.588742e+01 +0.000000e+00
     54 +2.800000e-02 +2.378100e-02 +8.587145e+01 +0.000000e+00
     55 +2.800000e-02 +2.378100e-02 +8.587145e+01 +2.152287e+03
     56 +2.700000e-02 +2.378100e-02 +8.586597e+01 +2.151958e+03
     57 +2.700000e-02 +2.378100e-02 +8.586597e+01 +2.151958e+03
     58 +2.700000e-02 +2.279253e-02 +8.588188e+01 +2.152913e+03
     59 +2.700000e-02 +2.180405e-02 +8.590871e+01 +2.154523e+03
     60 +2.700000e-02 +2.081558e-02 +8.594618e+01 +2.156771e+03
     61 +2.700000e-02 +1.982711e-02 +8.599431e+01 +2.159659e+03
     62 +2.700000e-02 +1.883863e-02 +8.605314e+01 +2.163188e+03
     63 +2.700000e-02 +1.785016e-02 +8.612268e+01 +2.167361e+03
     64 +2.700000e-02 +1.686169e-02 +8.620296e+01 +2.172178e+03
     65 +2.700000e-02 +1.587321e-02 +8.629401e+01 +2.177641e+03
     66 +2.700000e-02 +1.488474e-02 +8.639586e+01 +2.183751e+03
     67 +2.700000e-02 +1.389626e-02 +8.650853e+01 +2.190512e+03
     68 +2.700000e-02 +1.290779e-02 +8.663206e+01 +2.197924e+03
     69 +2.700000e-02 +1.191932e-02 +8.676648e+01 +2.205989e+03
     70 +2.700000e-02 +1.093084e-02 +8.691183e+01 +2.214710e+03
     71 +2.700000e-02 +9.942369e-03 +8.706813e+01 +2.224088e+03
     72 +2.700000e-02 +8.953895e-03 +8.723540e+01 +2.234124e+03
     73 +2.700000e-02 +7.965421e-03 +8.741366e+01 +2.244820e+03
     74 +2.700000e-02 +6.976948e-03 +8.760285e+01 +2.256171e+03
     75 +2.700000e-02 +5.988474e-03 +8.780338e+01 +2.268203e+03
     76 +2.700000e-02 +5.000000e-03 +8.803458e+01 +2.282075e+03
     77 +2.700000e-02 +5.000000e-03 +8.803458e+01 +2.282075e+03
     78 +2.600000e-02 +5.000000e-03 +8.810948e+01 +2.286569e+03
     79 +2.500000e-02 +5.000000e-03 +8.798294e+01 +2.278976e+03
     80 +2.500000e-02 +5.000000e-03 +8.798294e+01 +2.278976e+03
     81 +2.500000e-02 +5.994354e-03 +8.758542e+01 +2.255125e+03
     82 +2.500000e-02 +6.988708e-03 +8.721594e+01 +2.232956e+03
     83 +2.500000e-02 +7.983061e-03 +8.686659e+01 +2.211995e+03
     84 +2.500000e-02 +8.977415e-03 +8.653855e+01 +2.192313e+03
     85 +2.500000e-02 +9.971769e-03 +8.623192e+01 +2.173915e+03
     86 +2.500000e-02 +1.096612e-02 +8.594658e+01 +2.156795e+03
     87 +2.500000e-02 +1.196048e-02 +8.568239e+01 +2.140943e+03
     88 +2.500000e-02 +1.295483e-02 +8.543919e+01 +2.126352e+03
     89 +2.500000e-02 +1.394918e-02 +8.521685e+01 +2.113011e+03
     90 +2.500000e-02 +1.494354e-02 +8.501524e+01 +2.100914e+03
     91 +2.500000e-02 +1.593789e-02 +8.483423e+01 +2.090054e+03
     92 +2.500000e-02 +1.693225e-02 +8.467372e+01 +2.080423e+03
     93 +2.500000e-02 +1.792660e-02 +8.453357e+01 +2.072014e+03
     94 +2.500000e-02 +1.892095e-02 +8.441361e+01 +2.064816e+03
     95 +2.500000e-02 +1.991531e-02 +8.431366e+01 +2.058819e+03
     96 +2.500000e-02 +2.090966e-02 +8.423362e+01 +2.054017e+03
     97 +2.500000e-02 +2.190401e-02 +8.417345e+01 +2.050407e+03
     98 +2.500000e-02 +2.289837e-02 +8.413311e+01 +2.047987e+03
     99 +2.500000e-02 +2.389272e-02 +8.411325e+01 +2.046795e+03
    100 +2.500000e-02 +2.389272e-02 +8.411325e+01 +2.046795e+03
    101 +2.400000e-02 +2.389272e-02 +8.411320e+01 +2.046792e+03
    102 +2.400000e-02 +2.389272e-02 +8.411320e+01 +2.046792e+03
    103 +2.400000e-02 +2.289837e-02 +8.413311e+01 +2.047987e+03
    104 +2.400000e-02 +2.190401e-02 +8.417347e+01 +2.050408e+03
    105 +2.400000e-02 +2.090966e-02 +8.423364e+01 +2.054019e+03
    106 +2.400000e-02 +1.991531e-02 +8.431369e+01 +2.058822e+03
    107 +2.400000e-02 +1.892095e-02 +8.441363e+01 +2.064818e+03
    108 +2.400000e-02 +1.792660e-02 +8.453352e+01 +2.072011e+03
    109 +2.400000e-02 +1.693225e-02 +8.467362e+01 +2.080417e+03
    110 +2.400000e-02 +1.593789e-02 +8.483412e+01 +2.090047e+03
    111 +2.400000e-02 +1.494354e-02 +8.501512e+01 +2.100907e+03
    112 +2.400000e-02 +1.394918e-02 +8.521673e+01 +2.113004e+03
    113 +2.400000e-02 +1.295483e-02 +8.543907e+01 +2.126344e+03
    114 +2.400000e-02 +1.196048e-02 +8.568227e+01 +2.140936e+03
    115 +2.400000e-02 +1.096612e-02 +8.594646e+01 +2.156787e+03
    116 +2.400000e-02 +9.971769e-03 +8.623180e+01 +2.173908e+03
    117 +2.400000e-02 +8.977415e-03 +8.653843e+01 +2.192306e+03
    118 +2.400000e-02 +7.983061e-03 +8.686649e+01 +2.211989e+03
    119 +2.400000e-02 +6.988708e-03 +8.721588e+01 +2.232953e+03
    120 +2.400000e-02 +5.994354e-03 +8.758557e+01 +2.255134e+03
    121 +2.400000e-02 +5.000000e-03 +8.798811e+01 +2.279287e+03
    122 +2.400000e-02 +5.000000e-03 +8.798811e+01 +2.279287e+03
    123 +2.300000e-02 +5.000000e-03 +8.813399e+01 +2.288039e+03
    124 +2.200000e-02 +5.000000e-03 +8.807152e+01 +2.284291e+03
    125 +2.200000e-02 +5.000000e-03 +8.807152e+01 +2.284291e+03
    126 +2.200000e-02 +6.018709e-03 +8.777846e+01 +2.266708e+03
    127 +2.200000e-02 +7.037418e-03 +8.750711e+01 +2.250426e+03
    128 +2.200000e-02 +8.056127e-03 +8.725734e+01 +2.235440e+03
    129 +2.200000e-02 +9.074837e-03 +8.703040e+01 +2.221824e+03
    130 +2.200000e-02 +1.009355e-02 +8.682640e+01 +2.209584e+03
    131 +2.200000e-02 +1.111225e-02 +8.664526e+01 +2.198716e+03
    132 +2.200000e-02 +1.213096e-02 +8.648690e+01 +2.189214e+03
    133 +2.200000e-02 +1.314967e-02 +8.635120e+01 +2.181072e+03
    134 +2.200000e-02 +1.416838e-02 +8.623809e+01 +2.174286e+03
    135 +2.200000e-02 +1.518709e-02 +8.614750e+01 +2.168850e+03
    136 +2.200000e-02 +1.620580e-02 +8.607935e+01 +2.164761e+03
    137 +2.200000e-02 +1.722451e-02 +8.603358e+01 +2.162015e+03
    138 +2.200000e-02 +1.824322e-02 +8.601084e+01 +2.160650e+03
    139 +2.200000e-02 +1.824322e-02 +8.601084e+01 +2.160650e+03
    140 +2.100000e-02 +1.824322e-02 +8.601095e+01 +2.160657e+03
    141 +2.100000e-02 +1.824322e-02 +8.601095e+01 +2.160657e+03
    142 +2.100000e-02 +1.722451e-02 +8.603358e+01 +2.162015e+03
    143 +2.100000e-02 +1.620580e-02 +8.607934e+01 +2.164760e+03
    144 +2.100000e-02 +1.518709e-02 +8.614748e+01 +2.168849e+03
    145 +2.100000e-02 +1.416838e-02 +8.623808e+01 +2.174285e+03
    146 +2.100000e-02 +1.314967e-02 +8.635119e+01 +2.181072e+03
    147 +2.100000e-02 +1.213096e-02 +8.648689e+01 +2.189213e+03
    148 +2.100000e-02 +1.111225e-02 +8.664525e+01 +2.198715e+03
    149 +2.100000e-02 +1.009355e-02 +8.682639e+01 +2.209583e+03
    150 +2.100000e-02 +9.074837e-03 +8.703039e+01 +2.221823e+03
    151 +2.100000e-02 +8.056127e-03 +8.725732e+01 +2.235439e+03
    152 +2.100000e-02 +7.037418e-03 +8.750702e+01 +2.250421e+03
    153 +2.100000e-02 +6.018709e-03 +8.777844e+01 +2.266706e+03
    154 +2.100000e-02 +5.000000e-03 +8.808211e+01 +2.284926e+03
    155 +2.100000e-02 +5.000000e-03 +8.808211e+01 +2.284926e+03
    156 +2.000000e-02 +5.000000e-03 +8.818676e+01 +2.291206e+03
    157 +1.900000e-02 +5.000000e-03 +8.810525e+01 +2.286315e+03
    158 +1.900000e-02 +5.000000e-03 +8.810525e+01 +2.286315e+03
    159 +1.900000e-02 +6.004618e-03 +8.779650e+01 +2.267790e+03
    160 +1.900000e-02 +7.009237e-03 +8.751205e+01 +2.250723e+03
    161 +1.900000e-02 +8.013855e-03 +8.724872e+01 +2.234923e+03
    162 +1.900000e-02 +9.018473e-03 +8.700765e+01 +2.220459e+03
    163 +1.900000e-02 +1.002309e-02 +8.678895e+01 +2.207337e+03
    164 +1.900000e-02 +1.102771e-02 +8.659254e+01 +2.195552e+03
    165 +1.900000e-02 +1.203233e-02 +8.641832e+01 +2.185099e+03
    166 +1.900000e-02 +1.303695e-02 +8.626618e+01 +2.175971e+03
    167 +1.900000e-02 +1.404157e-02 +8.613604e+01 +2.168163e+03
    168 +1.900000e-02 +1.504618e-02 +8.602782e+01 +2.161669e+03
    169 +1.900000e-02 +1.605080e-02 +8.594142e+01 +2.156485e+03
    170 +1.900000e-02 +1.705542e-02 +8.587676e+01 +2.152605e+03
    171 +1.900000e-02 +1.806004e-02 +8.583362e+01 +2.150017e+03
    172 +1.900000e-02 +1.906466e-02 +8.581242e+01 +2.148745e+03
    173 +1.900000e-02 +1.906466e-02 +8.581242e+01 +2.148745e+03
    174 +1.800000e-02 +1.906466e-02 +8.581250e+01 +2.148750e+03
    175 +1.800000e-02 +1.906466e-02 +8.581250e+01 +2.148750e+03
    176 +1.800000e-02 +1.806004e-02 +8.583370e+01 +2.150022e+03
    177 +1.800000e-02 +1.705542e-02 +8.587682e+01 +2.152609e+03
    178 +1.800000e-02 +1.605080e-02 +8.594144e+01 +2.156486e+03
    179 +1.800000e-02 +1.504618e-02 +8.602782e+01 +2.161669e+03
    180 +1.800000e-02 +1.404157e-02 +8.613604e+01 +2.168163e+03
    181 +1.800000e-02 +1.303695e-02 +8.626618e+01 +2.175971e+03
    182 +1.800000e-02 +1.203233e-02 +8.641831e+01 +2.185099e+03
    183 +1.800000e-02 +1.102771e-02 +8.659254e+01 +2.195552e+03
    184 +1.800000e-02 +1.002309e-02 +8.678894e+01 +2.207337e+03
    185 +1.800000e-02 +9.018473e-03 +8.700765e+01 +2.220459e+03
    186 +1.800000e-02 +8.013855e-03 +8.724871e+01 +2.234923e+03
    187 +1.800000e-02 +7.009237e-03 +8.751202e+01 +2.250721e+03
    188 +1.800000e-02 +6.004618e-03 +8.779658e+01 +2.267795e+03
    189 +1.800000e-02 +5.000000e-03 +8.811272e+01 +2.286763e+03
    190 +1.800000e-02 +5.000000e-03 +8.811272e+01 +2.286763e+03
    191 +1.700000e-02 +5.000000e-03 +8.822308e+01 +2.293385e+03
    192 +1.600000e-02 +5.000000e-03 +8.815345e+01 +2.289207e+03
    193 +1.600000e-02 +5.000000e-03 +8.815345e+01 +2.289207e+03
    194 +1.600000e-02 +6.024155e-03 +8.787579e+01 +2.272548e+03
    195 +1.600000e-02 +7.048310e-03 +8.762320e+01 +2.257392e+03
    196 +1.600000e-02 +8.072465e-03 +8.739278e+01 +2.243567e+03
    197 +1.600000e-02 +9.096620e-03 +8.718555e+01 +2.231133e+03
    198 +1.600000e-02 +1.012078e-02 +8.700161e+01 +2.220097e+03
    199 +1.600000e-02 +1.114493e-02 +8.684090e+01 +2.210454e+03
    200 +1.600000e-02 +1.216909e-02 +8.670331e+01 +2.202198e+03
    201 +1.600000e-02 +1.319324e-02 +8.658876e+01 +2.195326e+03
    202 +1.600000e-02 +1.421740e-02 +8.649718e+01 +2.189831e+03
    203 +1.600000e-02 +1.524155e-02 +8.642848e+01 +2.185709e+03
    204 +1.600000e-02 +1.626571e-02 +8.638251e+01 +2.182951e+03
    205 +1.600000e-02 +1.728986e-02 +8.635976e+01 +2.181586e+03
    206 +1.600000e-02 +1.728986e-02 +8.635976e+01 +2.181586e+03
    207 +1.500000e-02 +1.728986e-02 +8.636011e+01 +2.181606e+03
    208 +1.500000e-02 +1.728986e-02 +8.636011e+01 +2.181606e+03
    209 +1.500000e-02 +1.626571e-02 +8.638264e+01 +2.182959e+03
    210 +1.500000e-02 +1.524155e-02 +8.642854e+01 +2.185712e+03
    211 +1.500000e-02 +1.421740e-02 +8.649720e+01 +2.189832e+03
    212 +1.500000e-02 +1.319324e-02 +8.658877e+01 +2.195326e+03
    213 +1.500000e-02 +1.216909e-02 +8.670331e+01 +2.202199e+03
    214 +1.500000e-02 +1.114493e-02 +8.684090e+01 +2.210454e+03
    215 +1.500000e-02 +1.012078e-02 +8.700162e+01 +2.220097e+03
    216 +1.500000e-02 +9.096620e-03 +8.718556e+01 +2.231134e+03
    217 +1.500000e-02 +8.072465e-03 +8.739278e+01 +2.243567e+03
    218 +1.500000e-02 +7.048310e-03 +8.762315e+01 +2.257389e+03
    219 +1.500000e-02 +6.024155e-03 +8.787574e+01 +2.272545e+03
    220 +1.500000e-02 +5.000000e-03 +8.815830e+01 +2.289498e+03
    221 +1.500000e-02 +5.000000e-03 +8.815830e+01 +2.289498e+03
    222 +1.400000e-02 +5.000000e-03 +8.824787e+01 +2.294872e+03
    223 +1.300000e-02 +5.000000e-03 +8.817304e+01 +2.290382e+03
    224 +1.300000e-02 +5.000000e-03 +8.817304e+01 +2.290382e+03
    225 +1.300000e-02 +5.986374e-03 +8.792940e+01 +2.275764e+03
    226 +1.300000e-02 +6.972748e-03 +8.771314e+01 +2.262788e+03
    227 +1.300000e-02 +7.959122e-03 +8.751752e+01 +2.251051e+03
    228 +1.300000e-02 +8.945497e-03 +8.734347e+01 +2.240608e+03
    229 +1.300000e-02 +9.931871e-03 +8.719116e+01 +2.231469e+03
    230 +1.300000e-02 +1.091824e-02 +8.706055e+01 +2.223633e+03
    231 +1.300000e-02 +1.190462e-02 +8.695160e+01 +2.217096e+03
    232 +1.300000e-02 +1.289099e-02 +8.686422e+01 +2.211853e+03
    233 +1.300000e-02 +1.387737e-02 +8.679838e+01 +2.207903e+03
    234 +1.300000e-02 +1.486374e-02 +8.675401e+01 +2.205240e+03
    235 +1.300000e-02 +1.585012e-02 +8.673185e+01 +2.203911e+03
    236 +1.300000e-02 +1.585012e-02 +8.673185e+01 +2.203911e+03
    237 +1.200000e-02 +1.585012e-02 +8.673185e+01 +2.203911e+03
    238 +1.200000e-02 +1.585012e-02 +8.673185e+01 +2.203911e+03
    239 +1.200000e-02 +1.486374e-02 +8.675403e+01 +2.205242e+03
    240 +1.200000e-02 +1.387737e-02 +8.679840e+01 +2.207904e+03
    241 +1.200000e-02 +1.289099e-02 +8.686425e+01 +2.211855e+03
    242 +1.200000e-02 +1.190462e-02 +8.695162e+01 +2.217097e+03
    243 +1.200000e-02 +1.091824e-02 +8.706058e+01 +2.223635e+03
    244 +1.200000e-02 +9.931871e-03 +8.719118e+01 +2.231471e+03
    245 +1.200000e-02 +8.945497e-03 +8.734349e+01 +2.240610e+03
    246 +1.200000e-02 +7.959122e-03 +8.751755e+01 +2.251053e+03
    247 +1.200000e-02 +6.972748e-03 +8.771321e+01 +2.262793e+03
    248 +1.200000e-02 +5.986374e-03 +8.792942e+01 +2.275765e+03
    249 +1.200000e-02 +5.000000e-03 +8.816810e+01 +2.290086e+03
    250 +1.200000e-02 +5.000000e-03 +8.816810e+01 +2.290086e+03
    251 +1.100000e-02 +5.000000e-03 +8.822294e+01 +2.293376e+03
    252 +1.000000e-02 +5.000000e-03 +8.810077e+01 +2.286046e+03
    253 +1.000000e-02 +5.000000e-03 +8.810077e+01 +2.286046e+03
    254 +1.000000e-02 +5.974900e-03 +8.778041e+01 +2.266825e+03
    255 +1.000000e-02 +6.949799e-03 +8.749250e+01 +2.249550e+03
    256 +1.000000e-02 +7.924699e-03 +8.722437e+01 +2.233462e+03
    257 +1.000000e-02 +8.899598e-03 +8.697705e+01 +2.218623e+03
    258 +1.000000e-02 +9.874498e-03 +8.675073e+01 +2.205044e+03
    259 +1.000000e-02 +1.084940e-02 +8.654537e+01 +2.192722e+03
    260 +1.000000e-02 +1.182430e-02 +8.636087e+01 +2.181652e+03
    261 +1.000000e-02 +1.279920e-02 +8.619712e+01 +2.171827e+03
    262 +1.000000e-02 +1.377410e-02 +8.605403e+01 +2.163242e+03
    263 +1.000000e-02 +1.474900e-02 +8.593152e+01 +2.155891e+03
    264 +1.000000e-02 +1.572389e-02 +8.582950e+01 +2.149770e+03
    265 +1.000000e-02 +1.669879e-02 +8.574778e+01 +2.144867e+03
    266 +1.000000e-02 +1.767369e-02 +8.568616e+01 +2.141170e+03
    267 +1.000000e-02 +1.864859e-02 +8.564460e+01 +2.138676e+03
    268 +1.000000e-02 +1.962349e-02 +8.562392e+01 +2.137435e+03
    269 +1.000000e-02 +1.962349e-02 +8.562392e+01 +2.137435e+03
    270 +9.000000e-03 +1.962349e-02 +8.562359e+01 +2.137416e+03
    271 +9.000000e-03 +1.962349e-02 +8.562359e+01 +2.137416e+03
    272 +9.000000e-03 +1.864859e-02 +8.564445e+01 +2.138667e+03
    273 +9.000000e-03 +1.767369e-02 +8.568602e+01 +2.141161e+03
    274 +9.000000e-03 +1.669879e-02 +8.574765e+01 +2.144859e+03
    275 +9.000000e-03 +1.572389e-02 +8.582943e+01 +2.149766e+03
    276 +9.000000e-03 +1.474900e-02 +8.593151e+01 +2.155890e+03
    277 +9.000000e-03 +1.377410e-02 +8.605403e+01 +2.163242e+03
    278 +9.000000e-03 +1.279920e-02 +8.619713e+01 +2.171828e+03
    279 +9.000000e-03 +1.182430e-02 +8.636088e+01 +2.181653e+03
    280 +9.000000e-03 +1.084940e-02 +8.654538e+01 +2.192723e+03
    281 +9.000000e-03 +9.874498e-03 +8.675074e+01 +2.205044e+03
    282 +9.000000e-03 +8.899598e-03 +8.697706e+01 +2.218623e+03
    283 +9.000000e-03 +7.924699e-03 +8.722440e+01 +2.233464e+03
    284 +9.000000e-03 +6.949799e-03 +8.749264e+01 +2.249558e+03
    285 +9.000000e-03 +5.974900e-03 +8.778048e+01 +2.266829e+03
    286 +9.000000e-03 +5.000000e-03 +8.808946e+01 +2.285368e+03
    287 +9.000000e-03 +5.000000e-03 +8.808946e+01 +2.285368e+03
    288 +8.000000e-03 +5.000000e-03 +8.816502e+01 +2.289901e+03
    289 +7.000000e-03 +5.000000e-03 +8.802584e+01 +2.281551e+03
    290 +7.000000e-03 +5.000000e-03 +8.802584e+01 +2.281551e+03
    291 +7.000000e-03 +5.986005e-03 +8.762834e+01 +2.257700e+03
    292 +7.000000e-03 +6.972010e-03 +8.726171e+01 +2.235703e+03
    293 +7.000000e-03 +7.958015e-03 +8.691502e+01 +2.214901e+03
    294 +7.000000e-03 +8.944020e-03 +8.658948e+01 +2.195369e+03
    295 +7.000000e-03 +9.930025e-03 +8.628522e+01 +2.177113e+03
    296 +7.000000e-03 +1.091603e-02 +8.600215e+01 +2.160129e+03
    297 +7.000000e-03 +1.190204e-02 +8.574010e+01 +2.144406e+03
    298 +7.000000e-03 +1.288804e-02 +8.549894e+01 +2.129936e+03
    299 +7.000000e-03 +1.387405e-02 +8.527852e+01 +2.116711e+03
    300 +7.000000e-03 +1.486005e-02 +8.507873e+01 +2.104724e+03
    301 +7.000000e-03 +1.584606e-02 +8.489943e+01 +2.093966e+03
    302 +7.000000e-03 +1.683206e-02 +8.474053e+01 +2.084432e+03
    303 +7.000000e-03 +1.781807e-02 +8.460190e+01 +2.076114e+03
    304 +7.000000e-03 +1.880407e-02 +8.448337e+01 +2.069002e+03
    305 +7.000000e-03 +1.979008e-02 +8.438475e+01 +2.063085e+03
    306 +7.000000e-03 +2.077608e-02 +8.430576e+01 +2.058346e+03
    307 +7.000000e-03 +2.176209e-02 +8.424628e+01 +2.054777e+03
    308 +7.000000e-03 +2.274809e-02 +8.420629e+01 +2.052378e+03
    309 +7.000000e-03 +2.373410e-02 +8.418650e+01 +2.051190e+03
    310 +7.000000e-03 +2.373410e-02 +8.418650e+01 +2.051190e+03
    311 +6.000000e-03 +2.373410e-02 +8.418646e+01 +2.051187e+03
    312 +6.000000e-03 +2.373410e-02 +8.418646e+01 +2.051187e+03
    313 +6.000000e-03 +2.274809e-02 +8.420626e+01 +2.052376e+03
    314 +6.000000e-03 +2.176209e-02 +8.424624e+01 +2.054775e+03
    315 +6.000000e-03 +2.077608e-02 +8.430573e+01 +2.058344e+03
    316 +6.000000e-03 +1.979008e-02 +8.438477e+01 +2.063086e+03
    317 +6.000000e-03 +1.880407e-02 +8.448344e+01 +2.069006e+03
    318 +6.000000e-03 +1.781807e-02 +8.460192e+01 +2.076115e+03
    319 +6.000000e-03 +1.683206e-02 +8.474052e+01 +2.084431e+03
    320 +6.000000e-03 +1.584606e-02 +8.489941e+01 +2.093965e+03
    321 +6.000000e-03 +1.486005e-02 +8.507870e+01 +2.104722e+03
    322 +6.000000e-03 +1.387405e-02 +8.527850e+01 +2.116710e+03
    323 +6.000000e-03 +1.288804e-02 +8.549892e+01 +2.129935e+03
    324 +6.000000e-03 +1.190204e-02 +8.574008e+01 +2.144405e+03
    325 +6.000000e-03 +1.091603e-02 +8.600212e+01 +2.160127e+03
    326 +6.000000e-03 +9.930025e-03 +8.628520e+01 +2.177112e+03
    327 +6.000000e-03 +8.944020e-03 +8.658946e+01 +2.195367e+03
    328 +6.000000e-03 +7.958015e-03 +8.691499e+01 +2.214900e+03
    329 +6.000000e-03 +6.972010e-03 +8.726167e+01 +2.235700e+03
    330 +6.000000e-03 +5.986005e-03 +8.762822e+01 +2.257693e+03
    331 +6.000000e-03 +5.000000e-03 +8.802377e+01 +2.281426e+03
    332 +6.000000e-03 +5.000000e-03 +8.802377e+01 +2.281426e+03
    333 +5.000000e-03 +5.000000e-03 +8.815580e+01 +2.289348e+03
    334 +4.000000e-03 +5.000000e-03 +8.807946e+01 +2.284767e+03
    335 +4.000000e-03 +5.000000e-03 +8.807946e+01 +2.284767e+03
    336 +4.000000e-03 +6.026908e-03 +8.778046e+01 +2.266828e+03
    337 +4.000000e-03 +7.053815e-03 +8.750713e+01 +2.250428e+03
    338 +4.000000e-03 +8.080723e-03 +8.725580e+01 +2.235348e+03
    339 +4.000000e-03 +9.107630e-03 +8.702747e+01 +2.221648e+03
    340 +4.000000e-03 +1.013454e-02 +8.682223e+01 +2.209334e+03
    341 +4.000000e-03 +1.116145e-02 +8.663999e+01 +2.198399e+03
    342 +4.000000e-03 +1.218835e-02 +8.648063e+01 +2.188838e+03
    343 +4.000000e-03 +1.321526e-02 +8.634407e+01 +2.180644e+03
    344 +4.000000e-03 +1.424217e-02 +8.623021e+01 +2.173813e+03
    345 +4.000000e-03 +1.526908e-02 +8.613899e+01 +2.168340e+03
    346 +4.000000e-03 +1.629598e-02 +8.607034e+01 +2.164221e+03
    347 +4.000000e-03 +1.732289e-02 +8.602420e+01 +2.161452e+03
    348 +4.000000e-03 +1.834980e-02 +8.600123e+01 +2.160074e+03
    349 +4.000000e-03 +1.834980e-02 +8.600123e+01 +2.160074e+03
    350 +3.000000e-03 +1.834980e-02 +8.600144e+01 +2.160086e+03
    351 +3.000000e-03 +1.834980e-02 +8.600144e+01 +2.160086e+03
    352 +3.000000e-03 +1.732289e-02 +8.602430e+01 +2.161458e+03
    353 +3.000000e-03 +1.629598e-02 +8.607044e+01 +2.164226e+03
    354 +3.000000e-03 +1.526908e-02 +8.613909e+01 +2.168345e+03
    355 +3.000000e-03 +1.424217e-02 +8.623031e+01 +2.173819e+03
    356 +3.000000e-03 +1.321526e-02 +8.634417e+01 +2.180650e+03
    357 +3.000000e-03 +1.218835e-02 +8.648073e+01 +2.188844e+03
    358 +3.000000e-03 +1.116145e-02 +8.664008e+01 +2.198405e+03
    359 +3.000000e-03 +1.013454e-02 +8.682233e+01 +2.209340e+03
    360 +3.000000e-03 +9.107630e-03 +8.702757e+01 +2.221654e+03
    361 +3.000000e-03 +8.080723e-03 +8.725586e+01 +2.235352e+03
    362 +3.000000e-03 +7.053815e-03 +8.750709e+01 +2.250425e+03
    363 +3.000000e-03 +6.026908e-03 +8.778024e+01 +2.266814e+03
    364 +3.000000e-03 +5.000000e-03 +8.808262e+01 +2.284957e+03
    365 +3.000000e-03 +5.000000e-03 +8.808262e+01 +2.284957e+03
    366 +2.000000e-03 +5.000000e-03 +8.817370e+01 +2.290422e+03
    367 +1.000000e-03 +5.000000e-03 +8.808848e+01 +2.285309e+03
    368 +1.000000e-03 +5.000000e-03 +8.808848e+01 +2.285309e+03
    369 +1.000000e-03 +6.013297e-03 +8.784603e+01 +2.270762e+03
    370 +1.000000e-03 +7.026594e-03 +8.763680e+01 +2.258208e+03
    371 +1.000000e-03 +8.039891e-03 +8.743950e+01 +2.246370e+03
    372 +1.000000e-03 +9.053188e-03 +8.725372e+01 +2.235223e+03
    373 +1.000000e-03 +1.006648e-02 +8.707950e+01 +2.224770e+03
    374 +1.000000e-03 +1.107978e-02 +8.691684e+01 +2.215011e+03
    375 +1.000000e-03 +1.209308e-02 +8.676572e+01 +2.205943e+03
    376 +1.000000e-03 +1.310638e-02 +8.662610e+01 +2.197566e+03
    377 +1.000000e-03 +1.411967e-02 +8.649795e+01 +2.189877e+03
    378 +1.000000e-03 +1.513297e-02 +8.638123e+01 +2.182874e+03
    379 +1.000000e-03 +1.614627e-02 +8.627591e+01 +2.176555e+03
    380 +1.000000e-03 +1.715956e-02 +8.618196e+01 +2.170918e+03
    381 +1.000000e-03 +1.817286e-02 +8.609934e+01 +2.165960e+03
    382 +1.000000e-03 +1.918616e-02 +8.602786e+01 +2.161672e+03
    383 +1.000000e-03 +2.019945e-02 +8.596734e+01 +2.158040e+03
    384 +1.000000e-03 +2.121275e-02 +8.591775e+01 +2.155065e+03
    385 +1.000000e-03 +2.222605e-02 +8.587913e+01 +2.152748e+03
    386 +1.000000e-03 +2.323934e-02 +8.585144e+01 +2.151086e+03
    387 +1.000000e-03 +2.425264e-02 +8.583501e+01 +2.150101e+03
    388 +1.000000e-03 +2.425264e-02 +8.583501e+01 +2.150101e+03
    389 +0.000000e+00 +2.425264e-02 +8.584040e+01 +2.150424e+03
    390 +0.000000e+00 +2.425264e-02 +8.584040e+01 +0.000000e+00
    391 +0.000000e+00 +2.324212e-02 +8.585677e+01 +0.000000e+00
    392 +0.000000e+00 +2.223159e-02 +8.588434e+01 +0.000000e+00
    393 +0.000000e+00 +2.122106e-02 +8.592278e+01 +0.000000e+00
    394 +0.000000e+00 +2.021053e-02 +8.597211e+01 +0.000000e+00
    395 +0.000000e+00 +1.920001e-02 +8.603235e+01 +0.000000e+00
    396 +0.000000e+00 +1.818948e-02 +8.610354e+01 +0.000000e+00
    397 +0.000000e+00 +1.717895e-02 +8.618582e+01 +0.000000e+00
    398 +0.000000e+00 +1.616843e-02 +8.627931e+01 +0.000000e+00
    399 +0.000000e+00 +1.515790e-02 +8.638410e+01 +0.000000e+00
    400 +0.000000e+00 +1.414737e-02 +8.650022e+01 +0.000000e+00
    401 +0.000000e+00 +1.313685e-02 +8.662772e+01 +0.000000e+00
    402 +0.000000e+00 +1.212632e-02 +8.676662e+01 +0.000000e+00
    403 +0.000000e+00 +1.111579e-02 +8.691697e+01 +0.000000e+00
    404 +0.000000e+00 +1.010527e-02 +8.707879e+01 +0.000000e+00
    405 +0.000000e+00 +9.094741e-03 +8.725211e+01 +0.000000e+00
    406 +0.000000e+00 +8.084214e-03 +8.743692e+01 +0.000000e+00
    407 +0.000000e+00 +7.073687e-03 +8.763303e+01 +0.000000e+00
    408 +0.000000e+00 +6.063160e-03 +8.783897e+01 +0.000000e+00
    409 +0.000000e+00 +5.052634e-03 +8.804024e+01 +0.000000e+00
    410 +0.000000e+00 +4.042107e-03 +8.820008e+01 +0.000000e+00
    411 +0.000000e+00 +3.031580e-03 +8.832909e+01 +0.000000e+00
    412 +0.000000e+00 +2.021053e-03 +8.844956e+01 +0.000000e+00
    413 +0.000000e+00 +1.010527e-03 +8.856800e+01 +0.000000e+00
    414 +0.000000e+00 +3.469447e-18 +8.868589e+01 +0.000000e+00

%_intp_ ______x1_____ ______x2_____ ______T______ _____qx1_____ _____qx2_____
      1 +1.400000e-02 +5.000000e-04 +8.867854e+01 +8.402472e-01 +2.300988e+04
      2 +1.400000e-02 +6.379310e-04 +8.866270e+01 +2.462760e+00 +2.292943e+04
      3 +1.400000e-02 +7.758621e-04 +8.864692e+01 +4.494554e+00 +2.284946e+04
      4 +1.400000e-02 +9.137931e-04 +8.863119e+01 +6.996562e+00 +2.276897e+04
      5 +1.400000e-02 +1.051724e-03 +8.861551e+01 +1.003799e+01 +2.268741e+04
      6 +1.400000e-02 +1.189655e-03 +8.859989e+01 +1.369875e+01 +2.260438e+04
      7 +1.400000e-02 +1.327586e-03 +8.858433e+01 +1.807159e+01 +2.251954e+04
      8 +1.400000e-02 +1.465517e-03 +8.856883e+01 +2.326415e+01 +2.243252e+04
      9 +1.400000e-02 +1.603448e-03 +8.855339e+01 +2.940104e+01 +2.234289e+04
     10 +1.400000e-02 +1.741379e-03 +8.853802e+01 +3.662603e+01 +2.225015e+04
     11 +1.400000e-02 +1.879310e-03 +8.852270e+01 +4.510456e+01 +2.215370e+04
     12 +1.400000e-02 +2.017241e-03 +8.850746e+01 +5.502654e+01 +2.205275e+04
     13 +1.400000e-02 +2.155172e-03 +8.849229e+01 +6.660951e+01 +2.194634e+04
     14 +1.400000e-02 +2.293103e-03 +8.847719e+01 +8.010213e+01 +2.183319e+04
     15 +1.400000e-02 +2.431034e-03 +8.846217e+01 +9.578809e+01 +2.171168e+04
     16 +1.400000e-02 +2.568966e-03 +8.844725e+01 +1.139902e+02 +2.157967e+04
     17 +1.400000e-02 +2.706897e-03 +8.843241e+01 +1.350747e+02 +2.143437e+04
     18 +1.400000e-02 +2.844828e-03 +8.841768e+01 +1.594552e+02 +2.127206e+04
     19 +1.400000e-02 +2.982759e-03 +8.840308e+01 +1.875958e+02 +2.108787e+04
     20 +1.400000e-02 +3.120690e-03 +8.838860e+01 +2.200131e+02 +2.087529e+04
     21 +1.400000e-02 +3.258621e-03 +8.837429e+01 +2.572745e+02 +2.062574e+04
     22 +1.400000e-02 +3.396552e-03 +8.836017e+01 +2.999911e+02 +2.032781e+04
     23 +1.400000e-02 +3.534483e-03 +8.834627e+01 +3.488026e+02 +1.996636e+04
     24 +1.400000e-02 +3.672414e-03 +8.833265e+01 +4.043470e+02 +1.952142e+04
     25 +1.400000e-02 +3.810345e-03 +8.831937e+01 +4.672095e+02 +1.896659e+04
     26 +1.400000e-02 +3.948276e-03 +8.830652e+01 +5.378392e+02 +1.826717e+04
     27 +1.400000e-02 +4.086207e-03 +8.829421e+01 +6.164224e+02 +1.737759e+04
     28 +1.400000e-02 +4.224138e-03 +8.828261e+01 +7.027023e+02 +1.623783e+04
     29 +1.400000e-02 +4.362069e-03 +8.827189e+01 +7.957474e+02 +1.476740e+04
     30 +1.400000e-02 +4.500000e-03 +8.826234e+01 +8.937033e+02 +1.285207e+04

