%_node_ ______x1_____ ______x2_____ ______T______ ______q______
      1 +0.000000e+00 +0.000000e+00 +9.881779e+01 -2.329200e+04
      2 +1.000000e-03 +0.000000e+00 +9.882146e+01 -2.329200e+04
      3 +2.000000e-03 +0.000000e+00 +9.883403e+01 -2.329200e+04
      4 +3.000000e-03 +0.000000e+00 +9.885626e+01 -2.329200e+04
      5 +4.000000e-03 +0.000000e+00 +9.888991e+01 -2.329200e+04
      6 +5.000000e-03 +0.000000e+00 +9.893634e+01 -2.329200e+04
      7 +6.000000e-03 +0.000000e+00 +9.899556e+01 -2.329200e+04
      8 +7.000000e-03 +0.000000e+00 +9.906569e+01 -2.329200e+04
      9 +8.000000e-03 +0.000000e+00 +9.914230e+01 -2.329200e+04
     10 +9.000000e-03 +0.000000e+00 +9.921890e+01 -2.329200e+04
     11 +1.000000e-02 +0.000000e+00 +9.928870e+01 -2.329200e+04
     12 +1.100000e-02 +0.000000e+00 +9.934613e+01 -2.329200e+04
     13 +1.200000e-02 +0.000000e+00 +9.938754e+01 -2.329200e+04
     14 +1.300000e-02 +0.000000e+00 +9.941140e+01 -2.329200e+04
     15 +1.400000e-02 +0.000000e+00 +9.941805e+01 -2.329200e+04
     16 +1.500000e-02 +0.000000e+00 +9.940915e+01 -2.329200e+04
     17 +1.600000e-02 +0.000000e+00 +9.938704e+01 -2.329200e+04
     18 +1.700000e-02 +0.000000e+00 +9.935392e+01 -2.329200e+04
     19 +1.800000e-02 +0.000000e+00 +9.931190e+01 -2.329200e+04
     20 +1.900000e-02 +0.000000e+00 +9.926369e+01 -2.329200e+04
     21 +2.000000e-02 +0.000000e+00 +9.921292e+01 -2.329200e+04
     22 +2.100000e-02 +0.000000e+00 +9.916392e+01 -2.329200e+04
     23 +2.200000e-02 +0.000000e+00 +9.912069e+01 -2.329200e+04
     24 +2.300000e-02 +0.000000e+00 +9.908558e+01 -2.329200e+04
     25 +2.400000e-02 +0.000000e+00 +9.905895e+01 -2.329200e+04
     26 +2.500000e-02 +0.000000e+00 +9.904002e+01 -2.329200e+04
     27 +2.600000e-02 +0.000000e+00 +9.902750e+01 -2.329200e+04
     28 +2.700000e-02 +0.000000e+00 +9.902027e+01 -2.329200e+04
     29 +2.800000e-02 +0.000000e+00 +9.901823e+01 -2.329200e+04
     30 +2.800000e-02 +0.000000e+00 +9.901823e+01 +0.000000e+00
     31 +2.800000e-02 +1.019049e-03 +9.854098e+01 +0.000000e+00
     32 +2.800000e-02 +2.038098e-03 +9.805794e+01 +0.000000e+00
     33 +2.800000e-02 +3.057147e-03 +9.756519e+01 +0.000000e+00
     34 +2.800000e-02 +4.076195e-03 +9.703987e+01 +0.000000e+00
     35 +2.800000e-02 +5.095244e-03 +9.639745e+01 +0.000000e+00
     36 +2.800000e-02 +6.114293e-03 +9.560732e+01 +0.000000e+00
     37 +2.800000e-02 +7.133342e-03 +9.481485e+01 +0.000000e+00
     38 +2.800000e-02 +8.152391e-03 +9.407201e+01 +0.000000e+00
     39 +2.800000e-02 +9.171440e-03 +9.338347e+01 +0.000000e+00
     40 +2.800000e-02 +1.019049e-02 +9.274928e+01 +0.000000e+00
     41 +2.800000e-02 +1.120954e-02 +9.216890e+01 +0.000000e+00
     42 +2.800000e-02 +1.222859e-02 +9.164167e+01 +0.000000e+00
     43 +2.800000e-02 +1.324764e-02 +9.116699e+01 +0.000000e+00
     44 +2.800000e-02 +1.426668e-02 +9.074426e+01 +0.000000e+00
     45 +2.800000e-02 +1.528573e-02 +9.037296e+01 +0.000000e+00
     46 +2.800000e-02 +1.630478e-02 +9.005262e+01 +0.000000e+00
     47 +2.800000e-02 +1.732383e-02 +8.978281e+01 +0.000000e+00
     48 +2.800000e-02 +1.834288e-02 +8.956308e+01 +0.000000e+00
     49 +2.800000e-02 +1.936193e-02 +8.939284e+01 +0.000000e+00
     50 +2.800000e-02 +2.038098e-02 +8.927122e+01 +0.000000e+00
     51 +2.800000e-02 +2.140003e-02 +8.919911e+01 +0.000000e+00
     52 +2.800000e-02 +2.140003e-02 +8.919911e+01 +2.351946e+03
     53 +2.700000e-02 +2.140003e-02 +8.917581e+01 +2.350549e+03
     54 +2.700000e-02 +2.140003e-02 +8.917581e+01 +2.350549e+03
     55 +2.700000e-02 +2.037502e-02 +8.924835e+01 +2.354901e+03
     56 +2.700000e-02 +1.935002e-02 +8.937082e+01 +2.362249e+03
     57 +2.700000e-02 +1.832502e-02 +8.954238e+01 +2.372543e+03
     58 +2.700000e-02 +1.730002e-02 +8.976416e+01 +2.385850e+03
     59 +2.700000e-02 +1.627502e-02 +9.003669e+01 +2.402202e+03
     60 +2.700000e-02 +1.525002e-02 +9.036034e+01 +2.421620e+03
     61 +2.700000e-02 +1.422501e-02 +9.073553e+01 +2.444132e+03
     62 +2.700000e-02 +1.320001e-02 +9.116273e+01 +2.469764e+03
     63 +2.700000e-02 +1.217501e-02 +9.164249e+01 +2.498549e+03
     64 +2.700000e-02 +1.115001e-02 +9.217539e+01 +2.530523e+03
     65 +2.700000e-02 +1.012501e-02 +9.276206e+01 +2.565724e+03
     66 +2.700000e-02 +9.100007e-03 +9.340318e+01 +2.604191e+03
     67 +2.700000e-02 +8.075005e-03 +9.409936e+01 +2.645961e+03
     68 +2.700000e-02 +7.050003e-03 +9.485104e+01 +2.691062e+03
     69 +2.700000e-02 +6.025002e-03 +9.566036e+01 +2.739622e+03
     70 +2.700000e-02 +5.000000e-03 +9.660900e+01 +2.796540e+03
     71 +2.700000e-02 +5.000000e-03 +9.660900e+01 +2.796540e+03
     72 +2.600000e-02 +5.000000e-03 +9.691824e+01 +2.815094e+03
     73 +2.500000e-02 +5.000000e-03 +9.649047e+01 +2.789428e+03
     74 +2.500000e-02 +5.000000e-03 +9.649047e+01 +2.789428e+03
     75 +2.500000e-02 +6.014492e-03 +9.511427e+01 +2.706856e+03
     76 +2.500000e-02 +7.028984e-03 +9.387226e+01 +2.632336e+03
     77 +2.500000e-02 +8.043476e-03 +9.273091e+01 +2.563855e+03
     78 +2.500000e-02 +9.057968e-03 +9.169259e+01 +2.501555e+03
     79 +2.500000e-02 +1.007246e-02 +9.075591e+01 +2.445354e+03
     80 +2.500000e-02 +1.108695e-02 +8.991885e+01 +2.395131e+03
     81 +2.500000e-02 +1.210144e-02 +8.917942e+01 +2.350765e+03
     82 +2.500000e-02 +1.311594e-02 +8.853582e+01 +2.312149e+03
     83 +2.500000e-02 +1.413043e-02 +8.798647e+01 +2.279188e+03
     84 +2.500000e-02 +1.514492e-02 +8.753003e+01 +2.251802e+03
     85 +2.500000e-02 +1.615941e-02 +8.716534e+01 +2.229920e+03
     86 +2.500000e-02 +1.717390e-02 +8.689150e+01 +2.213490e+03
     87 +2.500000e-02 +1.818840e-02 +8.670774e+01 +2.202465e+03
     88 +2.500000e-02 +1.920289e-02 +8.661684e+01 +2.197011e+03
     89 +2.500000e-02 +1.920289e-02 +8.661684e+01 +2.197011e+03
     90 +2.400000e-02 +1.920289e-02 +8.661605e+01 +2.196963e+03
     91 +2.400000e-02 +1.920289e-02 +8.661605e+01 +2.196963e+03
     92 +2.400000e-02 +1.818840e-02 +8.670739e+01 +2.202443e+03
     93 +2.400000e-02 +1.717390e-02 +8.689115e+01 +2.213469e+03
     94 +2.400000e-02 +1.615941e-02 +8.716498e+01 +2.229899e+03
     95 +2.400000e-02 +1.514492e-02 +8.752966e+01 +2.251779e+03
     96 +2.400000e-02 +1.413043e-02 +8.798609e+01 +2.279165e+03
     97 +2.400000e-02 +1.311594e-02 +8.853542e+01 +2.312125e+03
     98 +2.400000e-02 +1.210144e-02 +8.917900e+01 +2.350740e+03
     99 +2.400000e-02 +1.108695e-02 +8.991841e+01 +2.395105e+03
    100 +2.400000e-02 +1.007246e-02 +9.075546e+01 +2.445327e+03
    101 +2.400000e-02 +9.057968e-03 +9.169215e+01 +2.501529e+03
    102 +2.400000e-02 +8.043476e-03 +9.273057e+01 +2.563834e+03
    103 +2.400000e-02 +7.028984e-03 +9.387232e+01 +2.632339e+03
    104 +2.400000e-02 +6.014492e-03 +9.511523e+01 +2.706914e+03
    105 +2.400000e-02 +5.000000e-03 +9.649049e+01 +2.789429e+03
    106 +2.400000e-02 +5.000000e-03 +9.649049e+01 +2.789429e+03
    107 +2.300000e-02 +5.000000e-03 +9.690768e+01 +2.814461e+03
    108 +2.200000e-02 +5.000000e-03 +9.646654e+01 +2.787993e+03
    109 +2.200000e-02 +5.000000e-03 +9.646654e+01 +2.787993e+03
    110 +2.200000e-02 +6.013656e-03 +9.491108e+01 +2.694665e+03
    111 +2.200000e-02 +7.027312e-03 +9.347597e+01 +2.608558e+03
    112 +2.200000e-02 +8.040968e-03 +9.214064e+01 +2.528439e+03
    113 +2.200000e-02 +9.054624e-03 +9.090781e+01 +2.454468e+03
    114 +2.200000e-02 +1.006828e-02 +8.977558e+01 +2.386535e+03
    115 +2.200000e-02 +1.108194e-02 +8.874144e+01 +2.324486e+03
    116 +2.200000e-02 +1.209559e-02 +8.780294e+01 +2.268176e+03
    117 +2.200000e-02 +1.310925e-02 +8.695779e+01 +2.217467e+03
    118 +2.200000e-02 +1.412291e-02 +8.620383e+01 +2.172230e+03
    119 +2.200000e-02 +1.513656e-02 +8.553893e+01 +2.132336e+03
    120 +2.200000e-02 +1.615022e-02 +8.496099e+01 +2.097659e+03
    121 +2.200000e-02 +1.716387e-02 +8.446835e+01 +2.068101e+03
    122 +2.200000e-02 +1.817753e-02 +8.405986e+01 +2.043592e+03
    123 +2.200000e-02 +1.919119e-02 +8.373454e+01 +2.024072e+03
    124 +2.200000e-02 +2.020484e-02 +8.349098e+01 +2.009459e+03
    125 +2.200000e-02 +2.121850e-02 +8.332789e+01 +1.999673e+03
    126 +2.200000e-02 +2.223215e-02 +8.324760e+01 +1.994856e+03
    127 +2.200000e-02 +2.223215e-02 +8.324760e+01 +1.994856e+03
    128 +2.100000e-02 +2.223215e-02 +8.324724e+01 +1.994834e+03
    129 +2.100000e-02 +2.223215e-02 +8.324724e+01 +1.994834e+03
    130 +2.100000e-02 +2.121850e-02 +8.332766e+01 +1.999659e+03
    131 +2.100000e-02 +2.020484e-02 +8.349076e+01 +2.009446e+03
    132 +2.100000e-02 +1.919119e-02 +8.373457e+01 +2.024074e+03
    133 +2.100000e-02 +1.817753e-02 +8.406021e+01 +2.043613e+03
    134 +2.100000e-02 +1.716387e-02 +8.446887e+01 +2.068132e+03
    135 +2.100000e-02 +1.615022e-02 +8.496160e+01 +2.097696e+03
    136 +2.100000e-02 +1.513656e-02 +8.553941e+01 +2.132365e+03
    137 +2.100000e-02 +1.412291e-02 +8.620400e+01 +2.172240e+03
    138 +2.100000e-02 +1.310925e-02 +8.695781e+01 +2.217469e+03
    139 +2.100000e-02 +1.209559e-02 +8.780294e+01 +2.268176e+03
    140 +2.100000e-02 +1.108194e-02 +8.874144e+01 +2.324486e+03
    141 +2.100000e-02 +1.006828e-02 +8.977558e+01 +2.386535e+03
    142 +2.100000e-02 +9.054624e-03 +9.090781e+01 +2.454469e+03
    143 +2.100000e-02 +8.040968e-03 +9.214061e+01 +2.528437e+03
    144 +2.100000e-02 +7.027312e-03 +9.347572e+01 +2.608543e+03
    145 +2.100000e-02 +6.013656e-03 +9.491112e+01 +2.694667e+03
    146 +2.100000e-02 +5.000000e-03 +9.650744e+01 +2.790447e+03
    147 +2.100000e-02 +5.000000e-03 +9.650744e+01 +2.790447e+03
    148 +2.000000e-02 +5.000000e-03 +9.711107e+01 +2.826664e+03
    149 +1.900000e-02 +5.000000e-03 +9.693677e+01 +2.816206e+03
    150 +1.900000e-02 +5.000000e-03 +9.693677e+01 +2.816206e+03
    151 +1.900000e-02 +5.980847e-03 +9.595552e+01 +2.757331e+03
    152 +1.900000e-02 +6.961694e-03 +9.506755e+01 +2.704053e+03
    153 +1.900000e-02 +7.942541e-03 +9.427699e+01 +2.656619e+03
    154 +1.900000e-02 +8.923388e-03 +9.358741e+01 +2.615245e+03
    155 +1.900000e-02 +9.904235e-03 +9.299822e+01 +2.579893e+03
    156 +1.900000e-02 +1.088508e-02 +9.250826e+01 +2.550496e+03
    157 +1.900000e-02 +1.186593e-02 +9.211642e+01 +2.526985e+03
    158 +1.900000e-02 +1.284678e-02 +9.182175e+01 +2.509305e+03
    159 +1.900000e-02 +1.382762e-02 +9.162342e+01 +2.497405e+03
    160 +1.900000e-02 +1.480847e-02 +9.152432e+01 +2.491459e+03
    161 +1.900000e-02 +1.480847e-02 +9.152432e+01 +2.491459e+03
    162 +1.800000e-02 +1.480847e-02 +9.152461e+01 +2.491476e+03
    163 +1.800000e-02 +1.480847e-02 +9.152461e+01 +2.491476e+03
    164 +1.800000e-02 +1.382762e-02 +9.162342e+01 +2.497405e+03
    165 +1.800000e-02 +1.284678e-02 +9.182171e+01 +2.509303e+03
    166 +1.800000e-02 +1.186593e-02 +9.211639e+01 +2.526983e+03
    167 +1.800000e-02 +1.088508e-02 +9.250824e+01 +2.550494e+03
    168 +1.800000e-02 +9.904235e-03 +9.299821e+01 +2.579892e+03
    169 +1.800000e-02 +8.923388e-03 +9.358739e+01 +2.615244e+03
    170 +1.800000e-02 +7.942541e-03 +9.427691e+01 +2.656614e+03
    171 +1.800000e-02 +6.961694e-03 +9.506718e+01 +2.704031e+03
    172 +1.800000e-02 +5.980847e-03 +9.595572e+01 +2.757343e+03
    173 +1.800000e-02 +5.000000e-03 +9.698734e+01 +2.819240e+03
    174 +1.800000e-02 +5.000000e-03 +9.698734e+01 +2.819240e+03
    175 +1.700000e-02 +5.000000e-03 +9.736391e+01 +2.841835e+03
    176 +1.600000e-02 +5.000000e-03 +9.707206e+01 +2.824323e+03
    177 +1.600000e-02 +5.000000e-03 +9.707206e+01 +2.824323e+03
    178 +1.600000e-02 +5.987862e-03 +9.597840e+01 +2.758704e+03
    179 +1.600000e-02 +6.975725e-03 +9.499944e+01 +2.699967e+03
    180 +1.600000e-02 +7.963587e-03 +9.411997e+01 +2.647198e+03
    181 +1.600000e-02 +8.951450e-03 +9.334256e+01 +2.600553e+03
    182 +1.600000e-02 +9.939312e-03 +9.266631e+01 +2.559979e+03
    183 +1.600000e-02 +1.092717e-02 +9.208986e+01 +2.525392e+03
    184 +1.600000e-02 +1.191504e-02 +9.161182e+01 +2.496709e+03
    185 +1.600000e-02 +1.290290e-02 +9.123078e+01 +2.473847e+03
    186 +1.600000e-02 +1.389076e-02 +9.094538e+01 +2.456723e+03
    187 +1.600000e-02 +1.487862e-02 +9.075436e+01 +2.445262e+03
    188 +1.600000e-02 +1.586649e-02 +9.065989e+01 +2.439594e+03
    189 +1.600000e-02 +1.586649e-02 +9.065989e+01 +2.439594e+03
    190 +1.500000e-02 +1.586649e-02 +9.065983e+01 +2.439590e+03
    191 +1.500000e-02 +1.586649e-02 +9.065983e+01 +2.439590e+03
    192 +1.500000e-02 +1.487862e-02 +9.075460e+01 +2.445276e+03
    193 +1.500000e-02 +1.389076e-02 +9.094594e+01 +2.456756e+03
    194 +1.500000e-02 +1.290290e-02 +9.123127e+01 +2.473876e+03
    195 +1.500000e-02 +1.191504e-02 +9.161202e+01 +2.496721e+03
    196 +1.500000e-02 +1.092717e-02 +9.208992e+01 +2.525395e+03
    197 +1.500000e-02 +9.939312e-03 +9.266634e+01 +2.559980e+03
    198 +1.500000e-02 +8.951450e-03 +9.334258e+01 +2.600555e+03
    199 +1.500000e-02 +7.963587e-03 +9.411996e+01 +2.647198e+03
    200 +1.500000e-02 +6.975725e-03 +9.499929e+01 +2.699957e+03
    201 +1.500000e-02 +5.987862e-03 +9.597850e+01 +2.758710e+03
    202 +1.500000e-02 +5.000000e-03 +9.709712e+01 +2.825827e+03
    203 +1.500000e-02 +5.000000e-03 +9.709712e+01 +2.825827e+03
    204 +1.400000e-02 +5.000000e-03 +9.748947e+01 +2.849368e+03
    205 +1.300000e-02 +5.000000e-03 +9.726591e+01 +2.835955e+03
    206 +1.300000e-02 +5.000000e-03 +9.726591e+01 +2.835955e+03
    207 +1.300000e-02 +5.956273e-03 +9.646498e+01 +2.787899e+03
    208 +1.300000e-02 +6.912546e-03 +9.578035e+01 +2.746821e+03
    209 +1.300000e-02 +7.868819e-03 +9.519126e+01 +2.711476e+03
    210 +1.300000e-02 +8.825092e-03 +9.470019e+01 +2.682012e+03
    211 +1.300000e-02 +9.781365e-03 +9.430696e+01 +2.658418e+03
    212 +1.300000e-02 +1.073764e-02 +9.401088e+01 +2.640653e+03
    213 +1.300000e-02 +1.169391e-02 +9.381122e+01 +2.628673e+03
    214 +1.300000e-02 +1.265018e-02 +9.371105e+01 +2.622663e+03
    215 +1.300000e-02 +1.265018e-02 +9.371105e+01 +2.622663e+03
    216 +1.200000e-02 +1.265018e-02 +9.371163e+01 +2.622698e+03
    217 +1.200000e-02 +1.265018e-02 +9.371163e+01 +2.622698e+03
    218 +1.200000e-02 +1.169391e-02 +9.381133e+01 +2.628680e+03
    219 +1.200000e-02 +1.073764e-02 +9.401095e+01 +2.640657e+03
    220 +1.200000e-02 +9.781365e-03 +9.430703e+01 +2.658422e+03
    221 +1.200000e-02 +8.825092e-03 +9.470026e+01 +2.682015e+03
    222 +1.200000e-02 +7.868819e-03 +9.519130e+01 +2.711478e+03
    223 +1.200000e-02 +6.912546e-03 +9.578030e+01 +2.746818e+03
    224 +1.200000e-02 +5.956273e-03 +9.646440e+01 +2.787864e+03
    225 +1.200000e-02 +5.000000e-03 +9.725556e+01 +2.835333e+03
    226 +1.200000e-02 +5.000000e-03 +9.725556e+01 +2.835333e+03
    227 +1.100000e-02 +5.000000e-03 +9.744488e+01 +2.846693e+03
    228 +1.000000e-02 +5.000000e-03 +9.706280e+01 +2.823768e+03
    229 +1.000000e-02 +5.000000e-03 +9.706280e+01 +2.823768e+03
    230 +1.000000e-02 +5.945170e-03 +9.616645e+01 +2.769987e+03
    231 +1.000000e-02 +6.890340e-03 +9.541699e+01 +2.725019e+03
    232 +1.000000e-02 +7.835510e-03 +9.475995e+01 +2.685597e+03
    233 +1.000000e-02 +8.780680e-03 +9.419733e+01 +2.651840e+03
    234 +1.000000e-02 +9.725850e-03 +9.372912e+01 +2.623747e+03
    235 +1.000000e-02 +1.067102e-02 +9.335460e+01 +2.601276e+03
    236 +1.000000e-02 +1.161619e-02 +9.307299e+01 +2.584380e+03
    237 +1.000000e-02 +1.256136e-02 +9.288349e+01 +2.573010e+03
    238 +1.000000e-02 +1.350653e-02 +9.278908e+01 +2.567345e+03
    239 +1.000000e-02 +1.350653e-02 +9.278908e+01 +2.567345e+03
    240 +9.000000e-03 +1.350653e-02 +9.278775e+01 +2.567265e+03
    241 +9.000000e-03 +1.350653e-02 +9.278775e+01 +2.567265e+03
    242 +9.000000e-03 +1.256136e-02 +9.288316e+01 +2.572990e+03
    243 +9.000000e-03 +1.161619e-02 +9.307296e+01 +2.584378e+03
    244 +9.000000e-03 +1.067102e-02 +9.335465e+01 +2.601279e+03
    245 +9.000000e-03 +9.725850e-03 +9.372919e+01 +2.623751e+03
    246 +9.000000e-03 +8.780680e-03 +9.419741e+01 +2.651845e+03
    247 +9.000000e-03 +7.835510e-03 +9.476016e+01 +2.685609e+03
    248 +9.000000e-03 +6.890340e-03 +9.541771e+01 +2.725063e+03
    249 +9.000000e-03 +5.945170e-03 +9.616598e+01 +2.769959e+03
    250 +9.000000e-03 +5.000000e-03 +9.698572e+01 +2.819143e+03
    251 +9.000000e-03 +5.000000e-03 +9.698572e+01 +2.819143e+03
    252 +8.000000e-03 +5.000000e-03 +9.705733e+01 +2.823440e+03
    253 +7.000000e-03 +5.000000e-03 +9.636387e+01 +2.781832e+03
    254 +7.000000e-03 +5.000000e-03 +9.636387e+01 +2.781832e+03
    255 +7.000000e-03 +5.976923e-03 +9.473855e+01 +2.684313e+03
    256 +7.000000e-03 +6.953847e-03 +9.328380e+01 +2.597028e+03
    257 +7.000000e-03 +7.930770e-03 +9.192130e+01 +2.515278e+03
    258 +7.000000e-03 +8.907694e-03 +9.065300e+01 +2.439180e+03
    259 +7.000000e-03 +9.884617e-03 +8.947746e+01 +2.368647e+03
    260 +7.000000e-03 +1.086154e-02 +8.839234e+01 +2.303541e+03
    261 +7.000000e-03 +1.183846e-02 +8.739529e+01 +2.243717e+03
    262 +7.000000e-03 +1.281539e-02 +8.648404e+01 +2.189043e+03
    263 +7.000000e-03 +1.379231e-02 +8.565630e+01 +2.139378e+03
    264 +7.000000e-03 +1.476923e-02 +8.490946e+01 +2.094568e+03
    265 +7.000000e-03 +1.574616e-02 +8.424157e+01 +2.054494e+03
    266 +7.000000e-03 +1.672308e-02 +8.365132e+01 +2.019079e+03
    267 +7.000000e-03 +1.770000e-02 +8.313761e+01 +1.988257e+03
    268 +7.000000e-03 +1.867693e-02 +8.269938e+01 +1.961963e+03
    269 +7.000000e-03 +1.965385e-02 +8.233569e+01 +1.940141e+03
    270 +7.000000e-03 +2.063077e-02 +8.204567e+01 +1.922740e+03
    271 +7.000000e-03 +2.160770e-02 +8.182843e+01 +1.909706e+03
    272 +7.000000e-03 +2.258462e-02 +8.168295e+01 +1.900977e+03
    273 +7.000000e-03 +2.356154e-02 +8.161085e+01 +1.896651e+03
    274 +7.000000e-03 +2.356154e-02 +8.161085e+01 +1.896651e+03
    275 +6.000000e-03 +2.356154e-02 +8.161145e+01 +1.896687e+03
    276 +6.000000e-03 +2.356154e-02 +8.161145e+01 +1.896687e+03
    277 +6.000000e-03 +2.258462e-02 +8.168321e+01 +1.900992e+03
    278 +6.000000e-03 +2.160770e-02 +8.182847e+01 +1.909708e+03
    279 +6.000000e-03 +2.063077e-02 +8.204550e+01 +1.922730e+03
    280 +6.000000e-03 +1.965385e-02 +8.233544e+01 +1.940127e+03
    281 +6.000000e-03 +1.867693e-02 +8.269911e+01 +1.961946e+03
    282 +6.000000e-03 +1.770000e-02 +8.313730e+01 +1.988238e+03
    283 +6.000000e-03 +1.672308e-02 +8.365094e+01 +2.019056e+03
    284 +6.000000e-03 +1.574616e-02 +8.424108e+01 +2.054465e+03
    285 +6.000000e-03 +1.476923e-02 +8.490891e+01 +2.094534e+03
    286 +6.000000e-03 +1.379231e-02 +8.565587e+01 +2.139352e+03
    287 +6.000000e-03 +1.281539e-02 +8.648390e+01 +2.189034e+03
    288 +6.000000e-03 +1.183846e-02 +8.739529e+01 +2.243717e+03
    289 +6.000000e-03 +1.086154e-02 +8.839237e+01 +2.303542e+03
    290 +6.000000e-03 +9.884617e-03 +8.947748e+01 +2.368649e+03
    291 +6.000000e-03 +8.907694e-03 +9.065303e+01 +2.439182e+03
    292 +6.000000e-03 +7.930770e-03 +9.192142e+01 +2.515285e+03
    293 +6.000000e-03 +6.953847e-03 +9.328433e+01 +2.597060e+03
    294 +6.000000e-03 +5.976923e-03 +9.473825e+01 +2.684295e+03
    295 +6.000000e-03 +5.000000e-03 +9.629391e+01 +2.777634e+03
    296 +6.000000e-03 +5.000000e-03 +9.629391e+01 +2.777634e+03
    297 +5.000000e-03 +5.000000e-03 +9.670837e+01 +2.802502e+03
    298 +4.000000e-03 +5.000000e-03 +9.620893e+01 +2.772536e+03
    299 +4.000000e-03 +5.000000e-03 +9.620893e+01 +2.772536e+03
    300 +4.000000e-03 +5.983276e-03 +9.471694e+01 +2.683016e+03
    301 +4.000000e-03 +6.966551e-03 +9.335938e+01 +2.601563e+03
    302 +4.000000e-03 +7.949827e-03 +9.209489e+01 +2.525693e+03
    303 +4.000000e-03 +8.933103e-03 +9.092588e+01 +2.455553e+03
    304 +4.000000e-03 +9.916379e-03 +8.985075e+01 +2.391045e+03
    305 +4.000000e-03 +1.089965e-02 +8.886726e+01 +2.332035e+03
    306 +4.000000e-03 +1.188293e-02 +8.797321e+01 +2.278393e+03
    307 +4.000000e-03 +1.286621e-02 +8.716656e+01 +2.229994e+03
    308 +4.000000e-03 +1.384948e-02 +8.644546e+01 +2.186728e+03
    309 +4.000000e-03 +1.483276e-02 +8.580825e+01 +2.148495e+03
    310 +4.000000e-03 +1.581603e-02 +8.525345e+01 +2.115207e+03
    311 +4.000000e-03 +1.679931e-02 +8.477980e+01 +2.086788e+03
    312 +4.000000e-03 +1.778258e-02 +8.438620e+01 +2.063172e+03
    313 +4.000000e-03 +1.876586e-02 +8.407174e+01 +2.044305e+03
    314 +4.000000e-03 +1.974914e-02 +8.383568e+01 +2.030141e+03
    315 +4.000000e-03 +2.073241e-02 +8.367729e+01 +2.020637e+03
    316 +4.000000e-03 +2.171569e-02 +8.359855e+01 +2.015913e+03
    317 +4.000000e-03 +2.171569e-02 +8.359855e+01 +2.015913e+03
    318 +3.000000e-03 +2.171569e-02 +8.359972e+01 +2.015983e+03
    319 +3.000000e-03 +2.171569e-02 +8.359972e+01 +2.015983e+03
    320 +3.000000e-03 +2.073241e-02 +8.367767e+01 +2.020660e+03
    321 +3.000000e-03 +1.974914e-02 +8.383595e+01 +2.030157e+03
    322 +3.000000e-03 +1.876586e-02 +8.407201e+01 +2.044320e+03
    323 +3.000000e-03 +1.778258e-02 +8.438647e+01 +2.063188e+03
    324 +3.000000e-03 +1.679931e-02 +8.478007e+01 +2.086804e+03
    325 +3.000000e-03 +1.581603e-02 +8.525373e+01 +2.115224e+03
    326 +3.000000e-03 +1.483276e-02 +8.580854e+01 +2.148512e+03
    327 +3.000000e-03 +1.384948e-02 +8.644577e+01 +2.186746e+03
    328 +3.000000e-03 +1.286621e-02 +8.716689e+01 +2.230013e+03
    329 +3.000000e-03 +1.188293e-02 +8.797355e+01 +2.278413e+03
    330 +3.000000e-03 +1.089965e-02 +8.886761e+01 +2.332057e+03
    331 +3.000000e-03 +9.916379e-03 +8.985111e+01 +2.391067e+03
    332 +3.000000e-03 +8.933103e-03 +9.092623e+01 +2.455574e+03
    333 +3.000000e-03 +7.949827e-03 +9.209512e+01 +2.525707e+03
    334 +3.000000e-03 +6.966551e-03 +9.335916e+01 +2.601549e+03
    335 +3.000000e-03 +5.983276e-03 +9.471559e+01 +2.682935e+03
    336 +3.000000e-03 +5.000000e-03 +9.620104e+01 +2.772062e+03
    337 +3.000000e-03 +5.000000e-03 +9.620104e+01 +2.772062e+03
    338 +2.000000e-03 +5.000000e-03 +9.668311e+01 +2.800986e+03
    339 +1.000000e-03 +5.000000e-03 +9.638866e+01 +2.783320e+03
    340 +1.000000e-03 +5.000000e-03 +9.638866e+01 +2.783320e+03
    341 +1.000000e-03 +6.025752e-03 +9.544557e+01 +2.726734e+03
    342 +1.000000e-03 +7.051505e-03 +9.463882e+01 +2.678329e+03
    343 +1.000000e-03 +8.077257e-03 +9.388925e+01 +2.633355e+03
    344 +1.000000e-03 +9.103009e-03 +9.319484e+01 +2.591690e+03
    345 +1.000000e-03 +1.012876e-02 +9.255515e+01 +2.553309e+03
    346 +1.000000e-03 +1.115451e-02 +9.196954e+01 +2.518172e+03
    347 +1.000000e-03 +1.218027e-02 +9.143735e+01 +2.486241e+03
    348 +1.000000e-03 +1.320602e-02 +9.095794e+01 +2.457476e+03
    349 +1.000000e-03 +1.423177e-02 +9.053071e+01 +2.431843e+03
    350 +1.000000e-03 +1.525752e-02 +9.015512e+01 +2.409307e+03
    351 +1.000000e-03 +1.628328e-02 +8.983067e+01 +2.389840e+03
    352 +1.000000e-03 +1.730903e-02 +8.955695e+01 +2.373417e+03
    353 +1.000000e-03 +1.833478e-02 +8.933357e+01 +2.360014e+03
    354 +1.000000e-03 +1.936053e-02 +8.916020e+01 +2.349612e+03
    355 +1.000000e-03 +2.038628e-02 +8.903650e+01 +2.342190e+03
    356 +1.000000e-03 +2.141204e-02 +8.896364e+01 +2.337819e+03
    357 +1.000000e-03 +2.141204e-02 +8.896364e+01 +2.337819e+03
    358 +0.000000e+00 +2.141204e-02 +8.898750e+01 +2.339250e+03
    359 +0.000000e+00 +2.141204e-02 +8.898750e+01 +0.000000e+00
    360 +0.000000e+00 +2.039242e-02 +8.905977e+01 +0.000000e+00
    361 +0.000000e+00 +1.937280e-02 +8.918238e+01 +0.000000e+00
    362 +0.000000e+00 +1.835317e-02 +8.935407e+01 +0.000000e+00
    363 +0.000000e+00 +1.733355e-02 +8.957520e+01 +0.000000e+00
    364 +0.000000e+00 +1.631393e-02 +8.984609e+01 +0.000000e+00
    365 +0.000000e+00 +1.529431e-02 +9.016713e+01 +0.000000e+00
    366 +0.000000e+00 +1.427469e-02 +9.053873e+01 +0.000000e+00
    367 +0.000000e+00 +1.325507e-02 +9.096137e+01 +0.000000e+00
    368 +0.000000e+00 +1.223545e-02 +9.143558e+01 +0.000000e+00
    369 +0.000000e+00 +1.121583e-02 +9.196195e+01 +0.000000e+00
    370 +0.000000e+00 +1.019621e-02 +9.254110e+01 +0.000000e+00
    371 +0.000000e+00 +9.176587e-03 +9.317368e+01 +0.000000e+00
    372 +0.000000e+00 +8.156966e-03 +9.386023e+01 +0.000000e+00
    373 +0.000000e+00 +7.137346e-03 +9.460068e+01 +0.000000e+00
    374 +0.000000e+00 +6.117725e-03 +9.539024e+01 +0.000000e+00
    375 +0.000000e+00 +5.098104e-03 +9.617772e+01 +0.000000e+00
    376 +0.000000e+00 +4.078483e-03 +9.682107e+01 +0.000000e+00
    377 +0.000000e+00 +3.058862e-03 +9.735160e+01 +0.000000e+00
    378 +0.000000e+00 +2.039242e-03 +9.785079e+01 +0.000000e+00
    379 +0.000000e+00 +1.019621e-03 +9.833872e+01 +0.000000e+00
    380 +0.000000e+00 +0.000000e+00 +9.881779e+01 +0.000000e+00

%_intp_ ______x1_____ ______x2_____ ______T______ _____qx1_____ _____qx2_____
      1 +1.400000e-02 +5.000000e-04 +9.918652e+01 +8.449978e+01 +2.289983e+04
      2 +1.400000e-02 +6.379310e-04 +9.912350e+01 +9.395896e+01 +2.278833e+04
      3 +1.400000e-02 +7.758621e-04 +9.906079e+01 +1.055912e+02 +2.267822e+04
      4 +1.400000e-02 +9.137931e-04 +9.899838e+01 +1.195538e+02 +2.256829e+04
      5 +1.400000e-02 +1.051724e-03 +9.893628e+01 +1.360025e+02 +2.245793e+04
      6 +1.400000e-02 +1.189655e-03 +9.887448e+01 +1.551035e+02 +2.234678e+04
      7 +1.400000e-02 +1.327586e-03 +9.881299e+01 +1.770435e+02 +2.223459e+04
      8 +1.400000e-02 +1.465517e-03 +9.875181e+01 +2.020367e+02 +2.212106e+04
      9 +1.400000e-02 +1.603448e-03 +9.869094e+01 +2.303307e+02 +2.200590e+04
     10 +1.400000e-02 +1.741379e-03 +9.863040e+01 +2.622133e+02 +2.188871e+04
     11 +1.400000e-02 +1.879310e-03 +9.857018e+01 +2.980179e+02 +2.176902e+04
     12 +1.400000e-02 +2.017241e-03 +9.851029e+01 +3.381316e+02 +2.164618e+04
     13 +1.400000e-02 +2.155172e-03 +9.845075e+01 +3.830020e+02 +2.151938e+04
     14 +1.400000e-02 +2.293103e-03 +9.839157e+01 +4.331474e+02 +2.138752e+04
     15 +1.400000e-02 +2.431034e-03 +9.833276e+01 +4.891661e+02 +2.124918e+04
     16 +1.400000e-02 +2.568966e-03 +9.827434e+01 +5.517476e+02 +2.110243e+04
     17 +1.400000e-02 +2.706897e-03 +9.821634e+01 +6.216848e+02 +2.094474e+04
     18 +1.400000e-02 +2.844828e-03 +9.815880e+01 +6.998854e+02 +2.077272e+04
     19 +1.400000e-02 +2.982759e-03 +9.810175e+01 +7.873822e+02 +2.058186e+04
     20 +1.400000e-02 +3.120690e-03 +9.804526e+01 +8.853410e+02 +2.036615e+04
     21 +1.400000e-02 +3.258621e-03 +9.798942e+01 +9.950604e+02 +2.011758e+04
     22 +1.400000e-02 +3.396552e-03 +9.793431e+01 +1.117960e+03 +1.982550e+04
     23 +1.400000e-02 +3.534483e-03 +9.788009e+01 +1.255547e+03 +1.947579e+04
     24 +1.400000e-02 +3.672414e-03 +9.782693e+01 +1.409348e+03 +1.904971e+04
     25 +1.400000e-02 +3.810345e-03 +9.777508e+01 +1.580789e+03 +1.852254e+04
     26 +1.400000e-02 +3.948276e-03 +9.772486e+01 +1.770987e+03 +1.786172e+04
     27 +1.400000e-02 +4.086207e-03 +9.767669e+01 +1.980437e+03 +1.702448e+04
     28 +1.400000e-02 +4.224138e-03 +9.763114e+01 +2.208551e+03 +1.595444e+04
     29 +1.400000e-02 +4.362069e-03 +9.758895e+01 +2.453054e+03 +1.457597e+04
     30 +1.400000e-02 +4.500000e-03 +9.755110e+01 +2.709320e+03 +1.278169e+04

