%_node_ ______x1_____ ______x2_____ ______T______ ______q______
      1 +0.000000e+00 +0.000000e+00 +9.215342e+01 -2.329200e+04
      2 +1.000000e-03 +0.000000e+00 +9.215255e+01 -2.329200e+04
      3 +2.000000e-03 +0.000000e+00 +9.214979e+01 -2.329200e+04
      4 +3.000000e-03 +0.000000e+00 +9.214446e+01 -2.329200e+04
      5 +4.000000e-03 +0.000000e+00 +9.213610e+01 -2.329200e+04
      6 +5.000000e-03 +0.000000e+00 +9.212498e+01 -2.329200e+04
      7 +6.000000e-03 +0.000000e+00 +9.211207e+01 -2.329200e+04
      8 +7.000000e-03 +0.000000e+00 +9.209880e+01 -2.329200e+04
      9 +8.000000e-03 +0.000000e+00 +9.208664e+01 -2.329200e+04
     10 +9.000000e-03 +0.000000e+00 +9.207678e+01 -2.329200e+04
     11 +1.000000e-02 +0.000000e+00 +9.206998e+01 -2.329200e+04
     12 +1.100000e-02 +0.000000e+00 +9.206635e+01 -2.329200e+04
     13 +1.200000e-02 +0.000000e+00 +9.206547e+01 -2.329200e+04
     14 +1.300000e-02 +0.000000e+00 +9.206696e+01 -2.329200e+04
     15 +1.400000e-02 +0.000000e+00 +9.207072e+01 -2.329200e+04
     16 +1.500000e-02 +0.000000e+00 +9.207696e+01 -2.329200e+04
     17 +1.600000e-02 +0.000000e+00 +9.208577e+01 -2.329200e+04
     18 +1.700000e-02 +0.000000e+00 +9.209664e+01 -2.329200e+04
     19 +1.800000e-02 +0.000000e+00 +9.210848e+01 -2.329200e+04
     20 +1.900000e-02 +0.000000e+00 +9.212023e+01 -2.329200e+04
     21 +2.000000e-02 +0.000000e+00 +9.213132e+01 -2.329200e+04
     22 +2.100000e-02 +0.000000e+00 +9.214183e+01 -2.329200e+04
     23 +2.200000e-02 +0.000000e+00 +9.215220e+01 -2.329200e+04
     24 +2.300000e-02 +0.000000e+00 +9.216279e+01 -2.329200e+04
     25 +2.400000e-02 +0.000000e+00 +9.217357e+01 -2.329200e+04
     26 +2.500000e-02 +0.000000e+00 +9.218403e+01 -2.329200e+04
     27 +2.600000e-02 +0.000000e+00 +9.219310e+01 -2.329200e+04
     28 +2.700000e-02 +0.000000e+00 +9.219932e+01 -2.329200e+04
     29 +2.800000e-02 +0.000000e+00 +9.220131e+01 -2.329200e+04
     30 +2.800000e-02 +0.000000e+00 +9.220131e+01 +0.000000e+00
     31 +2.800000e-02 +1.032545e-03 +9.208348e+01 +0.000000e+00
     32 +2.800000e-02 +2.065090e-03 +9.197118e+01 +0.000000e+00
     33 +2.800000e-02 +3.097635e-03 +9.186575e+01 +0.000000e+00
     34 +2.800000e-02 +4.130180e-03 +9.176775e+01 +0.000000e+00
     35 +2.800000e-02 +5.162725e-03 +9.166902e+01 +0.000000e+00
     36 +2.800000e-02 +6.195270e-03 +9.156285e+01 +0.000000e+00
     37 +2.800000e-02 +7.227816e-03 +9.146331e+01 +0.000000e+00
     38 +2.800000e-02 +8.260361e-03 +9.137617e+01 +0.000000e+00
     39 +2.800000e-02 +9.292906e-03 +9.130222e+01 +0.000000e+00
     40 +2.800000e-02 +1.032545e-02 +9.124160e+01 +0.000000e+00
     41 +2.800000e-02 +1.135800e-02 +9.119432e+01 +0.000000e+00
     42 +2.800000e-02 +1.239054e-02 +9.116038e+01 +0.000000e+00
     43 +2.800000e-02 +1.342309e-02 +9.114026e+01 +0.000000e+00
     44 +2.800000e-02 +1.342309e-02 +9.114026e+01 +2.468416e+03
     45 +2.700000e-02 +1.342309e-02 +9.113372e+01 +2.468023e+03
     46 +2.700000e-02 +1.342309e-02 +9.113372e+01 +2.468023e+03
     47 +2.700000e-02 +1.237020e-02 +9.115457e+01 +2.469274e+03
     48 +2.700000e-02 +1.131731e-02 +9.118959e+01 +2.471375e+03
     49 +2.700000e-02 +1.026443e-02 +9.123846e+01 +2.474307e+03
     50 +2.700000e-02 +9.211543e-03 +9.130120e+01 +2.478072e+03
     51 +2.700000e-02 +8.158657e-03 +9.137783e+01 +2.482670e+03
     52 +2.700000e-02 +7.105772e-03 +9.146831e+01 +2.488099e+03
     53 +2.700000e-02 +6.052886e-03 +9.157275e+01 +2.494365e+03
     54 +2.700000e-02 +5.000000e-03 +9.169771e+01 +2.501863e+03
     55 +2.700000e-02 +5.000000e-03 +9.169771e+01 +2.501863e+03
     56 +2.600000e-02 +5.000000e-03 +9.170487e+01 +2.502292e+03
     57 +2.500000e-02 +5.000000e-03 +9.155367e+01 +2.493220e+03
     58 +2.500000e-02 +5.000000e-03 +9.155367e+01 +2.493220e+03
     59 +2.500000e-02 +6.015787e-03 +9.117735e+01 +2.470641e+03
     60 +2.500000e-02 +7.031574e-03 +9.084074e+01 +2.450445e+03
     61 +2.500000e-02 +8.047361e-03 +9.052773e+01 +2.431664e+03
     62 +2.500000e-02 +9.063148e-03 +9.023920e+01 +2.414352e+03
     63 +2.500000e-02 +1.007894e-02 +8.997527e+01 +2.398516e+03
     64 +2.500000e-02 +1.109472e-02 +8.973584e+01 +2.384151e+03
     65 +2.500000e-02 +1.211051e-02 +8.952079e+01 +2.371247e+03
     66 +2.500000e-02 +1.312630e-02 +8.932997e+01 +2.359798e+03
     67 +2.500000e-02 +1.414208e-02 +8.916322e+01 +2.349793e+03
     68 +2.500000e-02 +1.515787e-02 +8.902038e+01 +2.341223e+03
     69 +2.500000e-02 +1.617366e-02 +8.890140e+01 +2.334084e+03
     70 +2.500000e-02 +1.718944e-02 +8.880627e+01 +2.328376e+03
     71 +2.500000e-02 +1.820523e-02 +8.873493e+01 +2.324096e+03
     72 +2.500000e-02 +1.922102e-02 +8.868724e+01 +2.321235e+03
     73 +2.500000e-02 +2.023681e-02 +8.866376e+01 +2.319826e+03
     74 +2.500000e-02 +2.023681e-02 +8.866376e+01 +2.319826e+03
     75 +2.400000e-02 +2.023681e-02 +8.866389e+01 +2.319834e+03
     76 +2.400000e-02 +2.023681e-02 +8.866389e+01 +2.319834e+03
     77 +2.400000e-02 +1.922102e-02 +8.868726e+01 +2.321235e+03
     78 +2.400000e-02 +1.820523e-02 +8.873487e+01 +2.324092e+03
     79 +2.400000e-02 +1.718944e-02 +8.880618e+01 +2.328371e+03
     80 +2.400000e-02 +1.617366e-02 +8.890129e+01 +2.334077e+03
     81 +2.400000e-02 +1.515787e-02 +8.902024e+01 +2.341214e+03
     82 +2.400000e-02 +1.414208e-02 +8.916307e+01 +2.349784e+03
     83 +2.400000e-02 +1.312630e-02 +8.932984e+01 +2.359790e+03
     84 +2.400000e-02 +1.211051e-02 +8.952067e+01 +2.371240e+03
     85 +2.400000e-02 +1.109472e-02 +8.973573e+01 +2.384144e+03
     86 +2.400000e-02 +1.007894e-02 +8.997516e+01 +2.398510e+03
     87 +2.400000e-02 +9.063148e-03 +9.023910e+01 +2.414346e+03
     88 +2.400000e-02 +8.047361e-03 +9.052766e+01 +2.431660e+03
     89 +2.400000e-02 +7.031574e-03 +9.084083e+01 +2.450450e+03
     90 +2.400000e-02 +6.015787e-03 +9.117751e+01 +2.470651e+03
     91 +2.400000e-02 +5.000000e-03 +9.153990e+01 +2.492394e+03
     92 +2.400000e-02 +5.000000e-03 +9.153990e+01 +2.492394e+03
     93 +2.300000e-02 +5.000000e-03 +9.163426e+01 +2.498056e+03
     94 +2.200000e-02 +5.000000e-03 +9.152101e+01 +2.491261e+03
     95 +2.200000e-02 +5.000000e-03 +9.152101e+01 +2.491261e+03
     96 +2.200000e-02 +6.009462e-03 +9.117548e+01 +2.470529e+03
     97 +2.200000e-02 +7.018924e-03 +9.086229e+01 +2.451737e+03
     98 +2.200000e-02 +8.028386e-03 +9.057252e+01 +2.434351e+03
     99 +2.200000e-02 +9.037848e-03 +9.030725e+01 +2.418435e+03
    100 +2.200000e-02 +1.004731e-02 +9.006656e+01 +2.403994e+03
    101 +2.200000e-02 +1.105677e-02 +8.985037e+01 +2.391022e+03
    102 +2.200000e-02 +1.206623e-02 +8.965856e+01 +2.379514e+03
    103 +2.200000e-02 +1.307570e-02 +8.949100e+01 +2.369460e+03
    104 +2.200000e-02 +1.408516e-02 +8.934754e+01 +2.360852e+03
    105 +2.200000e-02 +1.509462e-02 +8.922799e+01 +2.353679e+03
    106 +2.200000e-02 +1.610408e-02 +8.913219e+01 +2.347932e+03
    107 +2.200000e-02 +1.711354e-02 +8.906010e+01 +2.343606e+03
    108 +2.200000e-02 +1.812301e-02 +8.901167e+01 +2.340700e+03
    109 +2.200000e-02 +1.913247e-02 +8.898767e+01 +2.339260e+03
    110 +2.200000e-02 +1.913247e-02 +8.898767e+01 +2.339260e+03
    111 +2.100000e-02 +1.913247e-02 +8.898778e+01 +2.339267e+03
    112 +2.100000e-02 +1.913247e-02 +8.898778e+01 +2.339267e+03
    113 +2.100000e-02 +1.812301e-02 +8.901174e+01 +2.340705e+03
    114 +2.100000e-02 +1.711354e-02 +8.906019e+01 +2.343611e+03
    115 +2.100000e-02 +1.610408e-02 +8.913231e+01 +2.347939e+03
    116 +2.100000e-02 +1.509462e-02 +8.922812e+01 +2.353687e+03
    117 +2.100000e-02 +1.408516e-02 +8.934762e+01 +2.360857e+03
    118 +2.100000e-02 +1.307570e-02 +8.949101e+01 +2.369461e+03
    119 +2.100000e-02 +1.206623e-02 +8.965855e+01 +2.379513e+03
    120 +2.100000e-02 +1.105677e-02 +8.985036e+01 +2.391022e+03
    121 +2.100000e-02 +1.004731e-02 +9.006655e+01 +2.403993e+03
    122 +2.100000e-02 +9.037848e-03 +9.030723e+01 +2.418434e+03
    123 +2.100000e-02 +8.028386e-03 +9.057250e+01 +2.434350e+03
    124 +2.100000e-02 +7.018924e-03 +9.086220e+01 +2.451732e+03
    125 +2.100000e-02 +6.009462e-03 +9.117517e+01 +2.470510e+03
    126 +2.100000e-02 +5.000000e-03 +9.151799e+01 +2.491080e+03
    127 +2.100000e-02 +5.000000e-03 +9.151799e+01 +2.491080e+03
    128 +2.000000e-02 +5.000000e-03 +9.162300e+01 +2.497380e+03
    129 +1.900000e-02 +5.000000e-03 +9.155060e+01 +2.493036e+03
    130 +1.900000e-02 +5.000000e-03 +9.155060e+01 +2.493036e+03
    131 +1.900000e-02 +6.020540e-03 +9.131611e+01 +2.478966e+03
    132 +1.900000e-02 +7.041081e-03 +9.111373e+01 +2.466824e+03
    133 +1.900000e-02 +8.061621e-03 +9.093547e+01 +2.456128e+03
    134 +1.900000e-02 +9.082161e-03 +9.078237e+01 +2.446942e+03
    135 +1.900000e-02 +1.010270e-02 +9.065461e+01 +2.439277e+03
    136 +1.900000e-02 +1.112324e-02 +9.055218e+01 +2.433131e+03
    137 +1.900000e-02 +1.214378e-02 +9.047502e+01 +2.428501e+03
    138 +1.900000e-02 +1.316432e-02 +9.042306e+01 +2.425383e+03
    139 +1.900000e-02 +1.418486e-02 +9.039710e+01 +2.423826e+03
    140 +1.900000e-02 +1.418486e-02 +9.039710e+01 +2.423826e+03
    141 +1.800000e-02 +1.418486e-02 +9.039713e+01 +2.423828e+03
    142 +1.800000e-02 +1.418486e-02 +9.039713e+01 +2.423828e+03
    143 +1.800000e-02 +1.316432e-02 +9.042307e+01 +2.425384e+03
    144 +1.800000e-02 +1.214378e-02 +9.047503e+01 +2.428502e+03
    145 +1.800000e-02 +1.112324e-02 +9.055219e+01 +2.433132e+03
    146 +1.800000e-02 +1.010270e-02 +9.065463e+01 +2.439278e+03
    147 +1.800000e-02 +9.082161e-03 +9.078238e+01 +2.446943e+03
    148 +1.800000e-02 +8.061621e-03 +9.093550e+01 +2.456130e+03
    149 +1.800000e-02 +7.041081e-03 +9.111382e+01 +2.466829e+03
    150 +1.800000e-02 +6.020540e-03 +9.131614e+01 +2.478968e+03
    151 +1.800000e-02 +5.000000e-03 +9.153961e+01 +2.492376e+03
    152 +1.800000e-02 +5.000000e-03 +9.153961e+01 +2.492376e+03
    153 +1.700000e-02 +5.000000e-03 +9.156825e+01 +2.494095e+03
    154 +1.600000e-02 +5.000000e-03 +9.139614e+01 +2.483768e+03
    155 +1.600000e-02 +5.000000e-03 +9.139614e+01 +2.483768e+03
    156 +1.600000e-02 +5.990949e-03 +9.095540e+01 +2.457324e+03
    157 +1.600000e-02 +6.981897e-03 +9.055269e+01 +2.433161e+03
    158 +1.600000e-02 +7.972846e-03 +9.017213e+01 +2.410328e+03
    159 +1.600000e-02 +8.963795e-03 +8.981483e+01 +2.388890e+03
    160 +1.600000e-02 +9.954743e-03 +8.948093e+01 +2.368856e+03
    161 +1.600000e-02 +1.094569e-02 +8.917031e+01 +2.350219e+03
    162 +1.600000e-02 +1.193664e-02 +8.888280e+01 +2.332968e+03
    163 +1.600000e-02 +1.292759e-02 +8.861825e+01 +2.317095e+03
    164 +1.600000e-02 +1.391854e-02 +8.837648e+01 +2.302589e+03
    165 +1.600000e-02 +1.490949e-02 +8.815723e+01 +2.289434e+03
    166 +1.600000e-02 +1.590044e-02 +8.796019e+01 +2.277612e+03
    167 +1.600000e-02 +1.689138e-02 +8.778523e+01 +2.267114e+03
    168 +1.600000e-02 +1.788233e-02 +8.763223e+01 +2.257934e+03
    169 +1.600000e-02 +1.887328e-02 +8.750110e+01 +2.250066e+03
    170 +1.600000e-02 +1.986423e-02 +8.739179e+01 +2.243507e+03
    171 +1.600000e-02 +2.085518e-02 +8.730427e+01 +2.238256e+03
    172 +1.600000e-02 +2.184613e-02 +8.723848e+01 +2.234309e+03
    173 +1.600000e-02 +2.283708e-02 +8.719432e+01 +2.231659e+03
    174 +1.600000e-02 +2.382802e-02 +8.717247e+01 +2.230348e+03
    175 +1.600000e-02 +2.382802e-02 +8.717247e+01 +2.230348e+03
    176 +1.500000e-02 +2.382802e-02 +8.717243e+01 +2.230346e+03
    177 +1.500000e-02 +2.382802e-02 +8.717243e+01 +2.230346e+03
    178 +1.500000e-02 +2.283708e-02 +8.719429e+01 +2.231657e+03
    179 +1.500000e-02 +2.184613e-02 +8.723845e+01 +2.234307e+03
    180 +1.500000e-02 +2.085518e-02 +8.730424e+01 +2.238255e+03
    181 +1.500000e-02 +1.986423e-02 +8.739179e+01 +2.243507e+03
    182 +1.500000e-02 +1.887328e-02 +8.750113e+01 +2.250068e+03
    183 +1.500000e-02 +1.788233e-02 +8.763229e+01 +2.257937e+03
    184 +1.500000e-02 +1.689138e-02 +8.778525e+01 +2.267115e+03
    185 +1.500000e-02 +1.590044e-02 +8.796012e+01 +2.277607e+03
    186 +1.500000e-02 +1.490949e-02 +8.815712e+01 +2.289427e+03
    187 +1.500000e-02 +1.391854e-02 +8.837643e+01 +2.302586e+03
    188 +1.500000e-02 +1.292759e-02 +8.861825e+01 +2.317095e+03
    189 +1.500000e-02 +1.193664e-02 +8.888282e+01 +2.332969e+03
    190 +1.500000e-02 +1.094569e-02 +8.917033e+01 +2.350220e+03
    191 +1.500000e-02 +9.954743e-03 +8.948096e+01 +2.368857e+03
    192 +1.500000e-02 +8.963795e-03 +8.981486e+01 +2.388892e+03
    193 +1.500000e-02 +7.972846e-03 +9.017216e+01 +2.410330e+03
    194 +1.500000e-02 +6.981897e-03 +9.055277e+01 +2.433166e+03
    195 +1.500000e-02 +5.990949e-03 +9.095538e+01 +2.457323e+03
    196 +1.500000e-02 +5.000000e-03 +9.138777e+01 +2.483266e+03
    197 +1.500000e-02 +5.000000e-03 +9.138777e+01 +2.483266e+03
    198 +1.400000e-02 +5.000000e-03 +9.152677e+01 +2.491606e+03
    199 +1.300000e-02 +5.000000e-03 +9.144979e+01 +2.486987e+03
    200 +1.300000e-02 +5.000000e-03 +9.144979e+01 +2.486987e+03
    201 +1.300000e-02 +5.974313e-03 +9.117175e+01 +2.470305e+03
    202 +1.300000e-02 +6.948626e-03 +9.092044e+01 +2.455226e+03
    203 +1.300000e-02 +7.922940e-03 +9.069063e+01 +2.441438e+03
    204 +1.300000e-02 +8.897253e-03 +9.048361e+01 +2.429016e+03
    205 +1.300000e-02 +9.871566e-03 +9.029959e+01 +2.417975e+03
    206 +1.300000e-02 +1.084588e-02 +9.013855e+01 +2.408313e+03
    207 +1.300000e-02 +1.182019e-02 +9.000040e+01 +2.400024e+03
    208 +1.300000e-02 +1.279451e-02 +8.988508e+01 +2.393105e+03
    209 +1.300000e-02 +1.376882e-02 +8.979250e+01 +2.387550e+03
    210 +1.300000e-02 +1.474313e-02 +8.972262e+01 +2.383357e+03
    211 +1.300000e-02 +1.571745e-02 +8.967536e+01 +2.380522e+03
    212 +1.300000e-02 +1.669176e-02 +8.965156e+01 +2.379094e+03
    213 +1.300000e-02 +1.669176e-02 +8.965156e+01 +2.379094e+03
    214 +1.200000e-02 +1.669176e-02 +8.965152e+01 +2.379091e+03
    215 +1.200000e-02 +1.669176e-02 +8.965152e+01 +2.379091e+03
    216 +1.200000e-02 +1.571745e-02 +8.967534e+01 +2.380520e+03
    217 +1.200000e-02 +1.474313e-02 +8.972260e+01 +2.383356e+03
    218 +1.200000e-02 +1.376882e-02 +8.979248e+01 +2.387549e+03
    219 +1.200000e-02 +1.279451e-02 +8.988506e+01 +2.393104e+03
    220 +1.200000e-02 +1.182019e-02 +9.000038e+01 +2.400023e+03
    221 +1.200000e-02 +1.084588e-02 +9.013853e+01 +2.408312e+03
    222 +1.200000e-02 +9.871566e-03 +9.029957e+01 +2.417974e+03
    223 +1.200000e-02 +8.897253e-03 +9.048359e+01 +2.429015e+03
    224 +1.200000e-02 +7.922940e-03 +9.069061e+01 +2.441437e+03
    225 +1.200000e-02 +6.948626e-03 +9.092042e+01 +2.455225e+03
    226 +1.200000e-02 +5.974313e-03 +9.117169e+01 +2.470302e+03
    227 +1.200000e-02 +5.000000e-03 +9.144869e+01 +2.486921e+03
    228 +1.200000e-02 +5.000000e-03 +9.144869e+01 +2.486921e+03
    229 +1.100000e-02 +5.000000e-03 +9.152158e+01 +2.491295e+03
    230 +1.000000e-02 +5.000000e-03 +9.137997e+01 +2.482798e+03
    231 +1.000000e-02 +5.000000e-03 +9.137997e+01 +2.482798e+03
    232 +1.000000e-02 +6.026282e-03 +9.094004e+01 +2.456403e+03
    233 +1.000000e-02 +7.052564e-03 +9.053260e+01 +2.431956e+03
    234 +1.000000e-02 +8.078846e-03 +9.014875e+01 +2.408925e+03
    235 +1.000000e-02 +9.105128e-03 +8.978979e+01 +2.387388e+03
    236 +1.000000e-02 +1.013141e-02 +8.945582e+01 +2.367349e+03
    237 +1.000000e-02 +1.115769e-02 +8.914668e+01 +2.348801e+03
    238 +1.000000e-02 +1.218397e-02 +8.886221e+01 +2.331733e+03
    239 +1.000000e-02 +1.321026e-02 +8.860223e+01 +2.316134e+03
    240 +1.000000e-02 +1.423654e-02 +8.836657e+01 +2.301994e+03
    241 +1.000000e-02 +1.526282e-02 +8.815510e+01 +2.289306e+03
    242 +1.000000e-02 +1.628910e-02 +8.796767e+01 +2.278060e+03
    243 +1.000000e-02 +1.731538e-02 +8.780406e+01 +2.268244e+03
    244 +1.000000e-02 +1.834167e-02 +8.766398e+01 +2.259839e+03
    245 +1.000000e-02 +1.936795e-02 +8.754728e+01 +2.252837e+03
    246 +1.000000e-02 +2.039423e-02 +8.745387e+01 +2.247232e+03
    247 +1.000000e-02 +2.142051e-02 +8.738369e+01 +2.243021e+03
    248 +1.000000e-02 +2.244679e-02 +8.733669e+01 +2.240201e+03
    249 +1.000000e-02 +2.347308e-02 +8.731354e+01 +2.238812e+03
    250 +1.000000e-02 +2.347308e-02 +8.731354e+01 +2.238812e+03
    251 +9.000000e-03 +2.347308e-02 +8.731361e+01 +2.238817e+03
    252 +9.000000e-03 +2.347308e-02 +8.731361e+01 +2.238817e+03
    253 +9.000000e-03 +2.244679e-02 +8.733674e+01 +2.240204e+03
    254 +9.000000e-03 +2.142051e-02 +8.738376e+01 +2.243026e+03
    255 +9.000000e-03 +2.039423e-02 +8.745395e+01 +2.247237e+03
    256 +9.000000e-03 +1.936795e-02 +8.754733e+01 +2.252840e+03
    257 +9.000000e-03 +1.834167e-02 +8.766393e+01 +2.259836e+03
    258 +9.000000e-03 +1.731538e-02 +8.780396e+01 +2.268238e+03
    259 +9.000000e-03 +1.628910e-02 +8.796762e+01 +2.278057e+03
    260 +9.000000e-03 +1.526282e-02 +8.815509e+01 +2.289305e+03
    261 +9.000000e-03 +1.423654e-02 +8.836657e+01 +2.301994e+03
    262 +9.000000e-03 +1.321026e-02 +8.860223e+01 +2.316134e+03
    263 +9.000000e-03 +1.218397e-02 +8.886221e+01 +2.331732e+03
    264 +9.000000e-03 +1.115769e-02 +8.914668e+01 +2.348801e+03
    265 +9.000000e-03 +1.013141e-02 +8.945581e+01 +2.367349e+03
    266 +9.000000e-03 +9.105128e-03 +8.978979e+01 +2.387387e+03
    267 +9.000000e-03 +8.078846e-03 +9.014875e+01 +2.408925e+03
    268 +9.000000e-03 +7.052564e-03 +9.053261e+01 +2.431957e+03
    269 +9.000000e-03 +6.026282e-03 +9.094017e+01 +2.456410e+03
    270 +9.000000e-03 +5.000000e-03 +9.138384e+01 +2.483030e+03
    271 +9.000000e-03 +5.000000e-03 +9.138384e+01 +2.483030e+03
    272 +8.000000e-03 +5.000000e-03 +9.153917e+01 +2.492350e+03
    273 +7.000000e-03 +5.000000e-03 +9.147092e+01 +2.488255e+03
    274 +7.000000e-03 +5.000000e-03 +9.147092e+01 +2.488255e+03
    275 +7.000000e-03 +5.984302e-03 +9.115182e+01 +2.469109e+03
    276 +7.000000e-03 +6.968604e-03 +9.085357e+01 +2.451214e+03
    277 +7.000000e-03 +7.952906e-03 +9.057729e+01 +2.434637e+03
    278 +7.000000e-03 +8.937208e-03 +9.032429e+01 +2.419457e+03
    279 +7.000000e-03 +9.921510e-03 +9.009468e+01 +2.405681e+03
    280 +7.000000e-03 +1.090581e-02 +8.988838e+01 +2.393303e+03
    281 +7.000000e-03 +1.189011e-02 +8.970527e+01 +2.382316e+03
    282 +7.000000e-03 +1.287442e-02 +8.954519e+01 +2.372711e+03
    283 +7.000000e-03 +1.385872e-02 +8.940793e+01 +2.364476e+03
    284 +7.000000e-03 +1.484302e-02 +8.929338e+01 +2.357603e+03
    285 +7.000000e-03 +1.582732e-02 +8.920145e+01 +2.352087e+03
    286 +7.000000e-03 +1.681162e-02 +8.913214e+01 +2.347929e+03
    287 +7.000000e-03 +1.779592e-02 +8.908540e+01 +2.345124e+03
    288 +7.000000e-03 +1.878023e-02 +8.906194e+01 +2.343717e+03
    289 +7.000000e-03 +1.878023e-02 +8.906194e+01 +2.343717e+03
    290 +6.000000e-03 +1.878023e-02 +8.906221e+01 +2.343733e+03
    291 +6.000000e-03 +1.878023e-02 +8.906221e+01 +2.343733e+03
    292 +6.000000e-03 +1.779592e-02 +8.908551e+01 +2.345130e+03
    293 +6.000000e-03 +1.681162e-02 +8.913225e+01 +2.347935e+03
    294 +6.000000e-03 +1.582732e-02 +8.920157e+01 +2.352094e+03
    295 +6.000000e-03 +1.484302e-02 +8.929351e+01 +2.357611e+03
    296 +6.000000e-03 +1.385872e-02 +8.940809e+01 +2.364485e+03
    297 +6.000000e-03 +1.287442e-02 +8.954530e+01 +2.372718e+03
    298 +6.000000e-03 +1.189011e-02 +8.970533e+01 +2.382320e+03
    299 +6.000000e-03 +1.090581e-02 +8.988841e+01 +2.393305e+03
    300 +6.000000e-03 +9.921510e-03 +9.009470e+01 +2.405682e+03
    301 +6.000000e-03 +8.937208e-03 +9.032430e+01 +2.419458e+03
    302 +6.000000e-03 +7.952906e-03 +9.057727e+01 +2.434636e+03
    303 +6.000000e-03 +6.968604e-03 +9.085340e+01 +2.451204e+03
    304 +6.000000e-03 +5.984302e-03 +9.115173e+01 +2.469104e+03
    305 +6.000000e-03 +5.000000e-03 +9.148845e+01 +2.489307e+03
    306 +6.000000e-03 +5.000000e-03 +9.148845e+01 +2.489307e+03
    307 +5.000000e-03 +5.000000e-03 +9.162877e+01 +2.497726e+03
    308 +4.000000e-03 +5.000000e-03 +9.160249e+01 +2.496149e+03
    309 +4.000000e-03 +5.000000e-03 +9.160249e+01 +2.496149e+03
    310 +4.000000e-03 +5.970721e-03 +9.142036e+01 +2.485222e+03
    311 +4.000000e-03 +6.941442e-03 +9.125936e+01 +2.475562e+03
    312 +4.000000e-03 +7.912162e-03 +9.112021e+01 +2.467212e+03
    313 +4.000000e-03 +8.882883e-03 +9.100386e+01 +2.460232e+03
    314 +4.000000e-03 +9.853604e-03 +9.091046e+01 +2.454627e+03
    315 +4.000000e-03 +1.082432e-02 +9.083997e+01 +2.450398e+03
    316 +4.000000e-03 +1.179505e-02 +9.079235e+01 +2.447541e+03
    317 +4.000000e-03 +1.276577e-02 +9.076838e+01 +2.446103e+03
    318 +4.000000e-03 +1.276577e-02 +9.076838e+01 +2.446103e+03
    319 +3.000000e-03 +1.276577e-02 +9.076863e+01 +2.446118e+03
    320 +3.000000e-03 +1.276577e-02 +9.076863e+01 +2.446118e+03
    321 +3.000000e-03 +1.179505e-02 +9.079246e+01 +2.447548e+03
    322 +3.000000e-03 +1.082432e-02 +9.084008e+01 +2.450405e+03
    323 +3.000000e-03 +9.853604e-03 +9.091056e+01 +2.454634e+03
    324 +3.000000e-03 +8.882883e-03 +9.100397e+01 +2.460238e+03
    325 +3.000000e-03 +7.912162e-03 +9.112028e+01 +2.467217e+03
    326 +3.000000e-03 +6.941442e-03 +9.125935e+01 +2.475561e+03
    327 +3.000000e-03 +5.970721e-03 +9.142039e+01 +2.485223e+03
    328 +3.000000e-03 +5.000000e-03 +9.160921e+01 +2.496552e+03
    329 +3.000000e-03 +5.000000e-03 +9.160921e+01 +2.496552e+03
    330 +2.000000e-03 +5.000000e-03 +9.166171e+01 +2.499703e+03
    331 +1.000000e-03 +5.000000e-03 +9.156242e+01 +2.493745e+03
    332 +1.000000e-03 +5.000000e-03 +9.156242e+01 +2.493745e+03
    333 +1.000000e-03 +6.018100e-03 +9.130817e+01 +2.478490e+03
    334 +1.000000e-03 +7.036200e-03 +9.109092e+01 +2.465455e+03
    335 +1.000000e-03 +8.054299e-03 +9.088681e+01 +2.453209e+03
    336 +1.000000e-03 +9.072399e-03 +9.069535e+01 +2.441721e+03
    337 +1.000000e-03 +1.009050e-02 +9.051659e+01 +2.430995e+03
    338 +1.000000e-03 +1.110860e-02 +9.035054e+01 +2.421032e+03
    339 +1.000000e-03 +1.212670e-02 +9.019716e+01 +2.411830e+03
    340 +1.000000e-03 +1.314480e-02 +9.005635e+01 +2.403381e+03
    341 +1.000000e-03 +1.416290e-02 +8.992788e+01 +2.395673e+03
    342 +1.000000e-03 +1.518100e-02 +8.981164e+01 +2.388699e+03
    343 +1.000000e-03 +1.619910e-02 +8.970769e+01 +2.382462e+03
    344 +1.000000e-03 +1.721720e-02 +8.961604e+01 +2.376962e+03
    345 +1.000000e-03 +1.823530e-02 +8.953667e+01 +2.372200e+03
    346 +1.000000e-03 +1.925340e-02 +8.946955e+01 +2.368173e+03
    347 +1.000000e-03 +2.027150e-02 +8.941464e+01 +2.364878e+03
    348 +1.000000e-03 +2.128960e-02 +8.937189e+01 +2.362314e+03
    349 +1.000000e-03 +2.230770e-02 +8.934125e+01 +2.360475e+03
    350 +1.000000e-03 +2.332580e-02 +8.932307e+01 +2.359384e+03
    351 +1.000000e-03 +2.332580e-02 +8.932307e+01 +2.359384e+03
    352 +0.000000e+00 +2.332580e-02 +8.932899e+01 +2.359739e+03
    353 +0.000000e+00 +2.332580e-02 +8.932899e+01 +0.000000e+00
    354 +0.000000e+00 +2.231163e-02 +8.934707e+01 +0.000000e+00
    355 +0.000000e+00 +2.129747e-02 +8.937753e+01 +0.000000e+00
    356 +0.000000e+00 +2.028330e-02 +8.942000e+01 +0.000000e+00
    357 +0.000000e+00 +1.926914e-02 +8.947455e+01 +0.000000e+00
    358 +0.000000e+00 +1.825497e-02 +8.954121e+01 +0.000000e+00
    359 +0.000000e+00 +1.724081e-02 +8.962003e+01 +0.000000e+00
    360 +0.000000e+00 +1.622664e-02 +8.971103e+01 +0.000000e+00
    361 +0.000000e+00 +1.521248e-02 +8.981422e+01 +0.000000e+00
    362 +0.000000e+00 +1.419831e-02 +8.992960e+01 +0.000000e+00
    363 +0.000000e+00 +1.318415e-02 +9.005718e+01 +0.000000e+00
    364 +0.000000e+00 +1.216998e-02 +9.019704e+01 +0.000000e+00
    365 +0.000000e+00 +1.115582e-02 +9.034933e+01 +0.000000e+00
    366 +0.000000e+00 +1.014165e-02 +9.051418e+01 +0.000000e+00
    367 +0.000000e+00 +9.127486e-03 +9.069163e+01 +0.000000e+00
    368 +0.000000e+00 +8.113321e-03 +9.088167e+01 +0.000000e+00
    369 +0.000000e+00 +7.099155e-03 +9.108419e+01 +0.000000e+00
    370 +0.000000e+00 +6.084990e-03 +9.129780e+01 +0.000000e+00
    371 +0.000000e+00 +5.070825e-03 +9.150764e+01 +0.000000e+00
    372 +0.000000e+00 +4.056660e-03 +9.167254e+01 +0.000000e+00
    373 +0.000000e+00 +3.042495e-03 +9.180127e+01 +0.000000e+00
    374 +0.000000e+00 +2.028330e-03 +9.191944e+01 +0.000000e+00
    375 +0.000000e+00 +1.014165e-03 +9.203593e+01 +0.000000e+00
    376 +0.000000e+00 +3.469447e-18 +9.215342e+01 +0.000000e+00

%_intp_ ______x1_____ ______x2_____ ______T______ _____qx1_____ _____qx2_____
      1 +1.400000e-02 +5.000000e-04 +9.201227e+01 -9.850825e+02 +2.354064e+04
      2 +1.400000e-02 +6.379310e-04 +9.199601e+01 -9.795788e+02 +2.361140e+04
      3 +1.400000e-02 +7.758621e-04 +9.197970e+01 -9.725702e+02 +2.368106e+04
      4 +1.400000e-02 +9.137931e-04 +9.196335e+01 -9.637685e+02 +2.375033e+04
      5 +1.400000e-02 +1.051724e-03 +9.194695e+01 -9.528353e+02 +2.381943e+04
      6 +1.400000e-02 +1.189655e-03 +9.193049e+01 -9.393721e+02 +2.388840e+04
      7 +1.400000e-02 +1.327586e-03 +9.191400e+01 -9.229095e+02 +2.395716e+04
      8 +1.400000e-02 +1.465517e-03 +9.189745e+01 -9.028970e+02 +2.402550e+04
      9 +1.400000e-02 +1.603448e-03 +9.188086e+01 -8.786914e+02 +2.409312e+04
     10 +1.400000e-02 +1.741379e-03 +9.186422e+01 -8.495448e+02 +2.415958e+04
     11 +1.400000e-02 +1.879310e-03 +9.184753e+01 -8.145901e+02 +2.422427e+04
     12 +1.400000e-02 +2.017241e-03 +9.183081e+01 -7.728258e+02 +2.428632e+04
     13 +1.400000e-02 +2.155172e-03 +9.181404e+01 -7.230986e+02 +2.434459e+04
     14 +1.400000e-02 +2.293103e-03 +9.179723e+01 -6.640849e+02 +2.439748e+04
     15 +1.400000e-02 +2.431034e-03 +9.178039e+01 -5.942702e+02 +2.444286e+04
     16 +1.400000e-02 +2.568966e-03 +9.176352e+01 -5.119289e+02 +2.447787e+04
     17 +1.400000e-02 +2.706897e-03 +9.174663e+01 -4.151039e+02 +2.449867e+04
     18 +1.400000e-02 +2.844828e-03 +9.172973e+01 -3.015885e+02 +2.450012e+04
     19 +1.400000e-02 +2.982759e-03 +9.171284e+01 -1.689148e+02 +2.447536e+04
     20 +1.400000e-02 +3.120690e-03 +9.169598e+01 -1.435157e+01 +2.441526e+04
     21 +1.400000e-02 +3.258621e-03 +9.167918e+01 +1.650781e+02 +2.430769e+04
     22 +1.400000e-02 +3.396552e-03 +9.166247e+01 +3.725495e+02 +2.413656e+04
     23 +1.400000e-02 +3.534483e-03 +9.164590e+01 +6.113389e+02 +2.388060e+04
     24 +1.400000e-02 +3.672414e-03 +9.162955e+01 +8.846517e+02 +2.351175e+04
     25 +1.400000e-02 +3.810345e-03 +9.161351e+01 +1.195336e+03 +2.299321e+04
     26 +1.400000e-02 +3.948276e-03 +9.159788e+01 +1.545437e+03 +2.227678e+04
     27 +1.400000e-02 +4.086207e-03 +9.158284e+01 +1.935532e+03 +2.129966e+04
     28 +1.400000e-02 +4.224138e-03 +9.156858e+01 +2.363813e+03 +1.997979e+04
     29 +1.400000e-02 +4.362069e-03 +9.155539e+01 +2.824948e+03 +1.820826e+04
     30 +1.400000e-02 +4.500000e-03 +9.154361e+01 +3.308914e+03 +1.583220e+04

