%_node_ ______x1_____ ______x2_____ ______T______ ______q______
      1 +0.000000e+00 +0.000000e+00 +9.340008e+01 -2.329200e+04
      2 +1.000000e-03 +0.000000e+00 +9.339849e+01 -2.329200e+04
      3 +2.000000e-03 +0.000000e+00 +9.339368e+01 -2.329200e+04
      4 +3.000000e-03 +0.000000e+00 +9.338769e+01 -2.329200e+04
      5 +4.000000e-03 +0.000000e+00 +9.338257e+01 -2.329200e+04
      6 +5.000000e-03 +0.000000e+00 +9.337949e+01 -2.329200e+04
      7 +6.000000e-03 +0.000000e+00 +9.337844e+01 -2.329200e+04
      8 +7.000000e-03 +0.000000e+00 +9.337855e+01 -2.329200e+04
      9 +8.000000e-03 +0.000000e+00 +9.337841e+01 -2.329200e+04
     10 +9.000000e-03 +0.000000e+00 +9.337646e+01 -2.329200e+04
     11 +1.000000e-02 +0.000000e+00 +9.337138e+01 -2.329200e+04
     12 +1.100000e-02 +0.000000e+00 +9.336238e+01 -2.329200e+04
     13 +1.200000e-02 +0.000000e+00 +9.334931e+01 -2.329200e+04
     14 +1.300000e-02 +0.000000e+00 +9.333263e+01 -2.329200e+04
     15 +1.400000e-02 +0.000000e+00 +9.331325e+01 -2.329200e+04
     16 +1.500000e-02 +0.000000e+00 +9.329226e+01 -2.329200e+04
     17 +1.600000e-02 +0.000000e+00 +9.327049e+01 -2.329200e+04
     18 +1.700000e-02 +0.000000e+00 +9.324806e+01 -2.329200e+04
     19 +1.800000e-02 +0.000000e+00 +9.322448e+01 -2.329200e+04
     20 +1.900000e-02 +0.000000e+00 +9.319927e+01 -2.329200e+04
     21 +2.000000e-02 +0.000000e+00 +9.317253e+01 -2.329200e+04
     22 +2.100000e-02 +0.000000e+00 +9.314511e+01 -2.329200e+04
     23 +2.200000e-02 +0.000000e+00 +9.311841e+01 -2.329200e+04
     24 +2.300000e-02 +0.000000e+00 +9.309396e+01 -2.329200e+04
     25 +2.400000e-02 +0.000000e+00 +9.307315e+01 -2.329200e+04
     26 +2.500000e-02 +0.000000e+00 +9.305695e+01 -2.329200e+04
     27 +2.600000e-02 +0.000000e+00 +9.304566e+01 -2.329200e+04
     28 +2.700000e-02 +0.000000e+00 +9.303907e+01 -2.329200e+04
     29 +2.800000e-02 +0.000000e+00 +9.303706e+01 -2.329200e+04
     30 +2.800000e-02 +0.000000e+00 +9.303706e+01 +0.000000e+00
     31 +2.800000e-02 +9.870623e-04 +9.292012e+01 +0.000000e+00
     32 +2.800000e-02 +1.974125e-03 +9.279886e+01 +0.000000e+00
     33 +2.800000e-02 +2.961187e-03 +9.267304e+01 +0.000000e+00
     34 +2.800000e-02 +3.948249e-03 +9.253898e+01 +0.000000e+00
     35 +2.800000e-02 +4.935311e-03 +9.237926e+01 +0.000000e+00
     36 +2.800000e-02 +5.922374e-03 +9.217870e+01 +0.000000e+00
     37 +2.800000e-02 +6.909436e-03 +9.196997e+01 +0.000000e+00
     38 +2.800000e-02 +7.896498e-03 +9.177082e+01 +0.000000e+00
     39 +2.800000e-02 +8.883560e-03 +9.158352e+01 +0.000000e+00
     40 +2.800000e-02 +9.870623e-03 +9.140838e+01 +0.000000e+00
     41 +2.800000e-02 +1.085768e-02 +9.124545e+01 +0.000000e+00
     42 +2.800000e-02 +1.184475e-02 +9.109472e+01 +0.000000e+00
     43 +2.800000e-02 +1.283181e-02 +9.095614e+01 +0.000000e+00
     44 +2.800000e-02 +1.381887e-02 +9.082970e+01 +0.000000e+00
     45 +2.800000e-02 +1.480593e-02 +9.071535e+01 +0.000000e+00
     46 +2.800000e-02 +1.579300e-02 +9.061307e+01 +0.000000e+00
     47 +2.800000e-02 +1.678006e-02 +9.052282e+01 +0.000000e+00
     48 +2.800000e-02 +1.776712e-02 +9.044457e+01 +0.000000e+00
     49 +2.800000e-02 +1.875418e-02 +9.037831e+01 +0.000000e+00
     50 +2.800000e-02 +1.974125e-02 +9.032399e+01 +0.000000e+00
     51 +2.800000e-02 +2.072831e-02 +9.028160e+01 +0.000000e+00
     52 +2.800000e-02 +2.171537e-02 +9.025111e+01 +0.000000e+00
     53 +2.800000e-02 +2.270243e-02 +9.023297e+01 +0.000000e+00
     54 +2.800000e-02 +2.270243e-02 +9.023297e+01 +2.413978e+03
     55 +2.700000e-02 +2.270243e-02 +9.022663e+01 +2.413598e+03
     56 +2.700000e-02 +2.270243e-02 +9.022663e+01 +2.413598e+03
     57 +2.700000e-02 +2.171896e-02 +9.024484e+01 +2.414690e+03
     58 +2.700000e-02 +2.073550e-02 +9.027517e+01 +2.416510e+03
     59 +2.700000e-02 +1.975203e-02 +9.031729e+01 +2.419038e+03
     60 +2.700000e-02 +1.876856e-02 +9.037125e+01 +2.422275e+03
     61 +2.700000e-02 +1.778509e-02 +9.043707e+01 +2.426224e+03
     62 +2.700000e-02 +1.680162e-02 +9.051478e+01 +2.430887e+03
     63 +2.700000e-02 +1.581815e-02 +9.060441e+01 +2.436264e+03
     64 +2.700000e-02 +1.483468e-02 +9.070597e+01 +2.442358e+03
     65 +2.700000e-02 +1.385122e-02 +9.081951e+01 +2.449171e+03
     66 +2.700000e-02 +1.286775e-02 +9.094505e+01 +2.456703e+03
     67 +2.700000e-02 +1.188428e-02 +9.108263e+01 +2.464958e+03
     68 +2.700000e-02 +1.090081e-02 +9.123228e+01 +2.473937e+03
     69 +2.700000e-02 +9.917342e-03 +9.139403e+01 +2.483642e+03
     70 +2.700000e-02 +8.933874e-03 +9.156790e+01 +2.494074e+03
     71 +2.700000e-02 +7.950405e-03 +9.175390e+01 +2.505234e+03
     72 +2.700000e-02 +6.966937e-03 +9.195196e+01 +2.517118e+03
     73 +2.700000e-02 +5.983468e-03 +9.216252e+01 +2.529751e+03
     74 +2.700000e-02 +5.000000e-03 +9.240587e+01 +2.544352e+03
     75 +2.700000e-02 +5.000000e-03 +9.240587e+01 +2.544352e+03
     76 +2.600000e-02 +5.000000e-03 +9.248438e+01 +2.549063e+03
     77 +2.500000e-02 +5.000000e-03 +9.234225e+01 +2.540535e+03
     78 +2.500000e-02 +5.000000e-03 +9.234225e+01 +2.540535e+03
     79 +2.500000e-02 +5.977515e-03 +9.189475e+01 +2.513685e+03
     80 +2.500000e-02 +6.955030e-03 +9.147636e+01 +2.488582e+03
     81 +2.500000e-02 +7.932545e-03 +9.107946e+01 +2.464768e+03
     82 +2.500000e-02 +8.910060e-03 +9.070547e+01 +2.442328e+03
     83 +2.500000e-02 +9.887575e-03 +9.035450e+01 +2.421270e+03
     84 +2.500000e-02 +1.086509e-02 +9.002645e+01 +2.401587e+03
     85 +2.500000e-02 +1.184260e-02 +8.972114e+01 +2.383268e+03
     86 +2.500000e-02 +1.282012e-02 +8.943841e+01 +2.366305e+03
     87 +2.500000e-02 +1.379763e-02 +8.917810e+01 +2.350686e+03
     88 +2.500000e-02 +1.477515e-02 +8.894007e+01 +2.336404e+03
     89 +2.500000e-02 +1.575266e-02 +8.872418e+01 +2.323451e+03
     90 +2.500000e-02 +1.673018e-02 +8.853031e+01 +2.311819e+03
     91 +2.500000e-02 +1.770769e-02 +8.835833e+01 +2.301500e+03
     92 +2.500000e-02 +1.868521e-02 +8.820810e+01 +2.292486e+03
     93 +2.500000e-02 +1.966272e-02 +8.807944e+01 +2.284766e+03
     94 +2.500000e-02 +2.064024e-02 +8.797219e+01 +2.278332e+03
     95 +2.500000e-02 +2.161775e-02 +8.788629e+01 +2.273177e+03
     96 +2.500000e-02 +2.259527e-02 +8.782170e+01 +2.269302e+03
     97 +2.500000e-02 +2.357278e-02 +8.777829e+01 +2.266697e+03
     98 +2.500000e-02 +2.455030e-02 +8.775678e+01 +2.265407e+03
     99 +2.500000e-02 +2.455030e-02 +8.775678e+01 +2.265407e+03
    100 +2.400000e-02 +2.455030e-02 +8.775665e+01 +2.265399e+03
    101 +2.400000e-02 +2.455030e-02 +8.775665e+01 +2.265399e+03
    102 +2.400000e-02 +2.357278e-02 +8.777822e+01 +2.266693e+03
    103 +2.400000e-02 +2.259527e-02 +8.782165e+01 +2.269299e+03
    104 +2.400000e-02 +2.161775e-02 +8.788629e+01 +2.273177e+03
    105 +2.400000e-02 +2.064024e-02 +8.797221e+01 +2.278333e+03
    106 +2.400000e-02 +1.966272e-02 +8.807947e+01 +2.284768e+03
    107 +2.400000e-02 +1.868521e-02 +8.820808e+01 +2.292485e+03
    108 +2.400000e-02 +1.770769e-02 +8.835825e+01 +2.301495e+03
    109 +2.400000e-02 +1.673018e-02 +8.853020e+01 +2.311812e+03
    110 +2.400000e-02 +1.575266e-02 +8.872407e+01 +2.323444e+03
    111 +2.400000e-02 +1.477515e-02 +8.893996e+01 +2.336398e+03
    112 +2.400000e-02 +1.379763e-02 +8.917799e+01 +2.350679e+03
    113 +2.400000e-02 +1.282012e-02 +8.943829e+01 +2.366298e+03
    114 +2.400000e-02 +1.184260e-02 +8.972102e+01 +2.383261e+03
    115 +2.400000e-02 +1.086509e-02 +9.002633e+01 +2.401580e+03
    116 +2.400000e-02 +9.887575e-03 +9.035438e+01 +2.421263e+03
    117 +2.400000e-02 +8.910060e-03 +9.070535e+01 +2.442321e+03
    118 +2.400000e-02 +7.932545e-03 +9.107937e+01 +2.464762e+03
    119 +2.400000e-02 +6.955030e-03 +9.147633e+01 +2.488580e+03
    120 +2.400000e-02 +5.977515e-03 +9.189509e+01 +2.513705e+03
    121 +2.400000e-02 +5.000000e-03 +9.235289e+01 +2.541173e+03
    122 +2.400000e-02 +5.000000e-03 +9.235289e+01 +2.541173e+03
    123 +2.300000e-02 +5.000000e-03 +9.253426e+01 +2.552055e+03
    124 +2.200000e-02 +5.000000e-03 +9.248190e+01 +2.548914e+03
    125 +2.200000e-02 +5.000000e-03 +9.248190e+01 +2.548914e+03
    126 +2.200000e-02 +5.980027e-03 +9.216219e+01 +2.529731e+03
    127 +2.200000e-02 +6.960055e-03 +9.185929e+01 +2.511557e+03
    128 +2.200000e-02 +7.940082e-03 +9.157851e+01 +2.494711e+03
    129 +2.200000e-02 +8.920110e-03 +9.132136e+01 +2.479282e+03
    130 +2.200000e-02 +9.900137e-03 +9.108795e+01 +2.465277e+03
    131 +2.200000e-02 +1.088016e-02 +9.087820e+01 +2.452692e+03
    132 +2.200000e-02 +1.186019e-02 +9.069199e+01 +2.441520e+03
    133 +2.200000e-02 +1.284022e-02 +9.052918e+01 +2.431751e+03
    134 +2.200000e-02 +1.382025e-02 +9.038958e+01 +2.423375e+03
    135 +2.200000e-02 +1.480027e-02 +9.027303e+01 +2.416382e+03
    136 +2.200000e-02 +1.578030e-02 +9.017948e+01 +2.410769e+03
    137 +2.200000e-02 +1.676033e-02 +9.010892e+01 +2.406535e+03
    138 +2.200000e-02 +1.774036e-02 +9.006131e+01 +2.403678e+03
    139 +2.200000e-02 +1.872038e-02 +9.003742e+01 +2.402245e+03
    140 +2.200000e-02 +1.872038e-02 +9.003742e+01 +2.402245e+03
    141 +2.100000e-02 +1.872038e-02 +9.003757e+01 +2.402254e+03
    142 +2.100000e-02 +1.872038e-02 +9.003757e+01 +2.402254e+03
    143 +2.100000e-02 +1.774036e-02 +9.006136e+01 +2.403681e+03
    144 +2.100000e-02 +1.676033e-02 +9.010897e+01 +2.406538e+03
    145 +2.100000e-02 +1.578030e-02 +9.017954e+01 +2.410773e+03
    146 +2.100000e-02 +1.480027e-02 +9.027312e+01 +2.416387e+03
    147 +2.100000e-02 +1.382025e-02 +9.038969e+01 +2.423381e+03
    148 +2.100000e-02 +1.284022e-02 +9.052925e+01 +2.431755e+03
    149 +2.100000e-02 +1.186019e-02 +9.069200e+01 +2.441520e+03
    150 +2.100000e-02 +1.088016e-02 +9.087819e+01 +2.452691e+03
    151 +2.100000e-02 +9.900137e-03 +9.108793e+01 +2.465276e+03
    152 +2.100000e-02 +8.920110e-03 +9.132133e+01 +2.479280e+03
    153 +2.100000e-02 +7.940082e-03 +9.157844e+01 +2.494707e+03
    154 +2.100000e-02 +6.960055e-03 +9.185905e+01 +2.511543e+03
    155 +2.100000e-02 +5.980027e-03 +9.216223e+01 +2.529734e+03
    156 +2.100000e-02 +5.000000e-03 +9.250854e+01 +2.550512e+03
    157 +2.100000e-02 +5.000000e-03 +9.250854e+01 +2.550512e+03
    158 +2.000000e-02 +5.000000e-03 +9.266751e+01 +2.560051e+03
    159 +1.900000e-02 +5.000000e-03 +9.265475e+01 +2.559285e+03
    160 +1.900000e-02 +5.000000e-03 +9.265475e+01 +2.559285e+03
    161 +1.900000e-02 +5.991430e-03 +9.246352e+01 +2.547811e+03
    162 +1.900000e-02 +6.982861e-03 +9.229058e+01 +2.537435e+03
    163 +1.900000e-02 +7.974291e-03 +9.214088e+01 +2.528453e+03
    164 +1.900000e-02 +8.965721e-03 +9.201568e+01 +2.520941e+03
    165 +1.900000e-02 +9.957151e-03 +9.191517e+01 +2.514910e+03
    166 +1.900000e-02 +1.094858e-02 +9.183935e+01 +2.510361e+03
    167 +1.900000e-02 +1.194001e-02 +9.178815e+01 +2.507289e+03
    168 +1.900000e-02 +1.293144e-02 +9.176245e+01 +2.505747e+03
    169 +1.900000e-02 +1.293144e-02 +9.176245e+01 +2.505747e+03
    170 +1.800000e-02 +1.293144e-02 +9.176243e+01 +2.505746e+03
    171 +1.800000e-02 +1.293144e-02 +9.176243e+01 +2.505746e+03
    172 +1.800000e-02 +1.194001e-02 +9.178814e+01 +2.507288e+03
    173 +1.800000e-02 +1.094858e-02 +9.183933e+01 +2.510360e+03
    174 +1.800000e-02 +9.957151e-03 +9.191516e+01 +2.514909e+03
    175 +1.800000e-02 +8.965721e-03 +9.201567e+01 +2.520940e+03
    176 +1.800000e-02 +7.974291e-03 +9.214086e+01 +2.528452e+03
    177 +1.800000e-02 +6.982861e-03 +9.229057e+01 +2.537434e+03
    178 +1.800000e-02 +5.991430e-03 +9.246390e+01 +2.547834e+03
    179 +1.800000e-02 +5.000000e-03 +9.267010e+01 +2.560206e+03
    180 +1.800000e-02 +5.000000e-03 +9.267010e+01 +2.560206e+03
    181 +1.700000e-02 +5.000000e-03 +9.273939e+01 +2.564363e+03
    182 +1.600000e-02 +5.000000e-03 +9.262635e+01 +2.557581e+03
    183 +1.600000e-02 +5.000000e-03 +9.262635e+01 +2.557581e+03
    184 +1.600000e-02 +6.009837e-03 +9.223417e+01 +2.534050e+03
    185 +1.600000e-02 +7.019673e-03 +9.186985e+01 +2.512191e+03
    186 +1.600000e-02 +8.029510e-03 +9.152936e+01 +2.491761e+03
    187 +1.600000e-02 +9.039347e-03 +9.121391e+01 +2.472835e+03
    188 +1.600000e-02 +1.004918e-02 +9.092357e+01 +2.455414e+03
    189 +1.600000e-02 +1.105902e-02 +9.065823e+01 +2.439494e+03
    190 +1.600000e-02 +1.206886e-02 +9.041773e+01 +2.425064e+03
    191 +1.600000e-02 +1.307869e-02 +9.020186e+01 +2.412112e+03
    192 +1.600000e-02 +1.408853e-02 +9.001025e+01 +2.400615e+03
    193 +1.600000e-02 +1.509837e-02 +8.984260e+01 +2.390556e+03
    194 +1.600000e-02 +1.610820e-02 +8.969883e+01 +2.381930e+03
    195 +1.600000e-02 +1.711804e-02 +8.957897e+01 +2.374738e+03
    196 +1.600000e-02 +1.812788e-02 +8.948300e+01 +2.368980e+03
    197 +1.600000e-02 +1.913771e-02 +8.941088e+01 +2.364653e+03
    198 +1.600000e-02 +2.014755e-02 +8.936251e+01 +2.361750e+03
    199 +1.600000e-02 +2.115739e-02 +8.933860e+01 +2.360316e+03
    200 +1.600000e-02 +2.115739e-02 +8.933860e+01 +2.360316e+03
    201 +1.500000e-02 +2.115739e-02 +8.933861e+01 +2.360316e+03
    202 +1.500000e-02 +2.115739e-02 +8.933861e+01 +2.360316e+03
    203 +1.500000e-02 +2.014755e-02 +8.936251e+01 +2.361751e+03
    204 +1.500000e-02 +1.913771e-02 +8.941089e+01 +2.364654e+03
    205 +1.500000e-02 +1.812788e-02 +8.948302e+01 +2.368981e+03
    206 +1.500000e-02 +1.711804e-02 +8.957901e+01 +2.374741e+03
    207 +1.500000e-02 +1.610820e-02 +8.969889e+01 +2.381933e+03
    208 +1.500000e-02 +1.509837e-02 +8.984264e+01 +2.390559e+03
    209 +1.500000e-02 +1.408853e-02 +9.001025e+01 +2.400615e+03
    210 +1.500000e-02 +1.307869e-02 +9.020182e+01 +2.412109e+03
    211 +1.500000e-02 +1.206886e-02 +9.041771e+01 +2.425063e+03
    212 +1.500000e-02 +1.105902e-02 +9.065823e+01 +2.439494e+03
    213 +1.500000e-02 +1.004918e-02 +9.092358e+01 +2.455415e+03
    214 +1.500000e-02 +9.039347e-03 +9.121392e+01 +2.472835e+03
    215 +1.500000e-02 +8.029510e-03 +9.152936e+01 +2.491762e+03
    216 +1.500000e-02 +7.019673e-03 +9.186984e+01 +2.512190e+03
    217 +1.500000e-02 +6.009837e-03 +9.223443e+01 +2.534066e+03
    218 +1.500000e-02 +5.000000e-03 +9.264014e+01 +2.558408e+03
    219 +1.500000e-02 +5.000000e-03 +9.264014e+01 +2.558408e+03
    220 +1.400000e-02 +5.000000e-03 +9.280455e+01 +2.568273e+03
    221 +1.300000e-02 +5.000000e-03 +9.278269e+01 +2.566961e+03
    222 +1.300000e-02 +5.000000e-03 +9.278269e+01 +2.566961e+03
    223 +1.300000e-02 +5.976098e-03 +9.257284e+01 +2.554370e+03
    224 +1.300000e-02 +6.952197e-03 +9.238123e+01 +2.542874e+03
    225 +1.300000e-02 +7.928295e-03 +9.221235e+01 +2.532741e+03
    226 +1.300000e-02 +8.904394e-03 +9.206738e+01 +2.524043e+03
    227 +1.300000e-02 +9.880492e-03 +9.194643e+01 +2.516786e+03
    228 +1.300000e-02 +1.085659e-02 +9.184950e+01 +2.510970e+03
    229 +1.300000e-02 +1.183269e-02 +9.177651e+01 +2.506591e+03
    230 +1.300000e-02 +1.280879e-02 +9.172736e+01 +2.503642e+03
    231 +1.300000e-02 +1.378489e-02 +9.170269e+01 +2.502162e+03
    232 +1.300000e-02 +1.378489e-02 +9.170269e+01 +2.502162e+03
    233 +1.200000e-02 +1.378489e-02 +9.170306e+01 +2.502184e+03
    234 +1.200000e-02 +1.378489e-02 +9.170306e+01 +2.502184e+03
    235 +1.200000e-02 +1.280879e-02 +9.172745e+01 +2.503647e+03
    236 +1.200000e-02 +1.183269e-02 +9.177653e+01 +2.506592e+03
    237 +1.200000e-02 +1.085659e-02 +9.184950e+01 +2.510970e+03
    238 +1.200000e-02 +9.880492e-03 +9.194643e+01 +2.516786e+03
    239 +1.200000e-02 +8.904394e-03 +9.206737e+01 +2.524042e+03
    240 +1.200000e-02 +7.928295e-03 +9.221231e+01 +2.532739e+03
    241 +1.200000e-02 +6.952197e-03 +9.238107e+01 +2.542864e+03
    242 +1.200000e-02 +5.976098e-03 +9.257285e+01 +2.554371e+03
    243 +1.200000e-02 +5.000000e-03 +9.279966e+01 +2.567979e+03
    244 +1.200000e-02 +5.000000e-03 +9.279966e+01 +2.567979e+03
    245 +1.100000e-02 +5.000000e-03 +9.288980e+01 +2.573388e+03
    246 +1.000000e-02 +5.000000e-03 +9.283759e+01 +2.570255e+03
    247 +1.000000e-02 +5.000000e-03 +9.283759e+01 +2.570255e+03
    248 +1.000000e-02 +6.006175e-03 +9.263114e+01 +2.557868e+03
    249 +1.000000e-02 +7.012350e-03 +9.245296e+01 +2.547178e+03
    250 +1.000000e-02 +8.018524e-03 +9.229916e+01 +2.537950e+03
    251 +1.000000e-02 +9.024699e-03 +9.217067e+01 +2.530240e+03
    252 +1.000000e-02 +1.003087e-02 +9.206764e+01 +2.524058e+03
    253 +1.000000e-02 +1.103705e-02 +9.199007e+01 +2.519404e+03
    254 +1.000000e-02 +1.204322e-02 +9.193789e+01 +2.516273e+03
    255 +1.000000e-02 +1.304940e-02 +9.191199e+01 +2.514719e+03
    256 +1.000000e-02 +1.304940e-02 +9.191199e+01 +2.514719e+03
    257 +9.000000e-03 +1.304940e-02 +9.191188e+01 +2.514713e+03
    258 +9.000000e-03 +1.304940e-02 +9.191188e+01 +2.514713e+03
    259 +9.000000e-03 +1.204322e-02 +9.193789e+01 +2.516273e+03
    260 +9.000000e-03 +1.103705e-02 +9.199007e+01 +2.519404e+03
    261 +9.000000e-03 +1.003087e-02 +9.206765e+01 +2.524059e+03
    262 +9.000000e-03 +9.024699e-03 +9.217068e+01 +2.530241e+03
    263 +9.000000e-03 +8.018524e-03 +9.229919e+01 +2.537951e+03
    264 +9.000000e-03 +7.012350e-03 +9.245305e+01 +2.547183e+03
    265 +9.000000e-03 +6.006175e-03 +9.263135e+01 +2.557881e+03
    266 +9.000000e-03 +5.000000e-03 +9.283612e+01 +2.570167e+03
    267 +9.000000e-03 +5.000000e-03 +9.283612e+01 +2.570167e+03
    268 +8.000000e-03 +5.000000e-03 +9.287963e+01 +2.572778e+03
    269 +7.000000e-03 +5.000000e-03 +9.275307e+01 +2.565184e+03
    270 +7.000000e-03 +5.000000e-03 +9.275307e+01 +2.565184e+03
    271 +7.000000e-03 +5.965822e-03 +9.242216e+01 +2.545330e+03
    272 +7.000000e-03 +6.931644e-03 +9.212572e+01 +2.527543e+03
    273 +7.000000e-03 +7.897466e-03 +9.185114e+01 +2.511068e+03
    274 +7.000000e-03 +8.863288e-03 +9.159955e+01 +2.495973e+03
    275 +7.000000e-03 +9.829110e-03 +9.137117e+01 +2.482270e+03
    276 +7.000000e-03 +1.079493e-02 +9.116596e+01 +2.469958e+03
    277 +7.000000e-03 +1.176075e-02 +9.098383e+01 +2.459030e+03
    278 +7.000000e-03 +1.272658e-02 +9.082466e+01 +2.449480e+03
    279 +7.000000e-03 +1.369240e-02 +9.068825e+01 +2.441295e+03
    280 +7.000000e-03 +1.465822e-02 +9.057434e+01 +2.434460e+03
    281 +7.000000e-03 +1.562404e-02 +9.048285e+01 +2.428971e+03
    282 +7.000000e-03 +1.658986e-02 +9.041380e+01 +2.424828e+03
    283 +7.000000e-03 +1.755569e-02 +9.036716e+01 +2.422030e+03
    284 +7.000000e-03 +1.852151e-02 +9.034383e+01 +2.420630e+03
    285 +7.000000e-03 +1.852151e-02 +9.034383e+01 +2.420630e+03
    286 +6.000000e-03 +1.852151e-02 +9.034359e+01 +2.420616e+03
    287 +6.000000e-03 +1.852151e-02 +9.034359e+01 +2.420616e+03
    288 +6.000000e-03 +1.755569e-02 +9.036706e+01 +2.422024e+03
    289 +6.000000e-03 +1.658986e-02 +9.041371e+01 +2.424822e+03
    290 +6.000000e-03 +1.562404e-02 +9.048274e+01 +2.428964e+03
    291 +6.000000e-03 +1.465822e-02 +9.057420e+01 +2.434452e+03
    292 +6.000000e-03 +1.369240e-02 +9.068813e+01 +2.441288e+03
    293 +6.000000e-03 +1.272658e-02 +9.082461e+01 +2.449477e+03
    294 +6.000000e-03 +1.176075e-02 +9.098384e+01 +2.459030e+03
    295 +6.000000e-03 +1.079493e-02 +9.116598e+01 +2.469959e+03
    296 +6.000000e-03 +9.829110e-03 +9.137120e+01 +2.482272e+03
    297 +6.000000e-03 +8.863288e-03 +9.159958e+01 +2.495975e+03
    298 +6.000000e-03 +7.897466e-03 +9.185121e+01 +2.511072e+03
    299 +6.000000e-03 +6.931644e-03 +9.212594e+01 +2.527556e+03
    300 +6.000000e-03 +5.965822e-03 +9.242247e+01 +2.545348e+03
    301 +6.000000e-03 +5.000000e-03 +9.274370e+01 +2.564622e+03
    302 +6.000000e-03 +5.000000e-03 +9.274370e+01 +2.564622e+03
    303 +5.000000e-03 +5.000000e-03 +9.282837e+01 +2.569702e+03
    304 +4.000000e-03 +5.000000e-03 +9.268141e+01 +2.560884e+03
    305 +4.000000e-03 +5.000000e-03 +9.268141e+01 +2.560884e+03
    306 +4.000000e-03 +5.975457e-03 +9.223010e+01 +2.533806e+03
    307 +4.000000e-03 +6.950914e-03 +9.180843e+01 +2.508506e+03
    308 +4.000000e-03 +7.926372e-03 +9.140861e+01 +2.484517e+03
    309 +4.000000e-03 +8.901829e-03 +9.103191e+01 +2.461914e+03
    310 +4.000000e-03 +9.877286e-03 +9.067835e+01 +2.440701e+03
    311 +4.000000e-03 +1.085274e-02 +9.034779e+01 +2.420867e+03
    312 +4.000000e-03 +1.182820e-02 +9.004002e+01 +2.402401e+03
    313 +4.000000e-03 +1.280366e-02 +8.975486e+01 +2.385292e+03
    314 +4.000000e-03 +1.377912e-02 +8.949218e+01 +2.369531e+03
    315 +4.000000e-03 +1.475457e-02 +8.925187e+01 +2.355112e+03
    316 +4.000000e-03 +1.573003e-02 +8.903383e+01 +2.342030e+03
    317 +4.000000e-03 +1.670549e-02 +8.883798e+01 +2.330279e+03
    318 +4.000000e-03 +1.768094e-02 +8.866421e+01 +2.319853e+03
    319 +4.000000e-03 +1.865640e-02 +8.851240e+01 +2.310744e+03
    320 +4.000000e-03 +1.963186e-02 +8.838229e+01 +2.302938e+03
    321 +4.000000e-03 +2.060732e-02 +8.827374e+01 +2.296424e+03
    322 +4.000000e-03 +2.158277e-02 +8.818670e+01 +2.291202e+03
    323 +4.000000e-03 +2.255823e-02 +8.812117e+01 +2.287270e+03
    324 +4.000000e-03 +2.353369e-02 +8.807708e+01 +2.284625e+03
    325 +4.000000e-03 +2.450914e-02 +8.805517e+01 +2.283310e+03
    326 +4.000000e-03 +2.450914e-02 +8.805517e+01 +2.283310e+03
    327 +3.000000e-03 +2.450914e-02 +8.805513e+01 +2.283308e+03
    328 +3.000000e-03 +2.450914e-02 +8.805513e+01 +2.283308e+03
    329 +3.000000e-03 +2.353369e-02 +8.807706e+01 +2.284624e+03
    330 +3.000000e-03 +2.255823e-02 +8.812114e+01 +2.287268e+03
    331 +3.000000e-03 +2.158277e-02 +8.818665e+01 +2.291199e+03
    332 +3.000000e-03 +2.060732e-02 +8.827366e+01 +2.296419e+03
    333 +3.000000e-03 +1.963186e-02 +8.838220e+01 +2.302932e+03
    334 +3.000000e-03 +1.865640e-02 +8.851234e+01 +2.310741e+03
    335 +3.000000e-03 +1.768094e-02 +8.866422e+01 +2.319853e+03
    336 +3.000000e-03 +1.670549e-02 +8.883802e+01 +2.330281e+03
    337 +3.000000e-03 +1.573003e-02 +8.903389e+01 +2.342033e+03
    338 +3.000000e-03 +1.475457e-02 +8.925194e+01 +2.355116e+03
    339 +3.000000e-03 +1.377912e-02 +8.949227e+01 +2.369536e+03
    340 +3.000000e-03 +1.280366e-02 +8.975499e+01 +2.385299e+03
    341 +3.000000e-03 +1.182820e-02 +9.004017e+01 +2.402410e+03
    342 +3.000000e-03 +1.085274e-02 +9.034792e+01 +2.420875e+03
    343 +3.000000e-03 +9.877286e-03 +9.067846e+01 +2.440708e+03
    344 +3.000000e-03 +8.901829e-03 +9.103200e+01 +2.461920e+03
    345 +3.000000e-03 +7.926372e-03 +9.140866e+01 +2.484520e+03
    346 +3.000000e-03 +6.950914e-03 +9.180832e+01 +2.508499e+03
    347 +3.000000e-03 +5.975457e-03 +9.222991e+01 +2.533794e+03
    348 +3.000000e-03 +5.000000e-03 +9.269272e+01 +2.561563e+03
    349 +3.000000e-03 +5.000000e-03 +9.269272e+01 +2.561563e+03
    350 +2.000000e-03 +5.000000e-03 +9.288800e+01 +2.573280e+03
    351 +1.000000e-03 +5.000000e-03 +9.290732e+01 +2.574439e+03
    352 +1.000000e-03 +5.000000e-03 +9.290732e+01 +2.574439e+03
    353 +1.000000e-03 +6.013269e-03 +9.281858e+01 +2.569115e+03
    354 +1.000000e-03 +7.026538e-03 +9.274475e+01 +2.564685e+03
    355 +1.000000e-03 +8.039807e-03 +9.268417e+01 +2.561050e+03
    356 +1.000000e-03 +9.053076e-03 +9.263684e+01 +2.558210e+03
    357 +1.000000e-03 +1.006635e-02 +9.260276e+01 +2.556166e+03
    358 +1.000000e-03 +1.107961e-02 +9.258230e+01 +2.554938e+03
    359 +1.000000e-03 +1.107961e-02 +9.258230e+01 +2.554938e+03
    360 +0.000000e+00 +1.107961e-02 +9.258900e+01 +2.555340e+03
    361 +0.000000e+00 +1.107961e-02 +9.258900e+01 +0.000000e+00
    362 +0.000000e+00 +1.007238e-02 +9.260913e+01 +0.000000e+00
    363 +0.000000e+00 +9.065139e-03 +9.264287e+01 +0.000000e+00
    364 +0.000000e+00 +8.057901e-03 +9.268968e+01 +0.000000e+00
    365 +0.000000e+00 +7.050664e-03 +9.274935e+01 +0.000000e+00
    366 +0.000000e+00 +6.043426e-03 +9.282087e+01 +0.000000e+00
    367 +0.000000e+00 +5.036188e-03 +9.289958e+01 +0.000000e+00
    368 +0.000000e+00 +4.028951e-03 +9.298051e+01 +0.000000e+00
    369 +0.000000e+00 +3.021713e-03 +9.307177e+01 +0.000000e+00
    370 +0.000000e+00 +2.014475e-03 +9.317451e+01 +0.000000e+00
    371 +0.000000e+00 +1.007238e-03 +9.328483e+01 +0.000000e+00
    372 +0.000000e+00 +0.000000e+00 +9.340008e+01 +0.000000e+00

%_intp_ ______x1_____ ______x2_____ ______T______ _____qx1_____ _____qx2_____
      1 +1.400000e-02 +5.000000e-04 +9.325515e+01 +4.092431e+03 +2.313585e+04
      2 +1.400000e-02 +6.379310e-04 +9.323921e+01 +4.111194e+03 +2.309174e+04
      3 +1.400000e-02 +7.758621e-04 +9.322330e+01 +4.134335e+03 +2.304897e+04
      4 +1.400000e-02 +9.137931e-04 +9.320742e+01 +4.162218e+03 +2.300718e+04
      5 +1.400000e-02 +1.051724e-03 +9.319157e+01 +4.195214e+03 +2.296625e+04
      6 +1.400000e-02 +1.189655e-03 +9.317574e+01 +4.233735e+03 +2.292616e+04
      7 +1.400000e-02 +1.327586e-03 +9.315994e+01 +4.278246e+03 +2.288685e+04
      8 +1.400000e-02 +1.465517e-03 +9.314417e+01 +4.329287e+03 +2.284827e+04
      9 +1.400000e-02 +1.603448e-03 +9.312843e+01 +4.387487e+03 +2.281026e+04
     10 +1.400000e-02 +1.741379e-03 +9.311271e+01 +4.453580e+03 +2.277257e+04
     11 +1.400000e-02 +1.879310e-03 +9.309702e+01 +4.528420e+03 +2.273480e+04
     12 +1.400000e-02 +2.017241e-03 +9.308135e+01 +4.613004e+03 +2.269637e+04
     13 +1.400000e-02 +2.155172e-03 +9.306571e+01 +4.708489e+03 +2.265641e+04
     14 +1.400000e-02 +2.293103e-03 +9.305010e+01 +4.816223e+03 +2.261372e+04
     15 +1.400000e-02 +2.431034e-03 +9.303452e+01 +4.937769e+03 +2.256662e+04
     16 +1.400000e-02 +2.568966e-03 +9.301898e+01 +5.074940e+03 +2.251280e+04
     17 +1.400000e-02 +2.706897e-03 +9.300347e+01 +5.229834e+03 +2.244911e+04
     18 +1.400000e-02 +2.844828e-03 +9.298802e+01 +5.404871e+03 +2.237130e+04
     19 +1.400000e-02 +2.982759e-03 +9.297262e+01 +5.602829e+03 +2.227362e+04
     20 +1.400000e-02 +3.120690e-03 +9.295730e+01 +5.826881e+03 +2.214841e+04
     21 +1.400000e-02 +3.258621e-03 +9.294208e+01 +6.080605e+03 +2.198538e+04
     22 +1.400000e-02 +3.396552e-03 +9.292699e+01 +6.367983e+03 +2.177090e+04
     23 +1.400000e-02 +3.534483e-03 +9.291207e+01 +6.693339e+03 +2.148684e+04
     24 +1.400000e-02 +3.672414e-03 +9.289737e+01 +7.061199e+03 +2.110928e+04
     25 +1.400000e-02 +3.810345e-03 +9.288298e+01 +7.476009e+03 +2.060677e+04
     26 +1.400000e-02 +3.948276e-03 +9.286899e+01 +7.941640e+03 +1.993805e+04
     27 +1.400000e-02 +4.086207e-03 +9.285553e+01 +8.460579e+03 +1.904930e+04
     28 +1.400000e-02 +4.224138e-03 +9.284278e+01 +9.032697e+03 +1.787005e+04
     29 +1.400000e-02 +4.362069e-03 +9.283097e+01 +9.653567e+03 +1.630659e+04
     30 +1.400000e-02 +4.500000e-03 +9.282041e+01 +1.031249e+04 +1.422713e+04

