%_node_ ______x1_____ ______x2_____ ______T______ ______q______
      1 +0.000000e+00 +0.000000e+00 +1.035540e+02 -2.329200e+04
      2 +1.000000e-03 +0.000000e+00 +1.035597e+02 -2.329200e+04
      3 +2.000000e-03 +0.000000e+00 +1.035783e+02 -2.329200e+04
      4 +3.000000e-03 +0.000000e+00 +1.036095e+02 -2.329200e+04
      5 +4.000000e-03 +0.000000e+00 +1.036536e+02 -2.329200e+04
      6 +5.000000e-03 +0.000000e+00 +1.037106e+02 -2.329200e+04
      7 +6.000000e-03 +0.000000e+00 +1.037795e+02 -2.329200e+04
      8 +7.000000e-03 +0.000000e+00 +1.038574e+02 -2.329200e+04
      9 +8.000000e-03 +0.000000e+00 +1.039395e+02 -2.329200e+04
     10 +9.000000e-03 +0.000000e+00 +1.040198e+02 -2.329200e+04
     11 +1.000000e-02 +0.000000e+00 +1.040944e+02 -2.329200e+04
     12 +1.100000e-02 +0.000000e+00 +1.041629e+02 -2.329200e+04
     13 +1.200000e-02 +0.000000e+00 +1.042292e+02 -2.329200e+04
     14 +1.300000e-02 +0.000000e+00 +1.042983e+02 -2.329200e+04
     15 +1.400000e-02 +0.000000e+00 +1.043740e+02 -2.329200e+04
     16 +1.500000e-02 +0.000000e+00 +1.044570e+02 -2.329200e+04
     17 +1.600000e-02 +0.000000e+00 +1.045460e+02 -2.329200e+04
     18 +1.700000e-02 +0.000000e+00 +1.046379e+02 -2.329200e+04
     19 +1.800000e-02 +0.000000e+00 +1.047280e+02 -2.329200e+04
     20 +1.900000e-02 +0.000000e+00 +1.048122e+02 -2.329200e+04
     21 +2.000000e-02 +0.000000e+00 +1.048865e+02 -2.329200e+04
     22 +2.100000e-02 +0.000000e+00 +1.049484e+02 -2.329200e+04
     23 +2.200000e-02 +0.000000e+00 +1.049962e+02 -2.329200e+04
     24 +2.300000e-02 +0.000000e+00 +1.050295e+02 -2.329200e+04
     25 +2.400000e-02 +0.000000e+00 +1.050492e+02 -2.329200e+04
     26 +2.500000e-02 +0.000000e+00 +1.050573e+02 -2.329200e+04
     27 +2.600000e-02 +0.000000e+00 +1.050577e+02 -2.329200e+04
     28 +2.700000e-02 +0.000000e+00 +1.050551e+02 -2.329200e+04
     29 +2.800000e-02 +0.000000e+00 +1.050542e+02 -2.329200e+04
     30 +2.800000e-02 +0.000000e+00 +1.050542e+02 +0.000000e+00
     31 +2.800000e-02 +9.853870e-04 +1.045930e+02 +0.000000e+00
     32 +2.800000e-02 +1.970774e-03 +1.041256e+02 +0.000000e+00
     33 +2.800000e-02 +2.956161e-03 +1.036416e+02 +0.000000e+00
     34 +2.800000e-02 +3.941548e-03 +1.031079e+02 +0.000000e+00
     35 +2.800000e-02 +4.926935e-03 +1.024289e+02 +0.000000e+00
     36 +2.800000e-02 +5.912322e-03 +1.015446e+02 +0.000000e+00
     37 +2.800000e-02 +6.897709e-03 +1.006248e+02 +0.000000e+00
     38 +2.800000e-02 +7.883096e-03 +9.975354e+01 +0.000000e+00
     39 +2.800000e-02 +8.868483e-03 +9.893922e+01 +0.000000e+00
     40 +2.800000e-02 +9.853870e-03 +9.818215e+01 +0.000000e+00
     41 +2.800000e-02 +1.083926e-02 +9.748176e+01 +0.000000e+00
     42 +2.800000e-02 +1.182464e-02 +9.683729e+01 +0.000000e+00
     43 +2.800000e-02 +1.281003e-02 +9.624773e+01 +0.000000e+00
     44 +2.800000e-02 +1.379542e-02 +9.571184e+01 +0.000000e+00
     45 +2.800000e-02 +1.478080e-02 +9.522851e+01 +0.000000e+00
     46 +2.800000e-02 +1.576619e-02 +9.479705e+01 +0.000000e+00
     47 +2.800000e-02 +1.675158e-02 +9.441704e+01 +0.000000e+00
     48 +2.800000e-02 +1.773697e-02 +9.408815e+01 +0.000000e+00
     49 +2.800000e-02 +1.872235e-02 +9.381007e+01 +0.000000e+00
     50 +2.800000e-02 +1.970774e-02 +9.358250e+01 +0.000000e+00
     51 +2.800000e-02 +2.069313e-02 +9.340513e+01 +0.000000e+00
     52 +2.800000e-02 +2.167851e-02 +9.327763e+01 +0.000000e+00
     53 +2.800000e-02 +2.266390e-02 +9.320151e+01 +0.000000e+00
     54 +2.800000e-02 +2.266390e-02 +9.320151e+01 +2.592090e+03
     55 +2.700000e-02 +2.266390e-02 +9.317565e+01 +2.590539e+03
     56 +2.700000e-02 +2.266390e-02 +9.317565e+01 +2.590539e+03
     57 +2.700000e-02 +2.168257e-02 +9.325129e+01 +2.595077e+03
     58 +2.700000e-02 +2.070124e-02 +9.337789e+01 +2.602674e+03
     59 +2.700000e-02 +1.971992e-02 +9.355392e+01 +2.613235e+03
     60 +2.700000e-02 +1.873859e-02 +9.377972e+01 +2.626783e+03
     61 +2.700000e-02 +1.775726e-02 +9.405558e+01 +2.643335e+03
     62 +2.700000e-02 +1.677593e-02 +9.438180e+01 +2.662908e+03
     63 +2.700000e-02 +1.579461e-02 +9.475871e+01 +2.685523e+03
     64 +2.700000e-02 +1.481328e-02 +9.518662e+01 +2.711197e+03
     65 +2.700000e-02 +1.383195e-02 +9.566581e+01 +2.739949e+03
     66 +2.700000e-02 +1.285062e-02 +9.619678e+01 +2.771807e+03
     67 +2.700000e-02 +1.186929e-02 +9.678081e+01 +2.806849e+03
     68 +2.700000e-02 +1.088797e-02 +9.741944e+01 +2.845167e+03
     69 +2.700000e-02 +9.906639e-03 +9.811356e+01 +2.886814e+03
     70 +2.700000e-02 +8.925311e-03 +9.886384e+01 +2.931831e+03
     71 +2.700000e-02 +7.943983e-03 +9.967092e+01 +2.980255e+03
     72 +2.700000e-02 +6.962656e-03 +1.005352e+02 +3.032114e+03
     73 +2.700000e-02 +5.981328e-03 +1.014601e+02 +3.087609e+03
     74 +2.700000e-02 +5.000000e-03 +1.025540e+02 +3.153240e+03
     75 +2.700000e-02 +5.000000e-03 +1.025540e+02 +3.153240e+03
     76 +2.600000e-02 +5.000000e-03 +1.030104e+02 +3.180626e+03
     77 +2.500000e-02 +5.000000e-03 +1.027971e+02 +3.167827e+03
     78 +2.500000e-02 +5.000000e-03 +1.027971e+02 +3.167827e+03
     79 +2.500000e-02 +5.971843e-03 +1.018961e+02 +3.113765e+03
     80 +2.500000e-02 +6.943686e-03 +1.011173e+02 +3.067040e+03
     81 +2.500000e-02 +7.915529e-03 +1.004482e+02 +3.026889e+03
     82 +2.500000e-02 +8.887372e-03 +9.989107e+01 +2.993464e+03
     83 +2.500000e-02 +9.859215e-03 +9.944567e+01 +2.966740e+03
     84 +2.500000e-02 +1.083106e-02 +9.911113e+01 +2.946668e+03
     85 +2.500000e-02 +1.180290e-02 +9.888650e+01 +2.933190e+03
     86 +2.500000e-02 +1.277474e-02 +9.877495e+01 +2.926497e+03
     87 +2.500000e-02 +1.277474e-02 +9.877495e+01 +2.926497e+03
     88 +2.400000e-02 +1.277474e-02 +9.877526e+01 +2.926515e+03
     89 +2.400000e-02 +1.277474e-02 +9.877526e+01 +2.926515e+03
     90 +2.400000e-02 +1.180290e-02 +9.888620e+01 +2.933172e+03
     91 +2.400000e-02 +1.083106e-02 +9.911065e+01 +2.946639e+03
     92 +2.400000e-02 +9.859215e-03 +9.944515e+01 +2.966709e+03
     93 +2.400000e-02 +8.887372e-03 +9.989053e+01 +2.993432e+03
     94 +2.400000e-02 +7.915529e-03 +1.004476e+02 +3.026858e+03
     95 +2.400000e-02 +6.943686e-03 +1.011168e+02 +3.067010e+03
     96 +2.400000e-02 +5.971843e-03 +1.018958e+02 +3.113746e+03
     97 +2.400000e-02 +5.000000e-03 +1.028117e+02 +3.168700e+03
     98 +2.400000e-02 +5.000000e-03 +1.028117e+02 +3.168700e+03
     99 +2.300000e-02 +5.000000e-03 +1.030912e+02 +3.185473e+03
    100 +2.200000e-02 +5.000000e-03 +1.027747e+02 +3.166481e+03
    101 +2.200000e-02 +5.000000e-03 +1.027747e+02 +3.166481e+03
    102 +2.200000e-02 +5.952931e-03 +1.018709e+02 +3.112252e+03
    103 +2.200000e-02 +6.905862e-03 +1.011102e+02 +3.066611e+03
    104 +2.200000e-02 +7.858793e-03 +1.004565e+02 +3.027388e+03
    105 +2.200000e-02 +8.811724e-03 +9.991193e+01 +2.994716e+03
    106 +2.200000e-02 +9.764655e-03 +9.947634e+01 +2.968580e+03
    107 +2.200000e-02 +1.071759e-02 +9.914895e+01 +2.948937e+03
    108 +2.200000e-02 +1.167052e-02 +9.892896e+01 +2.935737e+03
    109 +2.200000e-02 +1.262345e-02 +9.882005e+01 +2.929203e+03
    110 +2.200000e-02 +1.262345e-02 +9.882005e+01 +2.929203e+03
    111 +2.100000e-02 +1.262345e-02 +9.881907e+01 +2.929144e+03
    112 +2.100000e-02 +1.262345e-02 +9.881907e+01 +2.929144e+03
    113 +2.100000e-02 +1.167052e-02 +9.892865e+01 +2.935719e+03
    114 +2.100000e-02 +1.071759e-02 +9.914873e+01 +2.948924e+03
    115 +2.100000e-02 +9.764655e-03 +9.947614e+01 +2.968568e+03
    116 +2.100000e-02 +8.811724e-03 +9.991173e+01 +2.994704e+03
    117 +2.100000e-02 +7.858793e-03 +1.004563e+02 +3.027377e+03
    118 +2.100000e-02 +6.905862e-03 +1.011101e+02 +3.066604e+03
    119 +2.100000e-02 +5.952931e-03 +1.018699e+02 +3.112197e+03
    120 +2.100000e-02 +5.000000e-03 +1.027416e+02 +3.164499e+03
    121 +2.100000e-02 +5.000000e-03 +1.027416e+02 +3.164499e+03
    122 +2.000000e-02 +5.000000e-03 +1.029328e+02 +3.175966e+03
    123 +1.900000e-02 +5.000000e-03 +1.025132e+02 +3.150792e+03
    124 +1.900000e-02 +5.000000e-03 +1.025132e+02 +3.150792e+03
    125 +1.900000e-02 +6.057953e-03 +1.014241e+02 +3.085443e+03
    126 +1.900000e-02 +7.115907e-03 +1.005200e+02 +3.031198e+03
    127 +1.900000e-02 +8.173860e-03 +9.974522e+01 +2.984713e+03
    128 +1.900000e-02 +9.231813e-03 +9.910174e+01 +2.946104e+03
    129 +1.900000e-02 +1.028977e-02 +9.858883e+01 +2.915330e+03
    130 +1.900000e-02 +1.134772e-02 +9.820530e+01 +2.892318e+03
    131 +1.900000e-02 +1.240567e-02 +9.794994e+01 +2.876997e+03
    132 +1.900000e-02 +1.346363e-02 +9.782558e+01 +2.869535e+03
    133 +1.900000e-02 +1.346363e-02 +9.782558e+01 +2.869535e+03
    134 +1.800000e-02 +1.346363e-02 +9.782375e+01 +2.869425e+03
    135 +1.800000e-02 +1.346363e-02 +9.782375e+01 +2.869425e+03
    136 +1.800000e-02 +1.240567e-02 +9.794954e+01 +2.876972e+03
    137 +1.800000e-02 +1.134772e-02 +9.820525e+01 +2.892315e+03
    138 +1.800000e-02 +1.028977e-02 +9.858886e+01 +2.915332e+03
    139 +1.800000e-02 +9.231813e-03 +9.910178e+01 +2.946107e+03
    140 +1.800000e-02 +8.173860e-03 +9.974532e+01 +2.984719e+03
    141 +1.800000e-02 +7.115907e-03 +1.005204e+02 +3.031227e+03
    142 +1.800000e-02 +6.057953e-03 +1.014243e+02 +3.085459e+03
    143 +1.800000e-02 +5.000000e-03 +1.024394e+02 +3.146361e+03
    144 +1.800000e-02 +5.000000e-03 +1.024394e+02 +3.146361e+03
    145 +1.700000e-02 +5.000000e-03 +1.025682e+02 +3.154090e+03
    146 +1.600000e-02 +5.000000e-03 +1.019689e+02 +3.118132e+03
    147 +1.600000e-02 +5.000000e-03 +1.019689e+02 +3.118132e+03
    148 +1.600000e-02 +5.965208e-03 +1.005823e+02 +3.034939e+03
    149 +1.600000e-02 +6.930417e-03 +9.937301e+01 +2.962381e+03
    150 +1.600000e-02 +7.895625e-03 +9.826827e+01 +2.896096e+03
    151 +1.600000e-02 +8.860834e-03 +9.727025e+01 +2.836215e+03
    152 +1.600000e-02 +9.826042e-03 +9.637813e+01 +2.782688e+03
    153 +1.600000e-02 +1.079125e-02 +9.559023e+01 +2.735414e+03
    154 +1.600000e-02 +1.175646e-02 +9.490488e+01 +2.694293e+03
    155 +1.600000e-02 +1.272167e-02 +9.432053e+01 +2.659232e+03
    156 +1.600000e-02 +1.368688e-02 +9.383555e+01 +2.630133e+03
    157 +1.600000e-02 +1.465208e-02 +9.344787e+01 +2.606872e+03
    158 +1.600000e-02 +1.561729e-02 +9.315605e+01 +2.589363e+03
    159 +1.600000e-02 +1.658250e-02 +9.295943e+01 +2.577566e+03
    160 +1.600000e-02 +1.754771e-02 +9.286168e+01 +2.571701e+03
    161 +1.600000e-02 +1.754771e-02 +9.286168e+01 +2.571701e+03
    162 +1.500000e-02 +1.754771e-02 +9.286013e+01 +2.571608e+03
    163 +1.500000e-02 +1.754771e-02 +9.286013e+01 +2.571608e+03
    164 +1.500000e-02 +1.658250e-02 +9.295871e+01 +2.577523e+03
    165 +1.500000e-02 +1.561729e-02 +9.315533e+01 +2.589320e+03
    166 +1.500000e-02 +1.465208e-02 +9.344716e+01 +2.606830e+03
    167 +1.500000e-02 +1.368688e-02 +9.383511e+01 +2.630106e+03
    168 +1.500000e-02 +1.272167e-02 +9.432050e+01 +2.659230e+03
    169 +1.500000e-02 +1.175646e-02 +9.490504e+01 +2.694303e+03
    170 +1.500000e-02 +1.079125e-02 +9.559044e+01 +2.735426e+03
    171 +1.500000e-02 +9.826042e-03 +9.637833e+01 +2.782700e+03
    172 +1.500000e-02 +8.860834e-03 +9.727046e+01 +2.836228e+03
    173 +1.500000e-02 +7.895625e-03 +9.826856e+01 +2.896113e+03
    174 +1.500000e-02 +6.930417e-03 +9.937367e+01 +2.962420e+03
    175 +1.500000e-02 +5.965208e-03 +1.005817e+02 +3.034902e+03
    176 +1.500000e-02 +5.000000e-03 +1.018914e+02 +3.113481e+03
    177 +1.500000e-02 +5.000000e-03 +1.018914e+02 +3.113481e+03
    178 +1.400000e-02 +5.000000e-03 +1.021854e+02 +3.131125e+03
    179 +1.300000e-02 +5.000000e-03 +1.016128e+02 +3.096766e+03
    180 +1.300000e-02 +5.000000e-03 +1.016128e+02 +3.096766e+03
    181 +1.300000e-02 +6.011710e-03 +9.999832e+01 +2.999899e+03
    182 +1.300000e-02 +7.023421e-03 +9.854753e+01 +2.912852e+03
    183 +1.300000e-02 +8.035131e-03 +9.720961e+01 +2.832577e+03
    184 +1.300000e-02 +9.046841e-03 +9.598632e+01 +2.759179e+03
    185 +1.300000e-02 +1.005855e-02 +9.487550e+01 +2.692530e+03
    186 +1.300000e-02 +1.107026e-02 +9.387417e+01 +2.632450e+03
    187 +1.300000e-02 +1.208197e-02 +9.297957e+01 +2.578774e+03
    188 +1.300000e-02 +1.309368e-02 +9.218960e+01 +2.531376e+03
    189 +1.300000e-02 +1.410539e-02 +9.150261e+01 +2.490156e+03
    190 +1.300000e-02 +1.511710e-02 +9.091712e+01 +2.455027e+03
    191 +1.300000e-02 +1.612881e-02 +9.043182e+01 +2.425909e+03
    192 +1.300000e-02 +1.714052e-02 +9.004550e+01 +2.402730e+03
    193 +1.300000e-02 +1.815223e-02 +8.975666e+01 +2.385399e+03
    194 +1.300000e-02 +1.916394e-02 +8.956349e+01 +2.373810e+03
    195 +1.300000e-02 +2.017565e-02 +8.946850e+01 +2.368110e+03
    196 +1.300000e-02 +2.017565e-02 +8.946850e+01 +2.368110e+03
    197 +1.200000e-02 +2.017565e-02 +8.946783e+01 +2.368070e+03
    198 +1.200000e-02 +2.017565e-02 +8.946783e+01 +2.368070e+03
    199 +1.200000e-02 +1.916394e-02 +8.956303e+01 +2.373782e+03
    200 +1.200000e-02 +1.815223e-02 +8.975620e+01 +2.385372e+03
    201 +1.200000e-02 +1.714052e-02 +9.004530e+01 +2.402718e+03
    202 +1.200000e-02 +1.612881e-02 +9.043181e+01 +2.425909e+03
    203 +1.200000e-02 +1.511710e-02 +9.091718e+01 +2.455031e+03
    204 +1.200000e-02 +1.410539e-02 +9.150273e+01 +2.490164e+03
    205 +1.200000e-02 +1.309368e-02 +9.218984e+01 +2.531390e+03
    206 +1.200000e-02 +1.208197e-02 +9.297998e+01 +2.578799e+03
    207 +1.200000e-02 +1.107026e-02 +9.387466e+01 +2.632480e+03
    208 +1.200000e-02 +1.005855e-02 +9.487574e+01 +2.692544e+03
    209 +1.200000e-02 +9.046841e-03 +9.598623e+01 +2.759174e+03
    210 +1.200000e-02 +8.035131e-03 +9.720934e+01 +2.832560e+03
    211 +1.200000e-02 +7.023421e-03 +9.854691e+01 +2.912815e+03
    212 +1.200000e-02 +6.011710e-03 +9.999641e+01 +2.999785e+03
    213 +1.200000e-02 +5.000000e-03 +1.015947e+02 +3.095685e+03
    214 +1.200000e-02 +5.000000e-03 +1.015947e+02 +3.095685e+03
    215 +1.100000e-02 +5.000000e-03 +1.021194e+02 +3.127162e+03
    216 +1.000000e-02 +5.000000e-03 +1.019567e+02 +3.117402e+03
    217 +1.000000e-02 +5.000000e-03 +1.019567e+02 +3.117402e+03
    218 +1.000000e-02 +6.025149e-03 +1.013042e+02 +3.078249e+03
    219 +1.000000e-02 +7.050298e-03 +1.007979e+02 +3.047876e+03
    220 +1.000000e-02 +8.075448e-03 +1.004141e+02 +3.024846e+03
    221 +1.000000e-02 +9.100597e-03 +1.001555e+02 +3.009332e+03
    222 +1.000000e-02 +1.012575e-02 +1.000266e+02 +3.001599e+03
    223 +1.000000e-02 +1.012575e-02 +1.000266e+02 +3.001599e+03
    224 +9.000000e-03 +1.012575e-02 +1.000267e+02 +3.001602e+03
    225 +9.000000e-03 +1.012575e-02 +1.000267e+02 +3.001602e+03
    226 +9.000000e-03 +9.100597e-03 +1.001556e+02 +3.009333e+03
    227 +9.000000e-03 +8.075448e-03 +1.004141e+02 +3.024848e+03
    228 +9.000000e-03 +7.050298e-03 +1.007980e+02 +3.047883e+03
    229 +9.000000e-03 +6.025149e-03 +1.013035e+02 +3.078208e+03
    230 +9.000000e-03 +5.000000e-03 +1.019095e+02 +3.114568e+03
    231 +9.000000e-03 +5.000000e-03 +1.019095e+02 +3.114568e+03
    232 +8.000000e-03 +5.000000e-03 +1.018954e+02 +3.113722e+03
    233 +7.000000e-03 +5.000000e-03 +1.011963e+02 +3.071777e+03
    234 +7.000000e-03 +5.000000e-03 +1.011963e+02 +3.071777e+03
    235 +7.000000e-03 +6.005744e-03 +9.957571e+01 +2.974542e+03
    236 +7.000000e-03 +7.011489e-03 +9.814838e+01 +2.888903e+03
    237 +7.000000e-03 +8.017233e-03 +9.683171e+01 +2.809903e+03
    238 +7.000000e-03 +9.022978e-03 +9.562732e+01 +2.737639e+03
    239 +7.000000e-03 +1.002872e-02 +9.453355e+01 +2.672013e+03
    240 +7.000000e-03 +1.103447e-02 +9.354729e+01 +2.612838e+03
    241 +7.000000e-03 +1.204021e-02 +9.266558e+01 +2.559935e+03
    242 +7.000000e-03 +1.304596e-02 +9.188658e+01 +2.513195e+03
    243 +7.000000e-03 +1.405170e-02 +9.120883e+01 +2.472530e+03
    244 +7.000000e-03 +1.505744e-02 +9.063090e+01 +2.437854e+03
    245 +7.000000e-03 +1.606319e-02 +9.015151e+01 +2.409090e+03
    246 +7.000000e-03 +1.706893e-02 +8.976948e+01 +2.386169e+03
    247 +7.000000e-03 +1.807468e-02 +8.948377e+01 +2.369026e+03
    248 +7.000000e-03 +1.908042e-02 +8.929317e+01 +2.357590e+03
    249 +7.000000e-03 +2.008617e-02 +8.919946e+01 +2.351967e+03
    250 +7.000000e-03 +2.008617e-02 +8.919946e+01 +2.351967e+03
    251 +6.000000e-03 +2.008617e-02 +8.920018e+01 +2.352011e+03
    252 +6.000000e-03 +2.008617e-02 +8.920018e+01 +2.352011e+03
    253 +6.000000e-03 +1.908042e-02 +8.929328e+01 +2.357597e+03
    254 +6.000000e-03 +1.807468e-02 +8.948367e+01 +2.369020e+03
    255 +6.000000e-03 +1.706893e-02 +8.976936e+01 +2.386161e+03
    256 +6.000000e-03 +1.606319e-02 +9.015139e+01 +2.409083e+03
    257 +6.000000e-03 +1.505744e-02 +9.063077e+01 +2.437846e+03
    258 +6.000000e-03 +1.405170e-02 +9.120864e+01 +2.472518e+03
    259 +6.000000e-03 +1.304596e-02 +9.188628e+01 +2.513177e+03
    260 +6.000000e-03 +1.204021e-02 +9.266511e+01 +2.559907e+03
    261 +6.000000e-03 +1.103447e-02 +9.354675e+01 +2.612805e+03
    262 +6.000000e-03 +1.002872e-02 +9.453326e+01 +2.671996e+03
    263 +6.000000e-03 +9.022978e-03 +9.562736e+01 +2.737641e+03
    264 +6.000000e-03 +8.017233e-03 +9.683195e+01 +2.809917e+03
    265 +6.000000e-03 +7.011489e-03 +9.814917e+01 +2.888950e+03
    266 +6.000000e-03 +6.005744e-03 +9.957605e+01 +2.974563e+03
    267 +6.000000e-03 +5.000000e-03 +1.011155e+02 +3.066931e+03
    268 +6.000000e-03 +5.000000e-03 +1.011155e+02 +3.066931e+03
    269 +5.000000e-03 +5.000000e-03 +1.014893e+02 +3.089359e+03
    270 +4.000000e-03 +5.000000e-03 +1.009726e+02 +3.058354e+03
    271 +4.000000e-03 +5.000000e-03 +1.009726e+02 +3.058354e+03
    272 +4.000000e-03 +6.016088e-03 +9.944983e+01 +2.966990e+03
    273 +4.000000e-03 +7.032177e-03 +9.808497e+01 +2.885098e+03
    274 +4.000000e-03 +8.048265e-03 +9.683160e+01 +2.809896e+03
    275 +4.000000e-03 +9.064353e-03 +9.569179e+01 +2.741507e+03
    276 +4.000000e-03 +1.008044e-02 +9.466377e+01 +2.679826e+03
    277 +4.000000e-03 +1.109653e-02 +9.374524e+01 +2.624714e+03
    278 +4.000000e-03 +1.211262e-02 +9.293399e+01 +2.576039e+03
    279 +4.000000e-03 +1.312871e-02 +9.222805e+01 +2.533683e+03
    280 +4.000000e-03 +1.414479e-02 +9.162569e+01 +2.497541e+03
    281 +4.000000e-03 +1.516088e-02 +9.112544e+01 +2.467526e+03
    282 +4.000000e-03 +1.617697e-02 +9.072607e+01 +2.443564e+03
    283 +4.000000e-03 +1.719306e-02 +9.042659e+01 +2.425595e+03
    284 +4.000000e-03 +1.820915e-02 +9.022614e+01 +2.413568e+03
    285 +4.000000e-03 +1.922524e-02 +9.012738e+01 +2.407643e+03
    286 +4.000000e-03 +1.922524e-02 +9.012738e+01 +2.407643e+03
    287 +3.000000e-03 +1.922524e-02 +9.012788e+01 +2.407673e+03
    288 +3.000000e-03 +1.922524e-02 +9.012788e+01 +2.407673e+03
    289 +3.000000e-03 +1.820915e-02 +9.022654e+01 +2.413592e+03
    290 +3.000000e-03 +1.719306e-02 +9.042702e+01 +2.425621e+03
    291 +3.000000e-03 +1.617697e-02 +9.072651e+01 +2.443591e+03
    292 +3.000000e-03 +1.516088e-02 +9.112589e+01 +2.467553e+03
    293 +3.000000e-03 +1.414479e-02 +9.162615e+01 +2.497569e+03
    294 +3.000000e-03 +1.312871e-02 +9.222852e+01 +2.533711e+03
    295 +3.000000e-03 +1.211262e-02 +9.293447e+01 +2.576068e+03
    296 +3.000000e-03 +1.109653e-02 +9.374574e+01 +2.624744e+03
    297 +3.000000e-03 +1.008044e-02 +9.466428e+01 +2.679857e+03
    298 +3.000000e-03 +9.064353e-03 +9.569230e+01 +2.741538e+03
    299 +3.000000e-03 +8.048265e-03 +9.683203e+01 +2.809922e+03
    300 +3.000000e-03 +7.032177e-03 +9.808506e+01 +2.885104e+03
    301 +3.000000e-03 +6.016088e-03 +9.944872e+01 +2.966923e+03
    302 +3.000000e-03 +5.000000e-03 +1.009510e+02 +3.057057e+03
    303 +3.000000e-03 +5.000000e-03 +1.009510e+02 +3.057057e+03
    304 +2.000000e-03 +5.000000e-03 +1.013943e+02 +3.083659e+03
    305 +1.000000e-03 +5.000000e-03 +1.010473e+02 +3.062841e+03
    306 +1.000000e-03 +5.000000e-03 +1.010473e+02 +3.062841e+03
    307 +1.000000e-03 +6.007848e-03 +1.000352e+02 +3.002113e+03
    308 +1.000000e-03 +7.015697e-03 +9.917396e+01 +2.950438e+03
    309 +1.000000e-03 +8.023545e-03 +9.837401e+01 +2.902441e+03
    310 +1.000000e-03 +9.031393e-03 +9.763296e+01 +2.857978e+03
    311 +1.000000e-03 +1.003924e-02 +9.695037e+01 +2.817022e+03
    312 +1.000000e-03 +1.104709e-02 +9.632559e+01 +2.779536e+03
    313 +1.000000e-03 +1.205494e-02 +9.575797e+01 +2.745478e+03
    314 +1.000000e-03 +1.306279e-02 +9.524683e+01 +2.714810e+03
    315 +1.000000e-03 +1.407063e-02 +9.479158e+01 +2.687495e+03
    316 +1.000000e-03 +1.507848e-02 +9.439167e+01 +2.663500e+03
    317 +1.000000e-03 +1.608633e-02 +9.404659e+01 +2.642796e+03
    318 +1.000000e-03 +1.709418e-02 +9.375592e+01 +2.625355e+03
    319 +1.000000e-03 +1.810203e-02 +9.351926e+01 +2.611156e+03
    320 +1.000000e-03 +1.910988e-02 +9.333616e+01 +2.600170e+03
    321 +1.000000e-03 +2.011772e-02 +9.320552e+01 +2.592331e+03
    322 +1.000000e-03 +2.112557e-02 +9.312808e+01 +2.587685e+03
    323 +1.000000e-03 +2.112557e-02 +9.312808e+01 +2.587685e+03
    324 +0.000000e+00 +2.112557e-02 +9.315350e+01 +2.589210e+03
    325 +0.000000e+00 +2.112557e-02 +9.315350e+01 +0.000000e+00
    326 +0.000000e+00 +2.011959e-02 +9.323111e+01 +0.000000e+00
    327 +0.000000e+00 +1.911361e-02 +9.336177e+01 +0.000000e+00
    328 +0.000000e+00 +1.810763e-02 +9.354470e+01 +0.000000e+00
    329 +0.000000e+00 +1.710165e-02 +9.378080e+01 +0.000000e+00
    330 +0.000000e+00 +1.609567e-02 +9.407068e+01 +0.000000e+00
    331 +0.000000e+00 +1.508969e-02 +9.441477e+01 +0.000000e+00
    332 +0.000000e+00 +1.408371e-02 +9.481353e+01 +0.000000e+00
    333 +0.000000e+00 +1.307774e-02 +9.526746e+01 +0.000000e+00
    334 +0.000000e+00 +1.207176e-02 +9.577710e+01 +0.000000e+00
    335 +0.000000e+00 +1.106578e-02 +9.634305e+01 +0.000000e+00
    336 +0.000000e+00 +1.005980e-02 +9.696598e+01 +0.000000e+00
    337 +0.000000e+00 +9.053817e-03 +9.764653e+01 +0.000000e+00
    338 +0.000000e+00 +8.047837e-03 +9.838524e+01 +0.000000e+00
    339 +0.000000e+00 +7.041857e-03 +9.918190e+01 +0.000000e+00
    340 +0.000000e+00 +6.035878e-03 +1.000303e+02 +0.000000e+00
    341 +0.000000e+00 +5.029898e-03 +1.008672e+02 +0.000000e+00
    342 +0.000000e+00 +4.023918e-03 +1.015381e+02 +0.000000e+00
    343 +0.000000e+00 +3.017939e-03 +1.020845e+02 +0.000000e+00
    344 +0.000000e+00 +2.011959e-03 +1.025907e+02 +0.000000e+00
    345 +0.000000e+00 +1.005980e-03 +1.030793e+02 +0.000000e+00
    346 +0.000000e+00 +0.000000e+00 +1.035540e+02 +0.000000e+00

%_intp_ ______x1_____ ______x2_____ ______T______ _____qx1_____ _____qx2_____
      1 +1.400000e-02 +5.000000e-04 +1.041403e+02 -3.970937e+03 +2.348846e+04
      2 +1.400000e-02 +6.379310e-04 +1.040754e+02 -3.972666e+03 +2.354432e+04
      3 +1.400000e-02 +7.758621e-04 +1.040104e+02 -3.974878e+03 +2.360055e+04
      4 +1.400000e-02 +9.137931e-04 +1.039452e+02 -3.977659e+03 +2.365795e+04
      5 +1.400000e-02 +1.051724e-03 +1.038799e+02 -3.981110e+03 +2.371692e+04
      6 +1.400000e-02 +1.189655e-03 +1.038144e+02 -3.985351e+03 +2.377775e+04
      7 +1.400000e-02 +1.327586e-03 +1.037487e+02 -3.990526e+03 +2.384057e+04
      8 +1.400000e-02 +1.465517e-03 +1.036828e+02 -3.996805e+03 +2.390547e+04
      9 +1.400000e-02 +1.603448e-03 +1.036168e+02 -4.004393e+03 +2.397237e+04
     10 +1.400000e-02 +1.741379e-03 +1.035506e+02 -4.013532e+03 +2.404110e+04
     11 +1.400000e-02 +1.879310e-03 +1.034841e+02 -4.024509e+03 +2.411127e+04
     12 +1.400000e-02 +2.017241e-03 +1.034175e+02 -4.037662e+03 +2.418228e+04
     13 +1.400000e-02 +2.155172e-03 +1.033507e+02 -4.053391e+03 +2.425317e+04
     14 +1.400000e-02 +2.293103e-03 +1.032837e+02 -4.072168e+03 +2.432255e+04
     15 +1.400000e-02 +2.431034e-03 +1.032165e+02 -4.094546e+03 +2.438847e+04
     16 +1.400000e-02 +2.568966e-03 +1.031492e+02 -4.121176e+03 +2.444817e+04
     17 +1.400000e-02 +2.706897e-03 +1.030817e+02 -4.152821e+03 +2.449791e+04
     18 +1.400000e-02 +2.844828e-03 +1.030140e+02 -4.190374e+03 +2.453255e+04
     19 +1.400000e-02 +2.982759e-03 +1.029463e+02 -4.234875e+03 +2.454519e+04
     20 +1.400000e-02 +3.120690e-03 +1.028786e+02 -4.287533e+03 +2.452653e+04
     21 +1.400000e-02 +3.258621e-03 +1.028110e+02 -4.349740e+03 +2.446418e+04
     22 +1.400000e-02 +3.396552e-03 +1.027437e+02 -4.423085e+03 +2.434166e+04
     23 +1.400000e-02 +3.534483e-03 +1.026768e+02 -4.509350e+03 +2.413712e+04
     24 +1.400000e-02 +3.672414e-03 +1.026106e+02 -4.610486e+03 +2.382178e+04
     25 +1.400000e-02 +3.810345e-03 +1.025455e+02 -4.728537e+03 +2.335786e+04
     26 +1.400000e-02 +3.948276e-03 +1.024820e+02 -4.865496e+03 +2.269599e+04
     27 +1.400000e-02 +4.086207e-03 +1.024206e+02 -5.023034e+03 +2.177191e+04
     28 +1.400000e-02 +4.224138e-03 +1.023622e+02 -5.202064e+03 +2.050188e+04
     29 +1.400000e-02 +4.362069e-03 +1.023079e+02 -5.402089e+03 +1.877503e+04
     30 +1.400000e-02 +4.500000e-03 +1.022591e+02 -5.620366e+03 +1.643642e+04

