%_node_ ______x1_____ ______x2_____ ______T______ ______q______
      1 +0.000000e+00 +0.000000e+00 +1.101407e+02 -2.329200e+04
      2 +1.000000e-03 +0.000000e+00 +1.101378e+02 -2.329200e+04
      3 +2.000000e-03 +0.000000e+00 +1.101288e+02 -2.329200e+04
      4 +3.000000e-03 +0.000000e+00 +1.101138e+02 -2.329200e+04
      5 +4.000000e-03 +0.000000e+00 +1.100929e+02 -2.329200e+04
      6 +5.000000e-03 +0.000000e+00 +1.100660e+02 -2.329200e+04
      7 +6.000000e-03 +0.000000e+00 +1.100333e+02 -2.329200e+04
      8 +7.000000e-03 +0.000000e+00 +1.099948e+02 -2.329200e+04
      9 +8.000000e-03 +0.000000e+00 +1.099509e+02 -2.329200e+04
     10 +9.000000e-03 +0.000000e+00 +1.099023e+02 -2.329200e+04
     11 +1.000000e-02 +0.000000e+00 +1.098501e+02 -2.329200e+04
     12 +1.100000e-02 +0.000000e+00 +1.097956e+02 -2.329200e+04
     13 +1.200000e-02 +0.000000e+00 +1.097404e+02 -2.329200e+04
     14 +1.300000e-02 +0.000000e+00 +1.096857e+02 -2.329200e+04
     15 +1.400000e-02 +0.000000e+00 +1.096316e+02 -2.329200e+04
     16 +1.500000e-02 +0.000000e+00 +1.095777e+02 -2.329200e+04
     17 +1.600000e-02 +0.000000e+00 +1.095228e+02 -2.329200e+04
     18 +1.700000e-02 +0.000000e+00 +1.094664e+02 -2.329200e+04
     19 +1.800000e-02 +0.000000e+00 +1.094082e+02 -2.329200e+04
     20 +1.900000e-02 +0.000000e+00 +1.093492e+02 -2.329200e+04
     21 +2.000000e-02 +0.000000e+00 +1.092912e+02 -2.329200e+04
     22 +2.100000e-02 +0.000000e+00 +1.092369e+02 -2.329200e+04
     23 +2.200000e-02 +0.000000e+00 +1.091887e+02 -2.329200e+04
     24 +2.300000e-02 +0.000000e+00 +1.091480e+02 -2.329200e+04
     25 +2.400000e-02 +0.000000e+00 +1.091151e+02 -2.329200e+04
     26 +2.500000e-02 +0.000000e+00 +1.090898e+02 -2.329200e+04
     27 +2.600000e-02 +0.000000e+00 +1.090716e+02 -2.329200e+04
     28 +2.700000e-02 +0.000000e+00 +1.090605e+02 -2.329200e+04
     29 +2.800000e-02 +0.000000e+00 +1.090571e+02 -2.329200e+04
     30 +2.800000e-02 +0.000000e+00 +1.090571e+02 +0.000000e+00
     31 +2.800000e-02 +1.009718e-03 +1.089358e+02 +0.000000e+00
     32 +2.800000e-02 +2.019436e-03 +1.088062e+02 +0.000000e+00
     33 +2.800000e-02 +3.029154e-03 +1.086665e+02 +0.000000e+00
     34 +2.800000e-02 +4.038872e-03 +1.085082e+02 +0.000000e+00
     35 +2.800000e-02 +5.048590e-03 +1.083029e+02 +0.000000e+00
     36 +2.800000e-02 +6.058308e-03 +1.080410e+02 +0.000000e+00
     37 +2.800000e-02 +7.068026e-03 +1.077746e+02 +0.000000e+00
     38 +2.800000e-02 +8.077744e-03 +1.075236e+02 +0.000000e+00
     39 +2.800000e-02 +9.087462e-03 +1.072900e+02 +0.000000e+00
     40 +2.800000e-02 +1.009718e-02 +1.070740e+02 +0.000000e+00
     41 +2.800000e-02 +1.110690e-02 +1.068757e+02 +0.000000e+00
     42 +2.800000e-02 +1.211662e-02 +1.066949e+02 +0.000000e+00
     43 +2.800000e-02 +1.312633e-02 +1.065317e+02 +0.000000e+00
     44 +2.800000e-02 +1.413605e-02 +1.063861e+02 +0.000000e+00
     45 +2.800000e-02 +1.514577e-02 +1.062579e+02 +0.000000e+00
     46 +2.800000e-02 +1.615549e-02 +1.061470e+02 +0.000000e+00
     47 +2.800000e-02 +1.716521e-02 +1.060532e+02 +0.000000e+00
     48 +2.800000e-02 +1.817492e-02 +1.059764e+02 +0.000000e+00
     49 +2.800000e-02 +1.918464e-02 +1.059165e+02 +0.000000e+00
     50 +2.800000e-02 +2.019436e-02 +1.058735e+02 +0.000000e+00
     51 +2.800000e-02 +2.120408e-02 +1.058479e+02 +0.000000e+00
     52 +2.800000e-02 +2.120408e-02 +1.058479e+02 +3.350877e+03
     53 +2.700000e-02 +2.120408e-02 +1.058395e+02 +3.350370e+03
     54 +2.700000e-02 +2.120408e-02 +1.058395e+02 +3.350370e+03
     55 +2.700000e-02 +2.019132e-02 +1.058652e+02 +3.351910e+03
     56 +2.700000e-02 +1.917857e-02 +1.059084e+02 +3.354502e+03
     57 +2.700000e-02 +1.816581e-02 +1.059686e+02 +3.358115e+03
     58 +2.700000e-02 +1.715306e-02 +1.060458e+02 +3.362749e+03
     59 +2.700000e-02 +1.614030e-02 +1.061400e+02 +3.368403e+03
     60 +2.700000e-02 +1.512755e-02 +1.062514e+02 +3.375086e+03
     61 +2.700000e-02 +1.411479e-02 +1.063803e+02 +3.382819e+03
     62 +2.700000e-02 +1.310204e-02 +1.065268e+02 +3.391606e+03
     63 +2.700000e-02 +1.208928e-02 +1.066909e+02 +3.401452e+03
     64 +2.700000e-02 +1.107653e-02 +1.068726e+02 +3.412358e+03
     65 +2.700000e-02 +1.006377e-02 +1.070721e+02 +3.424326e+03
     66 +2.700000e-02 +9.051019e-03 +1.072893e+02 +3.437359e+03
     67 +2.700000e-02 +8.038265e-03 +1.075243e+02 +3.451456e+03
     68 +2.700000e-02 +7.025510e-03 +1.077768e+02 +3.466610e+03
     69 +2.700000e-02 +6.012755e-03 +1.080476e+02 +3.482856e+03
     70 +2.700000e-02 +5.000000e-03 +1.083663e+02 +3.501978e+03
     71 +2.700000e-02 +5.000000e-03 +1.083663e+02 +3.501978e+03
     72 +2.600000e-02 +5.000000e-03 +1.084905e+02 +3.509429e+03
     73 +2.500000e-02 +5.000000e-03 +1.083972e+02 +3.503830e+03
     74 +2.500000e-02 +5.000000e-03 +1.083972e+02 +3.503830e+03
     75 +2.500000e-02 +5.992978e-03 +1.080305e+02 +3.481829e+03
     76 +2.500000e-02 +6.985956e-03 +1.076983e+02 +3.461897e+03
     77 +2.500000e-02 +7.978934e-03 +1.073977e+02 +3.443861e+03
     78 +2.500000e-02 +8.971912e-03 +1.071303e+02 +3.427817e+03
     79 +2.500000e-02 +9.964890e-03 +1.068963e+02 +3.413777e+03
     80 +2.500000e-02 +1.095787e-02 +1.066956e+02 +3.401737e+03
     81 +2.500000e-02 +1.195085e-02 +1.065282e+02 +3.391692e+03
     82 +2.500000e-02 +1.294382e-02 +1.063939e+02 +3.383635e+03
     83 +2.500000e-02 +1.393680e-02 +1.062927e+02 +3.377563e+03
     84 +2.500000e-02 +1.492978e-02 +1.062245e+02 +3.373469e+03
     85 +2.500000e-02 +1.592276e-02 +1.061905e+02 +3.371428e+03
     86 +2.500000e-02 +1.592276e-02 +1.061905e+02 +3.371428e+03
     87 +2.400000e-02 +1.592276e-02 +1.061901e+02 +3.371405e+03
     88 +2.400000e-02 +1.592276e-02 +1.061901e+02 +3.371405e+03
     89 +2.400000e-02 +1.492978e-02 +1.062243e+02 +3.373458e+03
     90 +2.400000e-02 +1.393680e-02 +1.062925e+02 +3.377553e+03
     91 +2.400000e-02 +1.294382e-02 +1.063938e+02 +3.383625e+03
     92 +2.400000e-02 +1.195085e-02 +1.065280e+02 +3.391681e+03
     93 +2.400000e-02 +1.095787e-02 +1.066954e+02 +3.401726e+03
     94 +2.400000e-02 +9.964890e-03 +1.068961e+02 +3.413766e+03
     95 +2.400000e-02 +8.971912e-03 +1.071301e+02 +3.427807e+03
     96 +2.400000e-02 +7.978934e-03 +1.073976e+02 +3.443854e+03
     97 +2.400000e-02 +6.985956e-03 +1.076983e+02 +3.461897e+03
     98 +2.400000e-02 +5.992978e-03 +1.080311e+02 +3.481865e+03
     99 +2.400000e-02 +5.000000e-03 +1.084092e+02 +3.504550e+03
    100 +2.400000e-02 +5.000000e-03 +1.084092e+02 +3.504550e+03
    101 +2.300000e-02 +5.000000e-03 +1.085435e+02 +3.512612e+03
    102 +2.200000e-02 +5.000000e-03 +1.084157e+02 +3.504939e+03
    103 +2.200000e-02 +5.000000e-03 +1.084157e+02 +3.504939e+03
    104 +2.200000e-02 +6.020183e-03 +1.078771e+02 +3.472624e+03
    105 +2.200000e-02 +7.040365e-03 +1.073685e+02 +3.442110e+03
    106 +2.200000e-02 +8.060548e-03 +1.068933e+02 +3.413599e+03
    107 +2.200000e-02 +9.080731e-03 +1.064533e+02 +3.387200e+03
    108 +2.200000e-02 +1.010091e-02 +1.060485e+02 +3.362909e+03
    109 +2.200000e-02 +1.112110e-02 +1.056784e+02 +3.340706e+03
    110 +2.200000e-02 +1.214128e-02 +1.053428e+02 +3.320568e+03
    111 +2.200000e-02 +1.316146e-02 +1.050413e+02 +3.302479e+03
    112 +2.200000e-02 +1.418164e-02 +1.047739e+02 +3.286432e+03
    113 +2.200000e-02 +1.520183e-02 +1.045403e+02 +3.272420e+03
    114 +2.200000e-02 +1.622201e-02 +1.043405e+02 +3.260432e+03
    115 +2.200000e-02 +1.724219e-02 +1.041741e+02 +3.250445e+03
    116 +2.200000e-02 +1.826237e-02 +1.040408e+02 +3.242449e+03
    117 +2.200000e-02 +1.928256e-02 +1.039407e+02 +3.236441e+03
    118 +2.200000e-02 +2.030274e-02 +1.038736e+02 +3.232416e+03
    119 +2.200000e-02 +2.132292e-02 +1.038406e+02 +3.230435e+03
    120 +2.200000e-02 +2.132292e-02 +1.038406e+02 +3.230435e+03
    121 +2.100000e-02 +2.132292e-02 +1.038405e+02 +3.230432e+03
    122 +2.100000e-02 +2.132292e-02 +1.038405e+02 +3.230432e+03
    123 +2.100000e-02 +2.030274e-02 +1.038736e+02 +3.232414e+03
    124 +2.100000e-02 +1.928256e-02 +1.039406e+02 +3.236438e+03
    125 +2.100000e-02 +1.826237e-02 +1.040407e+02 +3.242443e+03
    126 +2.100000e-02 +1.724219e-02 +1.041740e+02 +3.250438e+03
    127 +2.100000e-02 +1.622201e-02 +1.043405e+02 +3.260427e+03
    128 +2.100000e-02 +1.520183e-02 +1.045404e+02 +3.272422e+03
    129 +2.100000e-02 +1.418164e-02 +1.047740e+02 +3.286438e+03
    130 +2.100000e-02 +1.316146e-02 +1.050415e+02 +3.302487e+03
    131 +2.100000e-02 +1.214128e-02 +1.053430e+02 +3.320579e+03
    132 +2.100000e-02 +1.112110e-02 +1.056786e+02 +3.340716e+03
    133 +2.100000e-02 +1.010091e-02 +1.060485e+02 +3.362912e+03
    134 +2.100000e-02 +9.080731e-03 +1.064533e+02 +3.387197e+03
    135 +2.100000e-02 +8.060548e-03 +1.068932e+02 +3.413594e+03
    136 +2.100000e-02 +7.040365e-03 +1.073683e+02 +3.442095e+03
    137 +2.100000e-02 +6.020183e-03 +1.078773e+02 +3.472635e+03
    138 +2.100000e-02 +5.000000e-03 +1.084543e+02 +3.507256e+03
    139 +2.100000e-02 +5.000000e-03 +1.084543e+02 +3.507256e+03
    140 +2.000000e-02 +5.000000e-03 +1.087322e+02 +3.523931e+03
    141 +1.900000e-02 +5.000000e-03 +1.087942e+02 +3.527650e+03
    142 +1.900000e-02 +5.000000e-03 +1.087942e+02 +3.527650e+03
    143 +1.900000e-02 +6.083350e-03 +1.086164e+02 +3.516982e+03
    144 +1.900000e-02 +7.166700e-03 +1.084543e+02 +3.507260e+03
    145 +1.900000e-02 +8.250050e-03 +1.083315e+02 +3.499893e+03
    146 +1.900000e-02 +9.333400e-03 +1.082493e+02 +3.494957e+03
    147 +1.900000e-02 +1.041675e-02 +1.082087e+02 +3.492523e+03
    148 +1.900000e-02 +1.041675e-02 +1.082087e+02 +3.492523e+03
    149 +1.800000e-02 +1.041675e-02 +1.082089e+02 +3.492532e+03
    150 +1.800000e-02 +1.041675e-02 +1.082089e+02 +3.492532e+03
    151 +1.800000e-02 +9.333400e-03 +1.082493e+02 +3.494959e+03
    152 +1.800000e-02 +8.250050e-03 +1.083315e+02 +3.499892e+03
    153 +1.800000e-02 +7.166700e-03 +1.084541e+02 +3.507245e+03
    154 +1.800000e-02 +6.083350e-03 +1.086161e+02 +3.516966e+03
    155 +1.800000e-02 +5.000000e-03 +1.088431e+02 +3.530588e+03
    156 +1.800000e-02 +5.000000e-03 +1.088431e+02 +3.530588e+03
    157 +1.700000e-02 +5.000000e-03 +1.089733e+02 +3.538396e+03
    158 +1.600000e-02 +5.000000e-03 +1.089614e+02 +3.537686e+03
    159 +1.600000e-02 +5.000000e-03 +1.089614e+02 +3.537686e+03
    160 +1.600000e-02 +5.957161e-03 +1.087465e+02 +3.524789e+03
    161 +1.600000e-02 +6.914323e-03 +1.085540e+02 +3.513240e+03
    162 +1.600000e-02 +7.871484e-03 +1.083919e+02 +3.503517e+03
    163 +1.600000e-02 +8.828645e-03 +1.082618e+02 +3.495707e+03
    164 +1.600000e-02 +9.785806e-03 +1.081637e+02 +3.489824e+03
    165 +1.600000e-02 +1.074297e-02 +1.080977e+02 +3.485860e+03
    166 +1.600000e-02 +1.170013e-02 +1.080646e+02 +3.483877e+03
    167 +1.600000e-02 +1.170013e-02 +1.080646e+02 +3.483877e+03
    168 +1.500000e-02 +1.170013e-02 +1.080641e+02 +3.483849e+03
    169 +1.500000e-02 +1.170013e-02 +1.080641e+02 +3.483849e+03
    170 +1.500000e-02 +1.074297e-02 +1.080975e+02 +3.485851e+03
    171 +1.500000e-02 +9.785806e-03 +1.081637e+02 +3.489823e+03
    172 +1.500000e-02 +8.828645e-03 +1.082618e+02 +3.495711e+03
    173 +1.500000e-02 +7.871484e-03 +1.083920e+02 +3.503523e+03
    174 +1.500000e-02 +6.914323e-03 +1.085542e+02 +3.513253e+03
    175 +1.500000e-02 +5.957161e-03 +1.087477e+02 +3.524864e+03
    176 +1.500000e-02 +5.000000e-03 +1.089899e+02 +3.539394e+03
    177 +1.500000e-02 +5.000000e-03 +1.089899e+02 +3.539394e+03
    178 +1.400000e-02 +5.000000e-03 +1.091030e+02 +3.546178e+03
    179 +1.300000e-02 +5.000000e-03 +1.090238e+02 +3.541431e+03
    180 +1.300000e-02 +5.000000e-03 +1.090238e+02 +3.541431e+03
    181 +1.300000e-02 +5.989896e-03 +1.086335e+02 +3.518007e+03
    182 +1.300000e-02 +6.979793e-03 +1.082698e+02 +3.496189e+03
    183 +1.300000e-02 +7.969689e-03 +1.079383e+02 +3.476296e+03
    184 +1.300000e-02 +8.959586e-03 +1.076404e+02 +3.458424e+03
    185 +1.300000e-02 +9.949482e-03 +1.073763e+02 +3.442578e+03
    186 +1.300000e-02 +1.093938e-02 +1.071458e+02 +3.428748e+03
    187 +1.300000e-02 +1.192928e-02 +1.069485e+02 +3.416912e+03
    188 +1.300000e-02 +1.291917e-02 +1.067840e+02 +3.407041e+03
    189 +1.300000e-02 +1.390907e-02 +1.066520e+02 +3.399121e+03
    190 +1.300000e-02 +1.489896e-02 +1.065526e+02 +3.393156e+03
    191 +1.300000e-02 +1.588886e-02 +1.064858e+02 +3.389145e+03
    192 +1.300000e-02 +1.687876e-02 +1.064526e+02 +3.387154e+03
    193 +1.300000e-02 +1.687876e-02 +1.064526e+02 +3.387154e+03
    194 +1.200000e-02 +1.687876e-02 +1.064527e+02 +3.387161e+03
    195 +1.200000e-02 +1.687876e-02 +1.064527e+02 +3.387161e+03
    196 +1.200000e-02 +1.588886e-02 +1.064858e+02 +3.389148e+03
    197 +1.200000e-02 +1.489896e-02 +1.065526e+02 +3.393158e+03
    198 +1.200000e-02 +1.390907e-02 +1.066520e+02 +3.399122e+03
    199 +1.200000e-02 +1.291917e-02 +1.067840e+02 +3.407041e+03
    200 +1.200000e-02 +1.192928e-02 +1.069486e+02 +3.416915e+03
    201 +1.200000e-02 +1.093938e-02 +1.071459e+02 +3.428752e+03
    202 +1.200000e-02 +9.949482e-03 +1.073763e+02 +3.442578e+03
    203 +1.200000e-02 +8.959586e-03 +1.076404e+02 +3.458423e+03
    204 +1.200000e-02 +7.969689e-03 +1.079382e+02 +3.476293e+03
    205 +1.200000e-02 +6.979793e-03 +1.082697e+02 +3.496182e+03
    206 +1.200000e-02 +5.989896e-03 +1.086341e+02 +3.518046e+03
    207 +1.200000e-02 +5.000000e-03 +1.090597e+02 +3.543584e+03
    208 +1.200000e-02 +5.000000e-03 +1.090597e+02 +3.543584e+03
    209 +1.100000e-02 +5.000000e-03 +1.092739e+02 +3.556435e+03
    210 +1.000000e-02 +5.000000e-03 +1.093025e+02 +3.558152e+03
    211 +1.000000e-02 +5.000000e-03 +1.093025e+02 +3.558152e+03
    212 +1.000000e-02 +6.000146e-03 +1.091101e+02 +3.546606e+03
    213 +1.000000e-02 +7.000292e-03 +1.089347e+02 +3.536084e+03
    214 +1.000000e-02 +8.000437e-03 +1.087930e+02 +3.527579e+03
    215 +1.000000e-02 +9.000583e-03 +1.086863e+02 +3.521178e+03
    216 +1.000000e-02 +1.000073e-02 +1.086147e+02 +3.516881e+03
    217 +1.000000e-02 +1.100087e-02 +1.085790e+02 +3.514740e+03
    218 +1.000000e-02 +1.100087e-02 +1.085790e+02 +3.514740e+03
    219 +9.000000e-03 +1.100087e-02 +1.085796e+02 +3.514775e+03
    220 +9.000000e-03 +1.100087e-02 +1.085796e+02 +3.514775e+03
    221 +9.000000e-03 +1.000073e-02 +1.086148e+02 +3.516888e+03
    222 +9.000000e-03 +9.000583e-03 +1.086863e+02 +3.521177e+03
    223 +9.000000e-03 +8.000437e-03 +1.087929e+02 +3.527574e+03
    224 +9.000000e-03 +7.000292e-03 +1.089345e+02 +3.536067e+03
    225 +9.000000e-03 +6.000146e-03 +1.091104e+02 +3.546623e+03
    226 +9.000000e-03 +5.000000e-03 +1.093443e+02 +3.560656e+03
    227 +9.000000e-03 +5.000000e-03 +1.093443e+02 +3.560656e+03
    228 +8.000000e-03 +5.000000e-03 +1.094779e+02 +3.568676e+03
    229 +7.000000e-03 +5.000000e-03 +1.094798e+02 +3.568790e+03
    230 +7.000000e-03 +5.000000e-03 +1.094798e+02 +3.568790e+03
    231 +7.000000e-03 +6.054998e-03 +1.092951e+02 +3.557708e+03
    232 +7.000000e-03 +7.109996e-03 +1.091392e+02 +3.548353e+03
    233 +7.000000e-03 +8.164994e-03 +1.090214e+02 +3.541282e+03
    234 +7.000000e-03 +9.219992e-03 +1.089425e+02 +3.536551e+03
    235 +7.000000e-03 +1.027499e-02 +1.089039e+02 +3.534236e+03
    236 +7.000000e-03 +1.027499e-02 +1.089039e+02 +3.534236e+03
    237 +6.000000e-03 +1.027499e-02 +1.089039e+02 +3.534234e+03
    238 +6.000000e-03 +1.027499e-02 +1.089039e+02 +3.534234e+03
    239 +6.000000e-03 +9.219992e-03 +1.089425e+02 +3.536550e+03
    240 +6.000000e-03 +8.164994e-03 +1.090213e+02 +3.541280e+03
    241 +6.000000e-03 +7.109996e-03 +1.091391e+02 +3.548349e+03
    242 +6.000000e-03 +6.054998e-03 +1.092954e+02 +3.557722e+03
    243 +6.000000e-03 +5.000000e-03 +1.095053e+02 +3.570316e+03
    244 +6.000000e-03 +5.000000e-03 +1.095053e+02 +3.570316e+03
    245 +5.000000e-03 +5.000000e-03 +1.095991e+02 +3.575943e+03
    246 +4.000000e-03 +5.000000e-03 +1.095622e+02 +3.573733e+03
    247 +4.000000e-03 +5.000000e-03 +1.095622e+02 +3.573733e+03
    248 +4.000000e-03 +6.029301e-03 +1.093438e+02 +3.560631e+03
    249 +4.000000e-03 +7.058601e-03 +1.091599e+02 +3.549593e+03
    250 +4.000000e-03 +8.087902e-03 +1.090121e+02 +3.540725e+03
    251 +4.000000e-03 +9.117202e-03 +1.089012e+02 +3.534074e+03
    252 +4.000000e-03 +1.014650e-02 +1.088273e+02 +3.529640e+03
    253 +4.000000e-03 +1.117580e-02 +1.087913e+02 +3.527478e+03
    254 +4.000000e-03 +1.117580e-02 +1.087913e+02 +3.527478e+03
    255 +3.000000e-03 +1.117580e-02 +1.087911e+02 +3.527467e+03
    256 +3.000000e-03 +1.117580e-02 +1.087911e+02 +3.527467e+03
    257 +3.000000e-03 +1.014650e-02 +1.088274e+02 +3.529643e+03
    258 +3.000000e-03 +9.117202e-03 +1.089014e+02 +3.534084e+03
    259 +3.000000e-03 +8.087902e-03 +1.090123e+02 +3.540736e+03
    260 +3.000000e-03 +7.058601e-03 +1.091600e+02 +3.549601e+03
    261 +3.000000e-03 +6.029301e-03 +1.093441e+02 +3.560645e+03
    262 +3.000000e-03 +5.000000e-03 +1.095758e+02 +3.574550e+03
    263 +3.000000e-03 +5.000000e-03 +1.095758e+02 +3.574550e+03
    264 +2.000000e-03 +5.000000e-03 +1.096641e+02 +3.579844e+03
    265 +1.000000e-03 +5.000000e-03 +1.096275e+02 +3.577651e+03
    266 +1.000000e-03 +5.000000e-03 +1.096275e+02 +3.577651e+03
    267 +1.000000e-03 +6.021621e-03 +1.094752e+02 +3.568512e+03
    268 +1.000000e-03 +7.043242e-03 +1.093543e+02 +3.561259e+03
    269 +1.000000e-03 +8.064862e-03 +1.092524e+02 +3.555143e+03
    270 +1.000000e-03 +9.086483e-03 +1.091691e+02 +3.550149e+03
    271 +1.000000e-03 +1.010810e-02 +1.091046e+02 +3.546278e+03
    272 +1.000000e-03 +1.112972e-02 +1.090588e+02 +3.543525e+03
    273 +1.000000e-03 +1.215135e-02 +1.090318e+02 +3.541907e+03
    274 +1.000000e-03 +1.215135e-02 +1.090318e+02 +3.541907e+03
    275 +0.000000e+00 +1.215135e-02 +1.090406e+02 +3.542434e+03
    276 +0.000000e+00 +1.215135e-02 +1.090406e+02 +0.000000e+00
    277 +0.000000e+00 +1.113873e-02 +1.090674e+02 +0.000000e+00
    278 +0.000000e+00 +1.012612e-02 +1.091128e+02 +0.000000e+00
    279 +0.000000e+00 +9.113509e-03 +1.091763e+02 +0.000000e+00
    280 +0.000000e+00 +8.100897e-03 +1.092583e+02 +0.000000e+00
    281 +0.000000e+00 +7.088285e-03 +1.093585e+02 +0.000000e+00
    282 +0.000000e+00 +6.075673e-03 +1.094759e+02 +0.000000e+00
    283 +0.000000e+00 +5.063061e-03 +1.096016e+02 +0.000000e+00
    284 +0.000000e+00 +4.050449e-03 +1.097125e+02 +0.000000e+00
    285 +0.000000e+00 +3.037836e-03 +1.098135e+02 +0.000000e+00
    286 +0.000000e+00 +2.025224e-03 +1.099168e+02 +0.000000e+00
    287 +0.000000e+00 +1.012612e-03 +1.100256e+02 +0.000000e+00
    288 +0.000000e+00 +1.734723e-18 +1.101407e+02 +0.000000e+00

%_intp_ ______x1_____ ______x2_____ ______T______ _____qx1_____ _____qx2_____
      1 +1.400000e-02 +5.000000e-04 +1.095734e+02 +1.075384e+04 +2.330585e+04
      2 +1.400000e-02 +6.379310e-04 +1.095573e+02 +1.073752e+04 +2.330997e+04
      3 +1.400000e-02 +7.758621e-04 +1.095412e+02 +1.071738e+04 +2.331477e+04
      4 +1.400000e-02 +9.137931e-04 +1.095252e+02 +1.069306e+04 +2.332039e+04
      5 +1.400000e-02 +1.051724e-03 +1.095091e+02 +1.066415e+04 +2.332696e+04
      6 +1.400000e-02 +1.189655e-03 +1.094930e+02 +1.063025e+04 +2.333454e+04
      7 +1.400000e-02 +1.327586e-03 +1.094769e+02 +1.059088e+04 +2.334317e+04
      8 +1.400000e-02 +1.465517e-03 +1.094608e+02 +1.054547e+04 +2.335279e+04
      9 +1.400000e-02 +1.603448e-03 +1.094447e+02 +1.049340e+04 +2.336330e+04
     10 +1.400000e-02 +1.741379e-03 +1.094286e+02 +1.043395e+04 +2.337444e+04
     11 +1.400000e-02 +1.879310e-03 +1.094124e+02 +1.036630e+04 +2.338584e+04
     12 +1.400000e-02 +2.017241e-03 +1.093963e+02 +1.028950e+04 +2.339689e+04
     13 +1.400000e-02 +2.155172e-03 +1.093802e+02 +1.020251e+04 +2.340671e+04
     14 +1.400000e-02 +2.293103e-03 +1.093640e+02 +1.010412e+04 +2.341406e+04
     15 +1.400000e-02 +2.431034e-03 +1.093479e+02 +9.993015e+03 +2.341718e+04
     16 +1.400000e-02 +2.568966e-03 +1.093317e+02 +9.867695e+03 +2.341368e+04
     17 +1.400000e-02 +2.706897e-03 +1.093156e+02 +9.726520e+03 +2.340027e+04
     18 +1.400000e-02 +2.844828e-03 +1.092994e+02 +9.567695e+03 +2.337249e+04
     19 +1.400000e-02 +2.982759e-03 +1.092833e+02 +9.389289e+03 +2.332436e+04
     20 +1.400000e-02 +3.120690e-03 +1.092673e+02 +9.189268e+03 +2.324783e+04
     21 +1.400000e-02 +3.258621e-03 +1.092513e+02 +8.965556e+03 +2.313217e+04
     22 +1.400000e-02 +3.396552e-03 +1.092354e+02 +8.716136e+03 +2.296311e+04
     23 +1.400000e-02 +3.534483e-03 +1.092196e+02 +8.439213e+03 +2.272171e+04
     24 +1.400000e-02 +3.672414e-03 +1.092041e+02 +8.133448e+03 +2.238299e+04
     25 +1.400000e-02 +3.810345e-03 +1.091888e+02 +7.798307e+03 +2.191410e+04
     26 +1.400000e-02 +3.948276e-03 +1.091739e+02 +7.434523e+03 +2.127201e+04
     27 +1.400000e-02 +4.086207e-03 +1.091595e+02 +7.044707e+03 +2.040059e+04
     28 +1.400000e-02 +4.224138e-03 +1.091458e+02 +6.634040e+03 +1.922642e+04
     29 +1.400000e-02 +4.362069e-03 +1.091331e+02 +6.210934e+03 +1.765198e+04
     30 +1.400000e-02 +4.500000e-03 +1.091216e+02 +5.787360e+03 +1.554036e+04

