%_node_ ______x1_____ ______x2_____ ______T______ ______q______
      1 +0.000000e+00 +0.000000e+00 +9.167808e+01 -2.329200e+04
      2 +1.000000e-03 +0.000000e+00 +9.167534e+01 -2.329200e+04
      3 +2.000000e-03 +0.000000e+00 +9.166666e+01 -2.329200e+04
      4 +3.000000e-03 +0.000000e+00 +9.165251e+01 -2.329200e+04
      5 +4.000000e-03 +0.000000e+00 +9.163373e+01 -2.329200e+04
      6 +5.000000e-03 +0.000000e+00 +9.161200e+01 -2.329200e+04
      7 +6.000000e-03 +0.000000e+00 +9.158962e+01 -2.329200e+04
      8 +7.000000e-03 +0.000000e+00 +9.156897e+01 -2.329200e+04
      9 +8.000000e-03 +0.000000e+00 +9.155180e+01 -2.329200e+04
     10 +9.000000e-03 +0.000000e+00 +9.153903e+01 -2.329200e+04
     11 +1.000000e-02 +0.000000e+00 +9.153085e+01 -2.329200e+04
     12 +1.100000e-02 +0.000000e+00 +9.152684e+01 -2.329200e+04
     13 +1.200000e-02 +0.000000e+00 +9.152622e+01 -2.329200e+04
     14 +1.300000e-02 +0.000000e+00 +9.152833e+01 -2.329200e+04
     15 +1.400000e-02 +0.000000e+00 +9.153288e+01 -2.329200e+04
     16 +1.500000e-02 +0.000000e+00 +9.153993e+01 -2.329200e+04
     17 +1.600000e-02 +0.000000e+00 +9.154955e+01 -2.329200e+04
     18 +1.700000e-02 +0.000000e+00 +9.156143e+01 -2.329200e+04
     19 +1.800000e-02 +0.000000e+00 +9.157487e+01 -2.329200e+04
     20 +1.900000e-02 +0.000000e+00 +9.158914e+01 -2.329200e+04
     21 +2.000000e-02 +0.000000e+00 +9.160378e+01 -2.329200e+04
     22 +2.100000e-02 +0.000000e+00 +9.161864e+01 -2.329200e+04
     23 +2.200000e-02 +0.000000e+00 +9.163360e+01 -2.329200e+04
     24 +2.300000e-02 +0.000000e+00 +9.164831e+01 -2.329200e+04
     25 +2.400000e-02 +0.000000e+00 +9.166199e+01 -2.329200e+04
     26 +2.500000e-02 +0.000000e+00 +9.167376e+01 -2.329200e+04
     27 +2.600000e-02 +0.000000e+00 +9.168277e+01 -2.329200e+04
     28 +2.700000e-02 +0.000000e+00 +9.168840e+01 -2.329200e+04
     29 +2.800000e-02 +0.000000e+00 +9.169021e+01 -2.329200e+04
     30 +2.800000e-02 +0.000000e+00 +9.169021e+01 +0.000000e+00
     31 +2.800000e-02 +9.770072e-04 +9.157814e+01 +0.000000e+00
     32 +2.800000e-02 +1.954014e-03 +9.146983e+01 +0.000000e+00
     33 +2.800000e-02 +2.931022e-03 +9.136479e+01 +0.000000e+00
     34 +2.800000e-02 +3.908029e-03 +9.126026e+01 +0.000000e+00
     35 +2.800000e-02 +4.885036e-03 +9.114416e+01 +0.000000e+00
     36 +2.800000e-02 +5.862043e-03 +9.100390e+01 +0.000000e+00
     37 +2.800000e-02 +6.839051e-03 +9.086018e+01 +0.000000e+00
     38 +2.800000e-02 +7.816058e-03 +9.072614e+01 +0.000000e+00
     39 +2.800000e-02 +8.793065e-03 +9.060358e+01 +0.000000e+00
     40 +2.800000e-02 +9.770072e-03 +9.049273e+01 +0.000000e+00
     41 +2.800000e-02 +1.074708e-02 +9.039363e+01 +0.000000e+00
     42 +2.800000e-02 +1.172409e-02 +9.030627e+01 +0.000000e+00
     43 +2.800000e-02 +1.270109e-02 +9.023063e+01 +0.000000e+00
     44 +2.800000e-02 +1.367810e-02 +9.016670e+01 +0.000000e+00
     45 +2.800000e-02 +1.465511e-02 +9.011443e+01 +0.000000e+00
     46 +2.800000e-02 +1.563212e-02 +9.007377e+01 +0.000000e+00
     47 +2.800000e-02 +1.660912e-02 +9.004458e+01 +0.000000e+00
     48 +2.800000e-02 +1.758613e-02 +9.002712e+01 +0.000000e+00
     49 +2.800000e-02 +1.758613e-02 +9.002712e+01 +2.401627e+03
     50 +2.700000e-02 +1.758613e-02 +9.002115e+01 +2.401269e+03
     51 +2.700000e-02 +1.758613e-02 +9.002115e+01 +2.401269e+03
     52 +2.700000e-02 +1.661797e-02 +9.003836e+01 +2.402302e+03
     53 +2.700000e-02 +1.564980e-02 +9.006706e+01 +2.404023e+03
     54 +2.700000e-02 +1.468164e-02 +9.010703e+01 +2.406422e+03
     55 +2.700000e-02 +1.371347e-02 +9.015844e+01 +2.409506e+03
     56 +2.700000e-02 +1.274531e-02 +9.022131e+01 +2.413279e+03
     57 +2.700000e-02 +1.177715e-02 +9.029567e+01 +2.417740e+03
     58 +2.700000e-02 +1.080898e-02 +9.038154e+01 +2.422893e+03
     59 +2.700000e-02 +9.840819e-03 +9.047894e+01 +2.428736e+03
     60 +2.700000e-02 +8.872655e-03 +9.058787e+01 +2.435272e+03
     61 +2.700000e-02 +7.904492e-03 +9.070834e+01 +2.442500e+03
     62 +2.700000e-02 +6.936328e-03 +9.084031e+01 +2.450418e+03
     63 +2.700000e-02 +5.968164e-03 +9.098417e+01 +2.459050e+03
     64 +2.700000e-02 +5.000000e-03 +9.115383e+01 +2.469230e+03
     65 +2.700000e-02 +5.000000e-03 +9.115383e+01 +2.469230e+03
     66 +2.600000e-02 +5.000000e-03 +9.120170e+01 +2.472102e+03
     67 +2.500000e-02 +5.000000e-03 +9.110035e+01 +2.466021e+03
     68 +2.500000e-02 +5.000000e-03 +9.110035e+01 +2.466021e+03
     69 +2.500000e-02 +5.997260e-03 +9.083034e+01 +2.449820e+03
     70 +2.500000e-02 +6.994520e-03 +9.059479e+01 +2.435687e+03
     71 +2.500000e-02 +7.991780e-03 +9.038195e+01 +2.422917e+03
     72 +2.500000e-02 +8.989040e-03 +9.019263e+01 +2.411558e+03
     73 +2.500000e-02 +9.986300e-03 +9.002698e+01 +2.401619e+03
     74 +2.500000e-02 +1.098356e-02 +8.988497e+01 +2.393098e+03
     75 +2.500000e-02 +1.198082e-02 +8.976652e+01 +2.385991e+03
     76 +2.500000e-02 +1.297808e-02 +8.967157e+01 +2.380294e+03
     77 +2.500000e-02 +1.397534e-02 +8.960005e+01 +2.376003e+03
     78 +2.500000e-02 +1.497260e-02 +8.955190e+01 +2.373114e+03
     79 +2.500000e-02 +1.596986e-02 +8.952801e+01 +2.371680e+03
     80 +2.500000e-02 +1.596986e-02 +8.952801e+01 +2.371680e+03
     81 +2.400000e-02 +1.596986e-02 +8.952769e+01 +2.371662e+03
     82 +2.400000e-02 +1.596986e-02 +8.952769e+01 +2.371662e+03
     83 +2.400000e-02 +1.497260e-02 +8.955177e+01 +2.373106e+03
     84 +2.400000e-02 +1.397534e-02 +8.959992e+01 +2.375995e+03
     85 +2.400000e-02 +1.297808e-02 +8.967144e+01 +2.380286e+03
     86 +2.400000e-02 +1.198082e-02 +8.976639e+01 +2.385983e+03
     87 +2.400000e-02 +1.098356e-02 +8.988484e+01 +2.393090e+03
     88 +2.400000e-02 +9.986300e-03 +9.002685e+01 +2.401611e+03
     89 +2.400000e-02 +8.989040e-03 +9.019251e+01 +2.411550e+03
     90 +2.400000e-02 +7.991780e-03 +9.038186e+01 +2.422911e+03
     91 +2.400000e-02 +6.994520e-03 +9.059483e+01 +2.435690e+03
     92 +2.400000e-02 +5.997260e-03 +9.083038e+01 +2.449823e+03
     93 +2.400000e-02 +5.000000e-03 +9.108741e+01 +2.465245e+03
     94 +2.400000e-02 +5.000000e-03 +9.108741e+01 +2.465245e+03
     95 +2.300000e-02 +5.000000e-03 +9.113627e+01 +2.468176e+03
     96 +2.200000e-02 +5.000000e-03 +9.099633e+01 +2.459780e+03
     97 +2.200000e-02 +5.000000e-03 +9.099633e+01 +2.459780e+03
     98 +2.200000e-02 +6.016798e-03 +9.062517e+01 +2.437510e+03
     99 +2.200000e-02 +7.033596e-03 +9.029127e+01 +2.417476e+03
    100 +2.200000e-02 +8.050395e-03 +8.998083e+01 +2.398850e+03
    101 +2.200000e-02 +9.067193e-03 +8.969482e+01 +2.381689e+03
    102 +2.200000e-02 +1.008399e-02 +8.943335e+01 +2.366001e+03
    103 +2.200000e-02 +1.110079e-02 +8.919632e+01 +2.351779e+03
    104 +2.200000e-02 +1.211759e-02 +8.898361e+01 +2.339016e+03
    105 +2.200000e-02 +1.313439e-02 +8.879507e+01 +2.327704e+03
    106 +2.200000e-02 +1.415118e-02 +8.863061e+01 +2.317836e+03
    107 +2.200000e-02 +1.516798e-02 +8.849009e+01 +2.309406e+03
    108 +2.200000e-02 +1.618478e-02 +8.837333e+01 +2.302400e+03
    109 +2.200000e-02 +1.720158e-02 +8.827996e+01 +2.296798e+03
    110 +2.200000e-02 +1.821838e-02 +8.820972e+01 +2.292583e+03
    111 +2.200000e-02 +1.923518e-02 +8.816257e+01 +2.289754e+03
    112 +2.200000e-02 +2.025197e-02 +8.813933e+01 +2.288360e+03
    113 +2.200000e-02 +2.025197e-02 +8.813933e+01 +2.288360e+03
    114 +2.100000e-02 +2.025197e-02 +8.813921e+01 +2.288353e+03
    115 +2.100000e-02 +2.025197e-02 +8.813921e+01 +2.288353e+03
    116 +2.100000e-02 +1.923518e-02 +8.816252e+01 +2.289751e+03
    117 +2.100000e-02 +1.821838e-02 +8.820969e+01 +2.292581e+03
    118 +2.100000e-02 +1.720158e-02 +8.827993e+01 +2.296796e+03
    119 +2.100000e-02 +1.618478e-02 +8.837329e+01 +2.302397e+03
    120 +2.100000e-02 +1.516798e-02 +8.849006e+01 +2.309404e+03
    121 +2.100000e-02 +1.415118e-02 +8.863059e+01 +2.317835e+03
    122 +2.100000e-02 +1.313439e-02 +8.879506e+01 +2.327703e+03
    123 +2.100000e-02 +1.211759e-02 +8.898359e+01 +2.339015e+03
    124 +2.100000e-02 +1.110079e-02 +8.919631e+01 +2.351778e+03
    125 +2.100000e-02 +1.008399e-02 +8.943333e+01 +2.366000e+03
    126 +2.100000e-02 +9.067193e-03 +8.969480e+01 +2.381688e+03
    127 +2.100000e-02 +8.050395e-03 +8.998082e+01 +2.398849e+03
    128 +2.100000e-02 +7.033596e-03 +9.029129e+01 +2.417477e+03
    129 +2.100000e-02 +6.016798e-03 +9.062501e+01 +2.437501e+03
    130 +2.100000e-02 +5.000000e-03 +9.098539e+01 +2.459123e+03
    131 +2.100000e-02 +5.000000e-03 +9.098539e+01 +2.459123e+03
    132 +2.000000e-02 +5.000000e-03 +9.108367e+01 +2.465020e+03
    133 +1.900000e-02 +5.000000e-03 +9.098954e+01 +2.459373e+03
    134 +1.900000e-02 +5.000000e-03 +9.098954e+01 +2.459373e+03
    135 +1.900000e-02 +6.025334e-03 +9.070640e+01 +2.442384e+03
    136 +1.900000e-02 +7.050667e-03 +9.045695e+01 +2.427417e+03
    137 +1.900000e-02 +8.076001e-03 +9.023137e+01 +2.413882e+03
    138 +1.900000e-02 +9.101335e-03 +9.003074e+01 +2.401844e+03
    139 +1.900000e-02 +1.012667e-02 +8.985523e+01 +2.391314e+03
    140 +1.900000e-02 +1.115200e-02 +8.970478e+01 +2.382287e+03
    141 +1.900000e-02 +1.217734e-02 +8.957931e+01 +2.374759e+03
    142 +1.900000e-02 +1.320267e-02 +8.947875e+01 +2.368725e+03
    143 +1.900000e-02 +1.422800e-02 +8.940303e+01 +2.364182e+03
    144 +1.900000e-02 +1.525334e-02 +8.935207e+01 +2.361124e+03
    145 +1.900000e-02 +1.627867e-02 +8.932665e+01 +2.359599e+03
    146 +1.900000e-02 +1.627867e-02 +8.932665e+01 +2.359599e+03
    147 +1.800000e-02 +1.627867e-02 +8.932668e+01 +2.359601e+03
    148 +1.800000e-02 +1.627867e-02 +8.932668e+01 +2.359601e+03
    149 +1.800000e-02 +1.525334e-02 +8.935208e+01 +2.361125e+03
    150 +1.800000e-02 +1.422800e-02 +8.940304e+01 +2.364183e+03
    151 +1.800000e-02 +1.320267e-02 +8.947877e+01 +2.368726e+03
    152 +1.800000e-02 +1.217734e-02 +8.957933e+01 +2.374760e+03
    153 +1.800000e-02 +1.115200e-02 +8.970479e+01 +2.382288e+03
    154 +1.800000e-02 +1.012667e-02 +8.985524e+01 +2.391314e+03
    155 +1.800000e-02 +9.101335e-03 +9.003076e+01 +2.401845e+03
    156 +1.800000e-02 +8.076001e-03 +9.023140e+01 +2.413884e+03
    157 +1.800000e-02 +7.050667e-03 +9.045702e+01 +2.427421e+03
    158 +1.800000e-02 +6.025334e-03 +9.070636e+01 +2.442382e+03
    159 +1.800000e-02 +5.000000e-03 +9.097804e+01 +2.458682e+03
    160 +1.800000e-02 +5.000000e-03 +9.097804e+01 +2.458682e+03
    161 +1.700000e-02 +5.000000e-03 +9.102743e+01 +2.461646e+03
    162 +1.600000e-02 +5.000000e-03 +9.087055e+01 +2.452233e+03
    163 +1.600000e-02 +5.000000e-03 +9.087055e+01 +2.452233e+03
    164 +1.600000e-02 +5.991697e-03 +9.045500e+01 +2.427300e+03
    165 +1.600000e-02 +6.983393e-03 +9.007562e+01 +2.404537e+03
    166 +1.600000e-02 +7.975090e-03 +8.971820e+01 +2.383092e+03
    167 +1.600000e-02 +8.966786e-03 +8.938388e+01 +2.363033e+03
    168 +1.600000e-02 +9.958483e-03 +8.907278e+01 +2.344367e+03
    169 +1.600000e-02 +1.095018e-02 +8.878480e+01 +2.327088e+03
    170 +1.600000e-02 +1.194188e-02 +8.851978e+01 +2.311187e+03
    171 +1.600000e-02 +1.293357e-02 +8.827759e+01 +2.296655e+03
    172 +1.600000e-02 +1.392527e-02 +8.805807e+01 +2.283484e+03
    173 +1.600000e-02 +1.491697e-02 +8.786110e+01 +2.271666e+03
    174 +1.600000e-02 +1.590866e-02 +8.768656e+01 +2.261193e+03
    175 +1.600000e-02 +1.690036e-02 +8.753418e+01 +2.252051e+03
    176 +1.600000e-02 +1.789205e-02 +8.740365e+01 +2.244219e+03
    177 +1.600000e-02 +1.888375e-02 +8.729477e+01 +2.237686e+03
    178 +1.600000e-02 +1.987545e-02 +8.720753e+01 +2.232452e+03
    179 +1.600000e-02 +2.086714e-02 +8.714191e+01 +2.228514e+03
    180 +1.600000e-02 +2.185884e-02 +8.709785e+01 +2.225871e+03
    181 +1.600000e-02 +2.285054e-02 +8.707606e+01 +2.224564e+03
    182 +1.600000e-02 +2.285054e-02 +8.707606e+01 +2.224564e+03
    183 +1.500000e-02 +2.285054e-02 +8.707601e+01 +2.224560e+03
    184 +1.500000e-02 +2.285054e-02 +8.707601e+01 +2.224560e+03
    185 +1.500000e-02 +2.185884e-02 +8.709782e+01 +2.225869e+03
    186 +1.500000e-02 +2.086714e-02 +8.714189e+01 +2.228513e+03
    187 +1.500000e-02 +1.987545e-02 +8.720753e+01 +2.232452e+03
    188 +1.500000e-02 +1.888375e-02 +8.729479e+01 +2.237687e+03
    189 +1.500000e-02 +1.789205e-02 +8.740363e+01 +2.244218e+03
    190 +1.500000e-02 +1.690036e-02 +8.753411e+01 +2.252047e+03
    191 +1.500000e-02 +1.590866e-02 +8.768650e+01 +2.261190e+03
    192 +1.500000e-02 +1.491697e-02 +8.786109e+01 +2.271665e+03
    193 +1.500000e-02 +1.392527e-02 +8.805807e+01 +2.283484e+03
    194 +1.500000e-02 +1.293357e-02 +8.827758e+01 +2.296655e+03
    195 +1.500000e-02 +1.194188e-02 +8.851978e+01 +2.311187e+03
    196 +1.500000e-02 +1.095018e-02 +8.878479e+01 +2.327088e+03
    197 +1.500000e-02 +9.958483e-03 +8.907278e+01 +2.344367e+03
    198 +1.500000e-02 +8.966786e-03 +8.938388e+01 +2.363033e+03
    199 +1.500000e-02 +7.975090e-03 +8.971821e+01 +2.383092e+03
    200 +1.500000e-02 +6.983393e-03 +9.007565e+01 +2.404539e+03
    201 +1.500000e-02 +5.991697e-03 +9.045490e+01 +2.427294e+03
    202 +1.500000e-02 +5.000000e-03 +9.086299e+01 +2.451779e+03
    203 +1.500000e-02 +5.000000e-03 +9.086299e+01 +2.451779e+03
    204 +1.400000e-02 +5.000000e-03 +9.099073e+01 +2.459444e+03
    205 +1.300000e-02 +5.000000e-03 +9.090560e+01 +2.454336e+03
    206 +1.300000e-02 +5.000000e-03 +9.090560e+01 +2.454336e+03
    207 +1.300000e-02 +6.031098e-03 +9.060064e+01 +2.436038e+03
    208 +1.300000e-02 +7.062196e-03 +9.032547e+01 +2.419528e+03
    209 +1.300000e-02 +8.093294e-03 +9.007418e+01 +2.404451e+03
    210 +1.300000e-02 +9.124392e-03 +8.984801e+01 +2.390880e+03
    211 +1.300000e-02 +1.015549e-02 +8.964711e+01 +2.378827e+03
    212 +1.300000e-02 +1.118659e-02 +8.947143e+01 +2.368286e+03
    213 +1.300000e-02 +1.221769e-02 +8.932085e+01 +2.359251e+03
    214 +1.300000e-02 +1.324878e-02 +8.919529e+01 +2.351718e+03
    215 +1.300000e-02 +1.427988e-02 +8.909467e+01 +2.345680e+03
    216 +1.300000e-02 +1.531098e-02 +8.901890e+01 +2.341134e+03
    217 +1.300000e-02 +1.634208e-02 +8.896792e+01 +2.338075e+03
    218 +1.300000e-02 +1.737318e-02 +8.894252e+01 +2.336551e+03
    219 +1.300000e-02 +1.737318e-02 +8.894252e+01 +2.336551e+03
    220 +1.200000e-02 +1.737318e-02 +8.894248e+01 +2.336549e+03
    221 +1.200000e-02 +1.737318e-02 +8.894248e+01 +2.336549e+03
    222 +1.200000e-02 +1.634208e-02 +8.896791e+01 +2.338074e+03
    223 +1.200000e-02 +1.531098e-02 +8.901889e+01 +2.341133e+03
    224 +1.200000e-02 +1.427988e-02 +8.909465e+01 +2.345679e+03
    225 +1.200000e-02 +1.324878e-02 +8.919528e+01 +2.351717e+03
    226 +1.200000e-02 +1.221769e-02 +8.932084e+01 +2.359250e+03
    227 +1.200000e-02 +1.118659e-02 +8.947141e+01 +2.368285e+03
    228 +1.200000e-02 +1.015549e-02 +8.964710e+01 +2.378826e+03
    229 +1.200000e-02 +9.124392e-03 +8.984799e+01 +2.390880e+03
    230 +1.200000e-02 +8.093294e-03 +9.007417e+01 +2.404450e+03
    231 +1.200000e-02 +7.062196e-03 +9.032547e+01 +2.419528e+03
    232 +1.200000e-02 +6.031098e-03 +9.060062e+01 +2.436037e+03
    233 +1.200000e-02 +5.000000e-03 +9.090305e+01 +2.454183e+03
    234 +1.200000e-02 +5.000000e-03 +9.090305e+01 +2.454183e+03
    235 +1.100000e-02 +5.000000e-03 +9.097803e+01 +2.458682e+03
    236 +1.000000e-02 +5.000000e-03 +9.083638e+01 +2.450183e+03
    237 +1.000000e-02 +5.000000e-03 +9.083638e+01 +2.450183e+03
    238 +1.000000e-02 +6.024419e-03 +9.040160e+01 +2.424096e+03
    239 +1.000000e-02 +7.048839e-03 +8.999949e+01 +2.399970e+03
    240 +1.000000e-02 +8.073258e-03 +8.962049e+01 +2.377229e+03
    241 +1.000000e-02 +9.097678e-03 +8.926596e+01 +2.355958e+03
    242 +1.000000e-02 +1.012210e-02 +8.893606e+01 +2.336163e+03
    243 +1.000000e-02 +1.114652e-02 +8.863063e+01 +2.317838e+03
    244 +1.000000e-02 +1.217094e-02 +8.834951e+01 +2.300971e+03
    245 +1.000000e-02 +1.319536e-02 +8.809253e+01 +2.285552e+03
    246 +1.000000e-02 +1.421977e-02 +8.785953e+01 +2.271572e+03
    247 +1.000000e-02 +1.524419e-02 +8.765035e+01 +2.259021e+03
    248 +1.000000e-02 +1.626861e-02 +8.746488e+01 +2.247893e+03
    249 +1.000000e-02 +1.729303e-02 +8.730296e+01 +2.238178e+03
    250 +1.000000e-02 +1.831745e-02 +8.716434e+01 +2.229861e+03
    251 +1.000000e-02 +1.934187e-02 +8.704881e+01 +2.222929e+03
    252 +1.000000e-02 +2.036629e-02 +8.695634e+01 +2.217380e+03
    253 +1.000000e-02 +2.139071e-02 +8.688693e+01 +2.213216e+03
    254 +1.000000e-02 +2.241513e-02 +8.684051e+01 +2.210431e+03
    255 +1.000000e-02 +2.343955e-02 +8.681775e+01 +2.209065e+03
    256 +1.000000e-02 +2.343955e-02 +8.681775e+01 +2.209065e+03
    257 +9.000000e-03 +2.343955e-02 +8.681766e+01 +2.209060e+03
    258 +9.000000e-03 +2.343955e-02 +8.681766e+01 +2.209060e+03
    259 +9.000000e-03 +2.241513e-02 +8.684044e+01 +2.210426e+03
    260 +9.000000e-03 +2.139071e-02 +8.688686e+01 +2.213212e+03
    261 +9.000000e-03 +2.036629e-02 +8.695626e+01 +2.217376e+03
    262 +9.000000e-03 +1.934187e-02 +8.704871e+01 +2.222923e+03
    263 +9.000000e-03 +1.831745e-02 +8.716423e+01 +2.229854e+03
    264 +9.000000e-03 +1.729303e-02 +8.730290e+01 +2.238174e+03
    265 +9.000000e-03 +1.626861e-02 +8.746488e+01 +2.247893e+03
    266 +9.000000e-03 +1.524419e-02 +8.765037e+01 +2.259022e+03
    267 +9.000000e-03 +1.421977e-02 +8.785955e+01 +2.271573e+03
    268 +9.000000e-03 +1.319536e-02 +8.809256e+01 +2.285553e+03
    269 +9.000000e-03 +1.217094e-02 +8.834954e+01 +2.300972e+03
    270 +9.000000e-03 +1.114652e-02 +8.863065e+01 +2.317839e+03
    271 +9.000000e-03 +1.012210e-02 +8.893608e+01 +2.336165e+03
    272 +9.000000e-03 +9.097678e-03 +8.926599e+01 +2.355959e+03
    273 +9.000000e-03 +8.073258e-03 +8.962052e+01 +2.377231e+03
    274 +9.000000e-03 +7.048839e-03 +8.999959e+01 +2.399976e+03
    275 +9.000000e-03 +6.024419e-03 +9.040189e+01 +2.424114e+03
    276 +9.000000e-03 +5.000000e-03 +9.083771e+01 +2.450262e+03
    277 +9.000000e-03 +5.000000e-03 +9.083771e+01 +2.450262e+03
    278 +8.000000e-03 +5.000000e-03 +9.098108e+01 +2.458865e+03
    279 +7.000000e-03 +5.000000e-03 +9.087660e+01 +2.452596e+03
    280 +7.000000e-03 +5.000000e-03 +9.087660e+01 +2.452596e+03
    281 +7.000000e-03 +5.995670e-03 +9.045356e+01 +2.427214e+03
    282 +7.000000e-03 +6.991341e-03 +9.005208e+01 +2.403125e+03
    283 +7.000000e-03 +7.987011e-03 +8.967239e+01 +2.380343e+03
    284 +7.000000e-03 +8.982681e-03 +8.931598e+01 +2.358959e+03
    285 +7.000000e-03 +9.978351e-03 +8.898292e+01 +2.338975e+03
    286 +7.000000e-03 +1.097402e-02 +8.867305e+01 +2.320383e+03
    287 +7.000000e-03 +1.196969e-02 +8.838617e+01 +2.303170e+03
    288 +7.000000e-03 +1.296536e-02 +8.812198e+01 +2.287319e+03
    289 +7.000000e-03 +1.396103e-02 +8.788028e+01 +2.272817e+03
    290 +7.000000e-03 +1.495670e-02 +8.766090e+01 +2.259654e+03
    291 +7.000000e-03 +1.595237e-02 +8.746376e+01 +2.247826e+03
    292 +7.000000e-03 +1.694804e-02 +8.728878e+01 +2.237327e+03
    293 +7.000000e-03 +1.794371e-02 +8.713586e+01 +2.228152e+03
    294 +7.000000e-03 +1.893938e-02 +8.700493e+01 +2.220296e+03
    295 +7.000000e-03 +1.993505e-02 +8.689589e+01 +2.213753e+03
    296 +7.000000e-03 +2.093072e-02 +8.680869e+01 +2.208521e+03
    297 +7.000000e-03 +2.192639e-02 +8.674325e+01 +2.204595e+03
    298 +7.000000e-03 +2.292206e-02 +8.669948e+01 +2.201969e+03
    299 +7.000000e-03 +2.391773e-02 +8.667801e+01 +2.200681e+03
    300 +7.000000e-03 +2.391773e-02 +8.667801e+01 +2.200681e+03
    301 +6.000000e-03 +2.391773e-02 +8.667794e+01 +2.200676e+03
    302 +6.000000e-03 +2.391773e-02 +8.667794e+01 +2.200676e+03
    303 +6.000000e-03 +2.292206e-02 +8.669953e+01 +2.201972e+03
    304 +6.000000e-03 +2.192639e-02 +8.674333e+01 +2.204600e+03
    305 +6.000000e-03 +2.093072e-02 +8.680877e+01 +2.208526e+03
    306 +6.000000e-03 +1.993505e-02 +8.689597e+01 +2.213758e+03
    307 +6.000000e-03 +1.893938e-02 +8.700501e+01 +2.220300e+03
    308 +6.000000e-03 +1.794371e-02 +8.713594e+01 +2.228157e+03
    309 +6.000000e-03 +1.694804e-02 +8.728886e+01 +2.237332e+03
    310 +6.000000e-03 +1.595237e-02 +8.746385e+01 +2.247831e+03
    311 +6.000000e-03 +1.495670e-02 +8.766101e+01 +2.259661e+03
    312 +6.000000e-03 +1.396103e-02 +8.788041e+01 +2.272825e+03
    313 +6.000000e-03 +1.296536e-02 +8.812213e+01 +2.287328e+03
    314 +6.000000e-03 +1.196969e-02 +8.838626e+01 +2.303176e+03
    315 +6.000000e-03 +1.097402e-02 +8.867309e+01 +2.320385e+03
    316 +6.000000e-03 +9.978351e-03 +8.898293e+01 +2.338976e+03
    317 +6.000000e-03 +8.982681e-03 +8.931598e+01 +2.358959e+03
    318 +6.000000e-03 +7.987011e-03 +8.967235e+01 +2.380341e+03
    319 +6.000000e-03 +6.991341e-03 +9.005187e+01 +2.403112e+03
    320 +6.000000e-03 +5.995670e-03 +9.045350e+01 +2.427210e+03
    321 +6.000000e-03 +5.000000e-03 +9.090013e+01 +2.454008e+03
    322 +6.000000e-03 +5.000000e-03 +9.090013e+01 +2.454008e+03
    323 +5.000000e-03 +5.000000e-03 +9.109984e+01 +2.465991e+03
    324 +4.000000e-03 +5.000000e-03 +9.111370e+01 +2.466822e+03
    325 +4.000000e-03 +5.000000e-03 +9.111370e+01 +2.466822e+03
    326 +4.000000e-03 +6.002154e-03 +9.095469e+01 +2.457282e+03
    327 +4.000000e-03 +7.004308e-03 +9.080950e+01 +2.448570e+03
    328 +4.000000e-03 +8.006462e-03 +9.068734e+01 +2.441240e+03
    329 +4.000000e-03 +9.008617e-03 +9.058926e+01 +2.435355e+03
    330 +4.000000e-03 +1.001077e-02 +9.051533e+01 +2.430920e+03
    331 +4.000000e-03 +1.101292e-02 +9.046552e+01 +2.427931e+03
    332 +4.000000e-03 +1.201508e-02 +9.044059e+01 +2.426436e+03
    333 +4.000000e-03 +1.201508e-02 +9.044059e+01 +2.426436e+03
    334 +3.000000e-03 +1.201508e-02 +9.044084e+01 +2.426450e+03
    335 +3.000000e-03 +1.201508e-02 +9.044084e+01 +2.426450e+03
    336 +3.000000e-03 +1.101292e-02 +9.046563e+01 +2.427938e+03
    337 +3.000000e-03 +1.001077e-02 +9.051544e+01 +2.430926e+03
    338 +3.000000e-03 +9.008617e-03 +9.058935e+01 +2.435361e+03
    339 +3.000000e-03 +8.006462e-03 +9.068739e+01 +2.441244e+03
    340 +3.000000e-03 +7.004308e-03 +9.080936e+01 +2.448562e+03
    341 +3.000000e-03 +6.002154e-03 +9.095459e+01 +2.457276e+03
    342 +3.000000e-03 +5.000000e-03 +9.113537e+01 +2.468122e+03
    343 +3.000000e-03 +5.000000e-03 +9.113537e+01 +2.468122e+03
    344 +2.000000e-03 +5.000000e-03 +9.120935e+01 +2.472561e+03
    345 +1.000000e-03 +5.000000e-03 +9.115893e+01 +2.469536e+03
    346 +1.000000e-03 +5.000000e-03 +9.115893e+01 +2.469536e+03
    347 +1.000000e-03 +6.013994e-03 +9.098749e+01 +2.459249e+03
    348 +1.000000e-03 +7.027988e-03 +9.084344e+01 +2.450606e+03
    349 +1.000000e-03 +8.041983e-03 +9.071235e+01 +2.442741e+03
    350 +1.000000e-03 +9.055977e-03 +9.059387e+01 +2.435632e+03
    351 +1.000000e-03 +1.006997e-02 +9.048803e+01 +2.429282e+03
    352 +1.000000e-03 +1.108397e-02 +9.039484e+01 +2.423691e+03
    353 +1.000000e-03 +1.209796e-02 +9.031425e+01 +2.418855e+03
    354 +1.000000e-03 +1.311195e-02 +9.024603e+01 +2.414762e+03
    355 +1.000000e-03 +1.412595e-02 +9.019004e+01 +2.411403e+03
    356 +1.000000e-03 +1.513994e-02 +9.014632e+01 +2.408779e+03
    357 +1.000000e-03 +1.615394e-02 +9.011488e+01 +2.406893e+03
    358 +1.000000e-03 +1.716793e-02 +9.009612e+01 +2.405767e+03
    359 +1.000000e-03 +1.716793e-02 +9.009612e+01 +2.405767e+03
    360 +0.000000e+00 +1.716793e-02 +9.010226e+01 +2.406136e+03
    361 +0.000000e+00 +1.716793e-02 +9.010226e+01 +0.000000e+00
    362 +0.000000e+00 +1.615805e-02 +9.012085e+01 +0.000000e+00
    363 +0.000000e+00 +1.514817e-02 +9.015207e+01 +0.000000e+00
    364 +0.000000e+00 +1.413830e-02 +9.019547e+01 +0.000000e+00
    365 +0.000000e+00 +1.312842e-02 +9.025105e+01 +0.000000e+00
    366 +0.000000e+00 +1.211854e-02 +9.031883e+01 +0.000000e+00
    367 +0.000000e+00 +1.110866e-02 +9.039891e+01 +0.000000e+00
    368 +0.000000e+00 +1.009878e-02 +9.049144e+01 +0.000000e+00
    369 +0.000000e+00 +9.088904e-03 +9.059649e+01 +0.000000e+00
    370 +0.000000e+00 +8.079026e-03 +9.071406e+01 +0.000000e+00
    371 +0.000000e+00 +7.069148e-03 +9.084405e+01 +0.000000e+00
    372 +0.000000e+00 +6.059269e-03 +9.098539e+01 +0.000000e+00
    373 +0.000000e+00 +5.049391e-03 +9.112794e+01 +0.000000e+00
    374 +0.000000e+00 +4.039513e-03 +9.124682e+01 +0.000000e+00
    375 +0.000000e+00 +3.029635e-03 +9.135041e+01 +0.000000e+00
    376 +0.000000e+00 +2.019756e-03 +9.145439e+01 +0.000000e+00
    377 +0.000000e+00 +1.009878e-03 +9.156326e+01 +0.000000e+00
    378 +0.000000e+00 +0.000000e+00 +9.167808e+01 +0.000000e+00

%_intp_ ______x1_____ ______x2_____ ______T______ _____qx1_____ _____qx2_____
      1 +1.400000e-02 +5.000000e-04 +9.147444e+01 -1.150324e+03 +2.353900e+04
      2 +1.400000e-02 +6.379310e-04 +9.145818e+01 -1.146753e+03 +2.360937e+04
      3 +1.400000e-02 +7.758621e-04 +9.144188e+01 -1.142167e+03 +2.367830e+04
      4 +1.400000e-02 +9.137931e-04 +9.142552e+01 -1.136345e+03 +2.374642e+04
      5 +1.400000e-02 +1.051724e-03 +9.140912e+01 -1.129020e+03 +2.381390e+04
      6 +1.400000e-02 +1.189655e-03 +9.139268e+01 -1.119880e+03 +2.388070e+04
      7 +1.400000e-02 +1.327586e-03 +9.137618e+01 -1.108555e+03 +2.394666e+04
      8 +1.400000e-02 +1.465517e-03 +9.135965e+01 -1.094610e+03 +2.401152e+04
      9 +1.400000e-02 +1.603448e-03 +9.134306e+01 -1.077542e+03 +2.407493e+04
     10 +1.400000e-02 +1.741379e-03 +9.132644e+01 -1.056763e+03 +2.413637e+04
     11 +1.400000e-02 +1.879310e-03 +9.130977e+01 -1.031596e+03 +2.419518e+04
     12 +1.400000e-02 +2.017241e-03 +9.129307e+01 -1.001259e+03 +2.425047e+04
     13 +1.400000e-02 +2.155172e-03 +9.127633e+01 -9.648556e+02 +2.430104e+04
     14 +1.400000e-02 +2.293103e-03 +9.125955e+01 -9.213583e+02 +2.434529e+04
     15 +1.400000e-02 +2.431034e-03 +9.124275e+01 -8.695952e+02 +2.438108e+04
     16 +1.400000e-02 +2.568966e-03 +9.122592e+01 -8.082345e+02 +2.440556e+04
     17 +1.400000e-02 +2.706897e-03 +9.120909e+01 -7.357702e+02 +2.441495e+04
     18 +1.400000e-02 +2.844828e-03 +9.119225e+01 -6.505095e+02 +2.440418e+04
     19 +1.400000e-02 +2.982759e-03 +9.117543e+01 -5.505656e+02 +2.436653e+04
     20 +1.400000e-02 +3.120690e-03 +9.115865e+01 -4.338584e+02 +2.429304e+04
     21 +1.400000e-02 +3.258621e-03 +9.114194e+01 -2.981305e+02 +2.417185e+04
     22 +1.400000e-02 +3.396552e-03 +9.112533e+01 -1.409873e+02 +2.398722e+04
     23 +1.400000e-02 +3.534483e-03 +9.110887e+01 +4.002496e+01 +2.371833e+04
     24 +1.400000e-02 +3.672414e-03 +9.109264e+01 +2.472821e+02 +2.333774e+04
     25 +1.400000e-02 +3.810345e-03 +9.107671e+01 +4.828592e+02 +2.280941e+04
     26 +1.400000e-02 +3.948276e-03 +9.106122e+01 +7.481852e+02 +2.208616e+04
     27 +1.400000e-02 +4.086207e-03 +9.104631e+01 +1.043536e+03 +2.110641e+04
     28 +1.400000e-02 +4.224138e-03 +9.103219e+01 +1.367340e+03 +1.978968e+04
     29 +1.400000e-02 +4.362069e-03 +9.101912e+01 +1.715330e+03 +1.802898e+04
     30 +1.400000e-02 +4.500000e-03 +9.100745e+01 +2.079690e+03 +1.567399e+04

