%_node_ ______x1_____ ______x2_____ ______T______ ______q______
      1 +0.000000e+00 +0.000000e+00 +9.482129e+01 -2.329200e+04
      2 +1.000000e-03 +0.000000e+00 +9.482343e+01 -2.329200e+04
      3 +2.000000e-03 +0.000000e+00 +9.483052e+01 -2.329200e+04
      4 +3.000000e-03 +0.000000e+00 +9.484273e+01 -2.329200e+04
      5 +4.000000e-03 +0.000000e+00 +9.486054e+01 -2.329200e+04
      6 +5.000000e-03 +0.000000e+00 +9.488411e+01 -2.329200e+04
      7 +6.000000e-03 +0.000000e+00 +9.491319e+01 -2.329200e+04
      8 +7.000000e-03 +0.000000e+00 +9.494720e+01 -2.329200e+04
      9 +8.000000e-03 +0.000000e+00 +9.498529e+01 -2.329200e+04
     10 +9.000000e-03 +0.000000e+00 +9.502635e+01 -2.329200e+04
     11 +1.000000e-02 +0.000000e+00 +9.506914e+01 -2.329200e+04
     12 +1.100000e-02 +0.000000e+00 +9.511221e+01 -2.329200e+04
     13 +1.200000e-02 +0.000000e+00 +9.515407e+01 -2.329200e+04
     14 +1.300000e-02 +0.000000e+00 +9.519361e+01 -2.329200e+04
     15 +1.400000e-02 +0.000000e+00 +9.523032e+01 -2.329200e+04
     16 +1.500000e-02 +0.000000e+00 +9.526431e+01 -2.329200e+04
     17 +1.600000e-02 +0.000000e+00 +9.529595e+01 -2.329200e+04
     18 +1.700000e-02 +0.000000e+00 +9.532544e+01 -2.329200e+04
     19 +1.800000e-02 +0.000000e+00 +9.535272e+01 -2.329200e+04
     20 +1.900000e-02 +0.000000e+00 +9.537750e+01 -2.329200e+04
     21 +2.000000e-02 +0.000000e+00 +9.539945e+01 -2.329200e+04
     22 +2.100000e-02 +0.000000e+00 +9.541832e+01 -2.329200e+04
     23 +2.200000e-02 +0.000000e+00 +9.543412e+01 -2.329200e+04
     24 +2.300000e-02 +0.000000e+00 +9.544724e+01 -2.329200e+04
     25 +2.400000e-02 +0.000000e+00 +9.545821e+01 -2.329200e+04
     26 +2.500000e-02 +0.000000e+00 +9.546744e+01 -2.329200e+04
     27 +2.600000e-02 +0.000000e+00 +9.547477e+01 -2.329200e+04
     28 +2.700000e-02 +0.000000e+00 +9.547959e+01 -2.329200e+04
     29 +2.800000e-02 +0.000000e+00 +9.548115e+01 -2.329200e+04
     30 +2.800000e-02 +0.000000e+00 +9.548115e+01 +0.000000e+00
     31 +2.800000e-02 +9.789365e-04 +9.536873e+01 +0.000000e+00
     32 +2.800000e-02 +1.957873e-03 +9.525991e+01 +0.000000e+00
     33 +2.800000e-02 +2.936810e-03 +9.515510e+01 +0.000000e+00
     34 +2.800000e-02 +3.915746e-03 +9.505362e+01 +0.000000e+00
     35 +2.800000e-02 +4.894683e-03 +9.494733e+01 +0.000000e+00
     36 +2.800000e-02 +5.873619e-03 +9.482556e+01 +0.000000e+00
     37 +2.800000e-02 +6.852556e-03 +9.470405e+01 +0.000000e+00
     38 +2.800000e-02 +7.831492e-03 +9.459352e+01 +0.000000e+00
     39 +2.800000e-02 +8.810429e-03 +9.449562e+01 +0.000000e+00
     40 +2.800000e-02 +9.789365e-03 +9.441060e+01 +0.000000e+00
     41 +2.800000e-02 +1.076830e-02 +9.433852e+01 +0.000000e+00
     42 +2.800000e-02 +1.174724e-02 +9.427936e+01 +0.000000e+00
     43 +2.800000e-02 +1.272617e-02 +9.423311e+01 +0.000000e+00
     44 +2.800000e-02 +1.370511e-02 +9.419974e+01 +0.000000e+00
     45 +2.800000e-02 +1.468405e-02 +9.417980e+01 +0.000000e+00
     46 +2.800000e-02 +1.468405e-02 +9.417980e+01 +2.650788e+03
     47 +2.700000e-02 +1.468405e-02 +9.417279e+01 +2.650367e+03
     48 +2.700000e-02 +1.468405e-02 +9.417279e+01 +2.650367e+03
     49 +2.700000e-02 +1.371564e-02 +9.419265e+01 +2.651559e+03
     50 +2.700000e-02 +1.274724e-02 +9.422546e+01 +2.653528e+03
     51 +2.700000e-02 +1.177883e-02 +9.427087e+01 +2.656252e+03
     52 +2.700000e-02 +1.081043e-02 +9.432890e+01 +2.659734e+03
     53 +2.700000e-02 +9.842024e-03 +9.439958e+01 +2.663975e+03
     54 +2.700000e-02 +8.873619e-03 +9.448291e+01 +2.668975e+03
     55 +2.700000e-02 +7.905214e-03 +9.457890e+01 +2.674734e+03
     56 +2.700000e-02 +6.936810e-03 +9.468752e+01 +2.681251e+03
     57 +2.700000e-02 +5.968405e-03 +9.480901e+01 +2.688541e+03
     58 +2.700000e-02 +5.000000e-03 +9.495347e+01 +2.697208e+03
     59 +2.700000e-02 +5.000000e-03 +9.495347e+01 +2.697208e+03
     60 +2.600000e-02 +5.000000e-03 +9.497977e+01 +2.698786e+03
     61 +2.500000e-02 +5.000000e-03 +9.484190e+01 +2.690514e+03
     62 +2.500000e-02 +5.000000e-03 +9.484190e+01 +2.690514e+03
     63 +2.500000e-02 +5.991977e-03 +9.448055e+01 +2.668833e+03
     64 +2.500000e-02 +6.983954e-03 +9.415687e+01 +2.649412e+03
     65 +2.500000e-02 +7.975931e-03 +9.385769e+01 +2.631461e+03
     66 +2.500000e-02 +8.967908e-03 +9.358387e+01 +2.615032e+03
     67 +2.500000e-02 +9.959885e-03 +9.333552e+01 +2.600131e+03
     68 +2.500000e-02 +1.095186e-02 +9.311254e+01 +2.586752e+03
     69 +2.500000e-02 +1.194384e-02 +9.291482e+01 +2.574889e+03
     70 +2.500000e-02 +1.293582e-02 +9.274219e+01 +2.564531e+03
     71 +2.500000e-02 +1.392779e-02 +9.259446e+01 +2.555667e+03
     72 +2.500000e-02 +1.491977e-02 +9.247138e+01 +2.548283e+03
     73 +2.500000e-02 +1.591175e-02 +9.237274e+01 +2.542365e+03
     74 +2.500000e-02 +1.690372e-02 +9.229849e+01 +2.537910e+03
     75 +2.500000e-02 +1.789570e-02 +9.224861e+01 +2.534916e+03
     76 +2.500000e-02 +1.888768e-02 +9.222393e+01 +2.533436e+03
     77 +2.500000e-02 +1.888768e-02 +9.222393e+01 +2.533436e+03
     78 +2.400000e-02 +1.888768e-02 +9.222392e+01 +2.533435e+03
     79 +2.400000e-02 +1.888768e-02 +9.222392e+01 +2.533435e+03
     80 +2.400000e-02 +1.789570e-02 +9.224860e+01 +2.534916e+03
     81 +2.400000e-02 +1.690372e-02 +9.229847e+01 +2.537908e+03
     82 +2.400000e-02 +1.591175e-02 +9.237271e+01 +2.542363e+03
     83 +2.400000e-02 +1.491977e-02 +9.247136e+01 +2.548282e+03
     84 +2.400000e-02 +1.392779e-02 +9.259444e+01 +2.555667e+03
     85 +2.400000e-02 +1.293582e-02 +9.274210e+01 +2.564526e+03
     86 +2.400000e-02 +1.194384e-02 +9.291467e+01 +2.574880e+03
     87 +2.400000e-02 +1.095186e-02 +9.311238e+01 +2.586743e+03
     88 +2.400000e-02 +9.959885e-03 +9.333535e+01 +2.600121e+03
     89 +2.400000e-02 +8.967908e-03 +9.358371e+01 +2.615023e+03
     90 +2.400000e-02 +7.975931e-03 +9.385754e+01 +2.631453e+03
     91 +2.400000e-02 +6.983954e-03 +9.415680e+01 +2.649408e+03
     92 +2.400000e-02 +5.991977e-03 +9.448046e+01 +2.668827e+03
     93 +2.400000e-02 +5.000000e-03 +9.483474e+01 +2.690085e+03
     94 +2.400000e-02 +5.000000e-03 +9.483474e+01 +2.690085e+03
     95 +2.300000e-02 +5.000000e-03 +9.494467e+01 +2.696680e+03
     96 +2.200000e-02 +5.000000e-03 +9.487721e+01 +2.692633e+03
     97 +2.200000e-02 +5.000000e-03 +9.487721e+01 +2.692633e+03
     98 +2.200000e-02 +6.046950e-03 +9.464141e+01 +2.678484e+03
     99 +2.200000e-02 +7.093900e-03 +9.443984e+01 +2.666390e+03
    100 +2.200000e-02 +8.140850e-03 +9.426611e+01 +2.655966e+03
    101 +2.200000e-02 +9.187800e-03 +9.412110e+01 +2.647266e+03
    102 +2.200000e-02 +1.023475e-02 +9.400494e+01 +2.640296e+03
    103 +2.200000e-02 +1.128170e-02 +9.391759e+01 +2.635055e+03
    104 +2.200000e-02 +1.232865e-02 +9.385897e+01 +2.631538e+03
    105 +2.200000e-02 +1.337560e-02 +9.382993e+01 +2.629796e+03
    106 +2.200000e-02 +1.337560e-02 +9.382993e+01 +2.629796e+03
    107 +2.100000e-02 +1.337560e-02 +9.382993e+01 +2.629796e+03
    108 +2.100000e-02 +1.337560e-02 +9.382993e+01 +2.629796e+03
    109 +2.100000e-02 +1.232865e-02 +9.385895e+01 +2.631537e+03
    110 +2.100000e-02 +1.128170e-02 +9.391757e+01 +2.635054e+03
    111 +2.100000e-02 +1.023475e-02 +9.400492e+01 +2.640295e+03
    112 +2.100000e-02 +9.187800e-03 +9.412108e+01 +2.647265e+03
    113 +2.100000e-02 +8.140850e-03 +9.426608e+01 +2.655965e+03
    114 +2.100000e-02 +7.093900e-03 +9.443979e+01 +2.666387e+03
    115 +2.100000e-02 +6.046950e-03 +9.464115e+01 +2.678469e+03
    116 +2.100000e-02 +5.000000e-03 +9.487000e+01 +2.692200e+03
    117 +2.100000e-02 +5.000000e-03 +9.487000e+01 +2.692200e+03
    118 +2.000000e-02 +5.000000e-03 +9.491259e+01 +2.694755e+03
    119 +1.900000e-02 +5.000000e-03 +9.479830e+01 +2.687898e+03
    120 +1.900000e-02 +5.000000e-03 +9.479830e+01 +2.687898e+03
    121 +1.900000e-02 +6.017758e-03 +9.451509e+01 +2.670906e+03
    122 +1.900000e-02 +7.035516e-03 +9.427244e+01 +2.656346e+03
    123 +1.900000e-02 +8.053274e-03 +9.405603e+01 +2.643362e+03
    124 +1.900000e-02 +9.071032e-03 +9.386668e+01 +2.632001e+03
    125 +1.900000e-02 +1.008879e-02 +9.370453e+01 +2.622272e+03
    126 +1.900000e-02 +1.110655e-02 +9.356954e+01 +2.614173e+03
    127 +1.900000e-02 +1.212431e-02 +9.346164e+01 +2.607699e+03
    128 +1.900000e-02 +1.314206e-02 +9.338074e+01 +2.602844e+03
    129 +1.900000e-02 +1.415982e-02 +9.332658e+01 +2.599595e+03
    130 +1.900000e-02 +1.517758e-02 +9.329988e+01 +2.597993e+03
    131 +1.900000e-02 +1.517758e-02 +9.329988e+01 +2.597993e+03
    132 +1.800000e-02 +1.517758e-02 +9.329952e+01 +2.597971e+03
    133 +1.800000e-02 +1.517758e-02 +9.329952e+01 +2.597971e+03
    134 +1.800000e-02 +1.415982e-02 +9.332642e+01 +2.599585e+03
    135 +1.800000e-02 +1.314206e-02 +9.338067e+01 +2.602840e+03
    136 +1.800000e-02 +1.212431e-02 +9.346165e+01 +2.607699e+03
    137 +1.800000e-02 +1.110655e-02 +9.356957e+01 +2.614174e+03
    138 +1.800000e-02 +1.008879e-02 +9.370456e+01 +2.622274e+03
    139 +1.800000e-02 +9.071032e-03 +9.386671e+01 +2.632003e+03
    140 +1.800000e-02 +8.053274e-03 +9.405607e+01 +2.643364e+03
    141 +1.800000e-02 +7.035516e-03 +9.427256e+01 +2.656353e+03
    142 +1.800000e-02 +6.017758e-03 +9.451500e+01 +2.670900e+03
    143 +1.800000e-02 +5.000000e-03 +9.477995e+01 +2.686797e+03
    144 +1.800000e-02 +5.000000e-03 +9.477995e+01 +2.686797e+03
    145 +1.700000e-02 +5.000000e-03 +9.482332e+01 +2.689399e+03
    146 +1.600000e-02 +5.000000e-03 +9.468905e+01 +2.681343e+03
    147 +1.600000e-02 +5.000000e-03 +9.468905e+01 +2.681343e+03
    148 +1.600000e-02 +6.000267e-03 +9.436514e+01 +2.661909e+03
    149 +1.600000e-02 +7.000533e-03 +9.408240e+01 +2.644944e+03
    150 +1.600000e-02 +8.000800e-03 +9.382495e+01 +2.629497e+03
    151 +1.600000e-02 +9.001067e-03 +9.359358e+01 +2.615615e+03
    152 +1.600000e-02 +1.000133e-02 +9.338840e+01 +2.603304e+03
    153 +1.600000e-02 +1.100160e-02 +9.320933e+01 +2.592560e+03
    154 +1.600000e-02 +1.200187e-02 +9.305623e+01 +2.583374e+03
    155 +1.600000e-02 +1.300213e-02 +9.292890e+01 +2.575734e+03
    156 +1.600000e-02 +1.400240e-02 +9.282716e+01 +2.569629e+03
    157 +1.600000e-02 +1.500267e-02 +9.275085e+01 +2.565051e+03
    158 +1.600000e-02 +1.600293e-02 +9.269975e+01 +2.561985e+03
    159 +1.600000e-02 +1.700320e-02 +9.267455e+01 +2.560473e+03
    160 +1.600000e-02 +1.700320e-02 +9.267455e+01 +2.560473e+03
    161 +1.500000e-02 +1.700320e-02 +9.267436e+01 +2.560461e+03
    162 +1.500000e-02 +1.700320e-02 +9.267436e+01 +2.560461e+03
    163 +1.500000e-02 +1.600293e-02 +9.269967e+01 +2.561980e+03
    164 +1.500000e-02 +1.500267e-02 +9.275087e+01 +2.565052e+03
    165 +1.500000e-02 +1.400240e-02 +9.282728e+01 +2.569637e+03
    166 +1.500000e-02 +1.300213e-02 +9.292903e+01 +2.575742e+03
    167 +1.500000e-02 +1.200187e-02 +9.305628e+01 +2.583377e+03
    168 +1.500000e-02 +1.100160e-02 +9.320932e+01 +2.592559e+03
    169 +1.500000e-02 +1.000133e-02 +9.338838e+01 +2.603303e+03
    170 +1.500000e-02 +9.001067e-03 +9.359356e+01 +2.615614e+03
    171 +1.500000e-02 +8.000800e-03 +9.382492e+01 +2.629495e+03
    172 +1.500000e-02 +7.000533e-03 +9.408235e+01 +2.644941e+03
    173 +1.500000e-02 +6.000267e-03 +9.436465e+01 +2.661879e+03
    174 +1.500000e-02 +5.000000e-03 +9.467102e+01 +2.680261e+03
    175 +1.500000e-02 +5.000000e-03 +9.467102e+01 +2.680261e+03
    176 +1.400000e-02 +5.000000e-03 +9.473947e+01 +2.684368e+03
    177 +1.300000e-02 +5.000000e-03 +9.464675e+01 +2.678805e+03
    178 +1.300000e-02 +5.000000e-03 +9.464675e+01 +2.678805e+03
    179 +1.300000e-02 +6.059225e-03 +9.442713e+01 +2.665628e+03
    180 +1.300000e-02 +7.118449e-03 +9.425101e+01 +2.655061e+03
    181 +1.300000e-02 +8.177674e-03 +9.410330e+01 +2.646198e+03
    182 +1.300000e-02 +9.236898e-03 +9.398478e+01 +2.639087e+03
    183 +1.300000e-02 +1.029612e-02 +9.389561e+01 +2.633737e+03
    184 +1.300000e-02 +1.135535e-02 +9.383576e+01 +2.630146e+03
    185 +1.300000e-02 +1.241457e-02 +9.380607e+01 +2.628364e+03
    186 +1.300000e-02 +1.241457e-02 +9.380607e+01 +2.628364e+03
    187 +1.200000e-02 +1.241457e-02 +9.380612e+01 +2.628367e+03
    188 +1.200000e-02 +1.241457e-02 +9.380612e+01 +2.628367e+03
    189 +1.200000e-02 +1.135535e-02 +9.383578e+01 +2.630147e+03
    190 +1.200000e-02 +1.029612e-02 +9.389563e+01 +2.633738e+03
    191 +1.200000e-02 +9.236898e-03 +9.398480e+01 +2.639088e+03
    192 +1.200000e-02 +8.177674e-03 +9.410333e+01 +2.646200e+03
    193 +1.200000e-02 +7.118449e-03 +9.425112e+01 +2.655067e+03
    194 +1.200000e-02 +6.059225e-03 +9.442698e+01 +2.665619e+03
    195 +1.200000e-02 +5.000000e-03 +9.461950e+01 +2.677170e+03
    196 +1.200000e-02 +5.000000e-03 +9.461950e+01 +2.677170e+03
    197 +1.100000e-02 +5.000000e-03 +9.460869e+01 +2.676521e+03
    198 +1.000000e-02 +5.000000e-03 +9.442598e+01 +2.665559e+03
    199 +1.000000e-02 +5.000000e-03 +9.442598e+01 +2.665559e+03
    200 +1.000000e-02 +5.967315e-03 +9.406732e+01 +2.644039e+03
    201 +1.000000e-02 +6.934631e-03 +9.375734e+01 +2.625441e+03
    202 +1.000000e-02 +7.901946e-03 +9.347072e+01 +2.608243e+03
    203 +1.000000e-02 +8.869262e-03 +9.320818e+01 +2.592491e+03
    204 +1.000000e-02 +9.836577e-03 +9.296994e+01 +2.578196e+03
    205 +1.000000e-02 +1.080389e-02 +9.275594e+01 +2.565356e+03
    206 +1.000000e-02 +1.177121e-02 +9.256608e+01 +2.553965e+03
    207 +1.000000e-02 +1.273852e-02 +9.240018e+01 +2.544011e+03
    208 +1.000000e-02 +1.370584e-02 +9.225794e+01 +2.535477e+03
    209 +1.000000e-02 +1.467315e-02 +9.213922e+01 +2.528353e+03
    210 +1.000000e-02 +1.564047e-02 +9.204400e+01 +2.522640e+03
    211 +1.000000e-02 +1.660779e-02 +9.197228e+01 +2.518337e+03
    212 +1.000000e-02 +1.757510e-02 +9.192398e+01 +2.515439e+03
    213 +1.000000e-02 +1.854242e-02 +9.189999e+01 +2.514000e+03
    214 +1.000000e-02 +1.854242e-02 +9.189999e+01 +2.514000e+03
    215 +9.000000e-03 +1.854242e-02 +9.189966e+01 +2.513979e+03
    216 +9.000000e-03 +1.854242e-02 +9.189966e+01 +2.513979e+03
    217 +9.000000e-03 +1.757510e-02 +9.192384e+01 +2.515430e+03
    218 +9.000000e-03 +1.660779e-02 +9.197216e+01 +2.518330e+03
    219 +9.000000e-03 +1.564047e-02 +9.204389e+01 +2.522633e+03
    220 +9.000000e-03 +1.467315e-02 +9.213909e+01 +2.528345e+03
    221 +9.000000e-03 +1.370584e-02 +9.225779e+01 +2.535468e+03
    222 +9.000000e-03 +1.273852e-02 +9.240007e+01 +2.544004e+03
    223 +9.000000e-03 +1.177121e-02 +9.256605e+01 +2.553963e+03
    224 +9.000000e-03 +1.080389e-02 +9.275596e+01 +2.565357e+03
    225 +9.000000e-03 +9.836577e-03 +9.296997e+01 +2.578198e+03
    226 +9.000000e-03 +8.869262e-03 +9.320822e+01 +2.592493e+03
    227 +9.000000e-03 +7.901946e-03 +9.347079e+01 +2.608247e+03
    228 +9.000000e-03 +6.934631e-03 +9.375755e+01 +2.625453e+03
    229 +9.000000e-03 +5.967315e-03 +9.406687e+01 +2.644012e+03
    230 +9.000000e-03 +5.000000e-03 +9.439053e+01 +2.663432e+03
    231 +9.000000e-03 +5.000000e-03 +9.439053e+01 +2.663432e+03
    232 +8.000000e-03 +5.000000e-03 +9.443511e+01 +2.666107e+03
    233 +7.000000e-03 +5.000000e-03 +9.426010e+01 +2.655606e+03
    234 +7.000000e-03 +5.000000e-03 +9.426010e+01 +2.655606e+03
    235 +7.000000e-03 +6.021747e-03 +9.384912e+01 +2.630947e+03
    236 +7.000000e-03 +7.043493e-03 +9.348455e+01 +2.609073e+03
    237 +7.000000e-03 +8.065240e-03 +9.314534e+01 +2.588720e+03
    238 +7.000000e-03 +9.086986e-03 +9.283262e+01 +2.569957e+03
    239 +7.000000e-03 +1.010873e-02 +9.254655e+01 +2.552793e+03
    240 +7.000000e-03 +1.113048e-02 +9.228704e+01 +2.537222e+03
    241 +7.000000e-03 +1.215223e-02 +9.205393e+01 +2.523236e+03
    242 +7.000000e-03 +1.317397e-02 +9.184709e+01 +2.510825e+03
    243 +7.000000e-03 +1.419572e-02 +9.166638e+01 +2.499983e+03
    244 +7.000000e-03 +1.521747e-02 +9.151169e+01 +2.490702e+03
    245 +7.000000e-03 +1.623921e-02 +9.138293e+01 +2.482976e+03
    246 +7.000000e-03 +1.726096e-02 +9.128000e+01 +2.476800e+03
    247 +7.000000e-03 +1.828271e-02 +9.120283e+01 +2.472170e+03
    248 +7.000000e-03 +1.930445e-02 +9.115119e+01 +2.469071e+03
    249 +7.000000e-03 +2.032620e-02 +9.112580e+01 +2.467548e+03
    250 +7.000000e-03 +2.032620e-02 +9.112580e+01 +2.467548e+03
    251 +6.000000e-03 +2.032620e-02 +9.112532e+01 +2.467519e+03
    252 +6.000000e-03 +2.032620e-02 +9.112532e+01 +2.467519e+03
    253 +6.000000e-03 +1.930445e-02 +9.115100e+01 +2.469060e+03
    254 +6.000000e-03 +1.828271e-02 +9.120273e+01 +2.472164e+03
    255 +6.000000e-03 +1.726096e-02 +9.127997e+01 +2.476798e+03
    256 +6.000000e-03 +1.623921e-02 +9.138291e+01 +2.482975e+03
    257 +6.000000e-03 +1.521747e-02 +9.151168e+01 +2.490701e+03
    258 +6.000000e-03 +1.419572e-02 +9.166637e+01 +2.499982e+03
    259 +6.000000e-03 +1.317397e-02 +9.184708e+01 +2.510825e+03
    260 +6.000000e-03 +1.215223e-02 +9.205392e+01 +2.523235e+03
    261 +6.000000e-03 +1.113048e-02 +9.228703e+01 +2.537222e+03
    262 +6.000000e-03 +1.010873e-02 +9.254654e+01 +2.552792e+03
    263 +6.000000e-03 +9.086986e-03 +9.283261e+01 +2.569956e+03
    264 +6.000000e-03 +8.065240e-03 +9.314535e+01 +2.588721e+03
    265 +6.000000e-03 +7.043493e-03 +9.348465e+01 +2.609079e+03
    266 +6.000000e-03 +6.021747e-03 +9.384892e+01 +2.630935e+03
    267 +6.000000e-03 +5.000000e-03 +9.423398e+01 +2.654039e+03
    268 +6.000000e-03 +5.000000e-03 +9.423398e+01 +2.654039e+03
    269 +5.000000e-03 +5.000000e-03 +9.430818e+01 +2.658491e+03
    270 +4.000000e-03 +5.000000e-03 +9.413786e+01 +2.648272e+03
    271 +4.000000e-03 +5.000000e-03 +9.413786e+01 +2.648272e+03
    272 +4.000000e-03 +6.006912e-03 +9.367982e+01 +2.620789e+03
    273 +4.000000e-03 +7.013825e-03 +9.326153e+01 +2.595692e+03
    274 +4.000000e-03 +8.020737e-03 +9.286755e+01 +2.572053e+03
    275 +4.000000e-03 +9.027650e-03 +9.249903e+01 +2.549942e+03
    276 +4.000000e-03 +1.003456e-02 +9.215606e+01 +2.529364e+03
    277 +4.000000e-03 +1.104147e-02 +9.183848e+01 +2.510309e+03
    278 +4.000000e-03 +1.204839e-02 +9.154613e+01 +2.492768e+03
    279 +4.000000e-03 +1.305530e-02 +9.127883e+01 +2.476730e+03
    280 +4.000000e-03 +1.406221e-02 +9.103643e+01 +2.462186e+03
    281 +4.000000e-03 +1.506912e-02 +9.081877e+01 +2.449126e+03
    282 +4.000000e-03 +1.607604e-02 +9.062573e+01 +2.437544e+03
    283 +4.000000e-03 +1.708295e-02 +9.045720e+01 +2.427432e+03
    284 +4.000000e-03 +1.808986e-02 +9.031306e+01 +2.418784e+03
    285 +4.000000e-03 +1.909677e-02 +9.019324e+01 +2.411595e+03
    286 +4.000000e-03 +2.010369e-02 +9.009764e+01 +2.405858e+03
    287 +4.000000e-03 +2.111060e-02 +9.002602e+01 +2.401561e+03
    288 +4.000000e-03 +2.211751e-02 +8.997807e+01 +2.398684e+03
    289 +4.000000e-03 +2.312442e-02 +8.995446e+01 +2.397268e+03
    290 +4.000000e-03 +2.312442e-02 +8.995446e+01 +2.397268e+03
    291 +3.000000e-03 +2.312442e-02 +8.995449e+01 +2.397269e+03
    292 +3.000000e-03 +2.312442e-02 +8.995449e+01 +2.397269e+03
    293 +3.000000e-03 +2.211751e-02 +8.997804e+01 +2.398682e+03
    294 +3.000000e-03 +2.111060e-02 +9.002598e+01 +2.401559e+03
    295 +3.000000e-03 +2.010369e-02 +9.009767e+01 +2.405860e+03
    296 +3.000000e-03 +1.909677e-02 +9.019335e+01 +2.411601e+03
    297 +3.000000e-03 +1.808986e-02 +9.031319e+01 +2.418791e+03
    298 +3.000000e-03 +1.708295e-02 +9.045733e+01 +2.427440e+03
    299 +3.000000e-03 +1.607604e-02 +9.062586e+01 +2.437552e+03
    300 +3.000000e-03 +1.506912e-02 +9.081890e+01 +2.449134e+03
    301 +3.000000e-03 +1.406221e-02 +9.103656e+01 +2.462194e+03
    302 +3.000000e-03 +1.305530e-02 +9.127897e+01 +2.476738e+03
    303 +3.000000e-03 +1.204839e-02 +9.154627e+01 +2.492776e+03
    304 +3.000000e-03 +1.104147e-02 +9.183862e+01 +2.510317e+03
    305 +3.000000e-03 +1.003456e-02 +9.215620e+01 +2.529372e+03
    306 +3.000000e-03 +9.027650e-03 +9.249916e+01 +2.549950e+03
    307 +3.000000e-03 +8.020737e-03 +9.286765e+01 +2.572059e+03
    308 +3.000000e-03 +7.013825e-03 +9.326155e+01 +2.595693e+03
    309 +3.000000e-03 +6.006912e-03 +9.367946e+01 +2.620768e+03
    310 +3.000000e-03 +5.000000e-03 +9.412872e+01 +2.647723e+03
    311 +3.000000e-03 +5.000000e-03 +9.412872e+01 +2.647723e+03
    312 +2.000000e-03 +5.000000e-03 +9.426689e+01 +2.656013e+03
    313 +1.000000e-03 +5.000000e-03 +9.418603e+01 +2.651162e+03
    314 +1.000000e-03 +5.000000e-03 +9.418603e+01 +2.651162e+03
    315 +1.000000e-03 +6.010464e-03 +9.393306e+01 +2.635984e+03
    316 +1.000000e-03 +7.020927e-03 +9.371475e+01 +2.622885e+03
    317 +1.000000e-03 +8.031391e-03 +9.351010e+01 +2.610606e+03
    318 +1.000000e-03 +9.041854e-03 +9.331874e+01 +2.599125e+03
    319 +1.000000e-03 +1.005232e-02 +9.314074e+01 +2.588444e+03
    320 +1.000000e-03 +1.106278e-02 +9.297609e+01 +2.578566e+03
    321 +1.000000e-03 +1.207324e-02 +9.282478e+01 +2.569487e+03
    322 +1.000000e-03 +1.308371e-02 +9.268675e+01 +2.561205e+03
    323 +1.000000e-03 +1.409417e-02 +9.256199e+01 +2.553719e+03
    324 +1.000000e-03 +1.510464e-02 +9.245045e+01 +2.547027e+03
    325 +1.000000e-03 +1.611510e-02 +9.235210e+01 +2.541126e+03
    326 +1.000000e-03 +1.712556e-02 +9.226692e+01 +2.536015e+03
    327 +1.000000e-03 +1.813603e-02 +9.219486e+01 +2.531692e+03
    328 +1.000000e-03 +1.914649e-02 +9.213591e+01 +2.528154e+03
    329 +1.000000e-03 +2.015695e-02 +9.209002e+01 +2.525401e+03
    330 +1.000000e-03 +2.116742e-02 +9.205716e+01 +2.523429e+03
    331 +1.000000e-03 +2.217788e-02 +9.203765e+01 +2.522259e+03
    332 +1.000000e-03 +2.217788e-02 +9.203765e+01 +2.522259e+03
    333 +0.000000e+00 +2.217788e-02 +9.204423e+01 +2.522654e+03
    334 +0.000000e+00 +2.217788e-02 +9.204423e+01 +0.000000e+00
    335 +0.000000e+00 +2.116979e-02 +9.206356e+01 +0.000000e+00
    336 +0.000000e+00 +2.016171e-02 +9.209630e+01 +0.000000e+00
    337 +0.000000e+00 +1.915362e-02 +9.214201e+01 +0.000000e+00
    338 +0.000000e+00 +1.814554e-02 +9.220072e+01 +0.000000e+00
    339 +0.000000e+00 +1.713745e-02 +9.227248e+01 +0.000000e+00
    340 +0.000000e+00 +1.612937e-02 +9.235731e+01 +0.000000e+00
    341 +0.000000e+00 +1.512128e-02 +9.245524e+01 +0.000000e+00
    342 +0.000000e+00 +1.411320e-02 +9.256630e+01 +0.000000e+00
    343 +0.000000e+00 +1.310511e-02 +9.269053e+01 +0.000000e+00
    344 +0.000000e+00 +1.209703e-02 +9.282796e+01 +0.000000e+00
    345 +0.000000e+00 +1.108894e-02 +9.297862e+01 +0.000000e+00
    346 +0.000000e+00 +1.008085e-02 +9.314255e+01 +0.000000e+00
    347 +0.000000e+00 +9.072769e-03 +9.331978e+01 +0.000000e+00
    348 +0.000000e+00 +8.064684e-03 +9.351027e+01 +0.000000e+00
    349 +0.000000e+00 +7.056598e-03 +9.371377e+01 +0.000000e+00
    350 +0.000000e+00 +6.048513e-03 +9.392855e+01 +0.000000e+00
    351 +0.000000e+00 +5.040427e-03 +9.413910e+01 +0.000000e+00
    352 +0.000000e+00 +4.032342e-03 +9.430838e+01 +0.000000e+00
    353 +0.000000e+00 +3.024256e-03 +9.444765e+01 +0.000000e+00
    354 +0.000000e+00 +2.016171e-03 +9.457722e+01 +0.000000e+00
    355 +0.000000e+00 +1.008085e-03 +9.470166e+01 +0.000000e+00
    356 +0.000000e+00 +0.000000e+00 +9.482129e+01 +0.000000e+00

%_intp_ ______x1_____ ______x2_____ ______T______ _____qx1_____ _____qx2_____
      1 +1.400000e-02 +5.000000e-04 +9.517234e+01 -7.051751e+03 +2.301411e+04
      2 +1.400000e-02 +6.379310e-04 +9.515650e+01 -7.045349e+03 +2.293492e+04
      3 +1.400000e-02 +7.758621e-04 +9.514071e+01 -7.037345e+03 +2.285629e+04
      4 +1.400000e-02 +9.137931e-04 +9.512497e+01 -7.027504e+03 +2.277722e+04
      5 +1.400000e-02 +1.051724e-03 +9.510929e+01 -7.015564e+03 +2.269718e+04
      6 +1.400000e-02 +1.189655e-03 +9.509366e+01 -7.001221e+03 +2.261581e+04
      7 +1.400000e-02 +1.327586e-03 +9.507810e+01 -6.984125e+03 +2.253278e+04
      8 +1.400000e-02 +1.465517e-03 +9.506258e+01 -6.963869e+03 +2.244772e+04
      9 +1.400000e-02 +1.603448e-03 +9.504713e+01 -6.939984e+03 +2.236024e+04
     10 +1.400000e-02 +1.741379e-03 +9.503174e+01 -6.911930e+03 +2.226987e+04
     11 +1.400000e-02 +1.879310e-03 +9.501642e+01 -6.879093e+03 +2.217600e+04
     12 +1.400000e-02 +2.017241e-03 +9.500116e+01 -6.840771e+03 +2.207789e+04
     13 +1.400000e-02 +2.155172e-03 +9.498597e+01 -6.796168e+03 +2.197459e+04
     14 +1.400000e-02 +2.293103e-03 +9.497085e+01 -6.744390e+03 +2.186487e+04
     15 +1.400000e-02 +2.431034e-03 +9.495581e+01 -6.684431e+03 +2.174715e+04
     16 +1.400000e-02 +2.568966e-03 +9.494085e+01 -6.615172e+03 +2.161933e+04
     17 +1.400000e-02 +2.706897e-03 +9.492599e+01 -6.535378e+03 +2.147867e+04
     18 +1.400000e-02 +2.844828e-03 +9.491123e+01 -6.443700e+03 +2.132156e+04
     19 +1.400000e-02 +2.982759e-03 +9.489659e+01 -6.338687e+03 +2.114320e+04
     20 +1.400000e-02 +3.120690e-03 +9.488208e+01 -6.218813e+03 +2.093725e+04
     21 +1.400000e-02 +3.258621e-03 +9.486772e+01 -6.082519e+03 +2.069526e+04
     22 +1.400000e-02 +3.396552e-03 +9.485354e+01 -5.928289e+03 +2.040607e+04
     23 +1.400000e-02 +3.534483e-03 +9.483959e+01 -5.754766e+03 +2.005485e+04
     24 +1.400000e-02 +3.672414e-03 +9.482590e+01 -5.560917e+03 +1.962199e+04
     25 +1.400000e-02 +3.810345e-03 +9.481255e+01 -5.346285e+03 +1.908163e+04
     26 +1.400000e-02 +3.948276e-03 +9.479961e+01 -5.111312e+03 +1.839970e+04
     27 +1.400000e-02 +4.086207e-03 +9.478721e+01 -4.857768e+03 +1.753147e+04
     28 +1.400000e-02 +4.224138e-03 +9.477549e+01 -4.589236e+03 +1.641799e+04
     29 +1.400000e-02 +4.362069e-03 +9.476464e+01 -4.311571e+03 +1.498019e+04
     30 +1.400000e-02 +4.500000e-03 +9.475492e+01 -4.033112e+03 +1.310577e+04

