%_node_ ______x1_____ ______x2_____ ______T______ ______q______
      1 +0.000000e+00 +0.000000e+00 +1.018871e+02 -2.329200e+04
      2 +1.000000e-03 +0.000000e+00 +1.018751e+02 -2.329200e+04
      3 +2.000000e-03 +0.000000e+00 +1.018373e+02 -2.329200e+04
      4 +3.000000e-03 +0.000000e+00 +1.017754e+02 -2.329200e+04
      5 +4.000000e-03 +0.000000e+00 +1.016933e+02 -2.329200e+04
      6 +5.000000e-03 +0.000000e+00 +1.015978e+02 -2.329200e+04
      7 +6.000000e-03 +0.000000e+00 +1.014979e+02 -2.329200e+04
      8 +7.000000e-03 +0.000000e+00 +1.014027e+02 -2.329200e+04
      9 +8.000000e-03 +0.000000e+00 +1.013174e+02 -2.329200e+04
     10 +9.000000e-03 +0.000000e+00 +1.012436e+02 -2.329200e+04
     11 +1.000000e-02 +0.000000e+00 +1.011798e+02 -2.329200e+04
     12 +1.100000e-02 +0.000000e+00 +1.011234e+02 -2.329200e+04
     13 +1.200000e-02 +0.000000e+00 +1.010717e+02 -2.329200e+04
     14 +1.300000e-02 +0.000000e+00 +1.010238e+02 -2.329200e+04
     15 +1.400000e-02 +0.000000e+00 +1.009810e+02 -2.329200e+04
     16 +1.500000e-02 +0.000000e+00 +1.009464e+02 -2.329200e+04
     17 +1.600000e-02 +0.000000e+00 +1.009233e+02 -2.329200e+04
     18 +1.700000e-02 +0.000000e+00 +1.009132e+02 -2.329200e+04
     19 +1.800000e-02 +0.000000e+00 +1.009149e+02 -2.329200e+04
     20 +1.900000e-02 +0.000000e+00 +1.009262e+02 -2.329200e+04
     21 +2.000000e-02 +0.000000e+00 +1.009446e+02 -2.329200e+04
     22 +2.100000e-02 +0.000000e+00 +1.009680e+02 -2.329200e+04
     23 +2.200000e-02 +0.000000e+00 +1.009949e+02 -2.329200e+04
     24 +2.300000e-02 +0.000000e+00 +1.010244e+02 -2.329200e+04
     25 +2.400000e-02 +0.000000e+00 +1.010551e+02 -2.329200e+04
     26 +2.500000e-02 +0.000000e+00 +1.010852e+02 -2.329200e+04
     27 +2.600000e-02 +0.000000e+00 +1.011113e+02 -2.329200e+04
     28 +2.700000e-02 +0.000000e+00 +1.011292e+02 -2.329200e+04
     29 +2.800000e-02 +0.000000e+00 +1.011350e+02 -2.329200e+04
     30 +2.800000e-02 +0.000000e+00 +1.011350e+02 +0.000000e+00
     31 +2.800000e-02 +9.972903e-04 +1.006769e+02 +0.000000e+00
     32 +2.800000e-02 +1.994581e-03 +1.002333e+02 +0.000000e+00
     33 +2.800000e-02 +2.991871e-03 +9.980657e+01 +0.000000e+00
     34 +2.800000e-02 +3.989161e-03 +9.939419e+01 +0.000000e+00
     35 +2.800000e-02 +4.986452e-03 +9.896054e+01 +0.000000e+00
     36 +2.800000e-02 +5.983742e-03 +9.847053e+01 +0.000000e+00
     37 +2.800000e-02 +6.981032e-03 +9.799463e+01 +0.000000e+00
     38 +2.800000e-02 +7.978323e-03 +9.757006e+01 +0.000000e+00
     39 +2.800000e-02 +8.975613e-03 +9.720166e+01 +0.000000e+00
     40 +2.800000e-02 +9.972903e-03 +9.688989e+01 +0.000000e+00
     41 +2.800000e-02 +1.097019e-02 +9.663459e+01 +0.000000e+00
     42 +2.800000e-02 +1.196748e-02 +9.643547e+01 +0.000000e+00
     43 +2.800000e-02 +1.296477e-02 +9.629223e+01 +0.000000e+00
     44 +2.800000e-02 +1.396206e-02 +9.620694e+01 +0.000000e+00
     45 +2.800000e-02 +1.396206e-02 +9.620694e+01 +2.772417e+03
     46 +2.700000e-02 +1.396206e-02 +9.617784e+01 +2.770670e+03
     47 +2.700000e-02 +1.396206e-02 +9.617784e+01 +2.770670e+03
     48 +2.700000e-02 +1.296628e-02 +9.626368e+01 +2.775821e+03
     49 +2.700000e-02 +1.197049e-02 +9.640653e+01 +2.784392e+03
     50 +2.700000e-02 +1.097471e-02 +9.660501e+01 +2.796301e+03
     51 +2.700000e-02 +9.978925e-03 +9.685946e+01 +2.811568e+03
     52 +2.700000e-02 +8.983140e-03 +9.717018e+01 +2.830211e+03
     53 +2.700000e-02 +7.987355e-03 +9.753746e+01 +2.852248e+03
     54 +2.700000e-02 +6.991570e-03 +9.796153e+01 +2.877692e+03
     55 +2.700000e-02 +5.995785e-03 +9.844363e+01 +2.906618e+03
     56 +2.700000e-02 +5.000000e-03 +9.902431e+01 +2.941458e+03
     57 +2.700000e-02 +5.000000e-03 +9.902431e+01 +2.941458e+03
     58 +2.600000e-02 +5.000000e-03 +9.912229e+01 +2.947337e+03
     59 +2.500000e-02 +5.000000e-03 +9.857800e+01 +2.914680e+03
     60 +2.500000e-02 +5.000000e-03 +9.857800e+01 +2.914680e+03
     61 +2.500000e-02 +5.987005e-03 +9.718320e+01 +2.830992e+03
     62 +2.500000e-02 +6.974010e-03 +9.594698e+01 +2.756819e+03
     63 +2.500000e-02 +7.961016e-03 +9.481144e+01 +2.688687e+03
     64 +2.500000e-02 +8.948021e-03 +9.377830e+01 +2.626698e+03
     65 +2.500000e-02 +9.935026e-03 +9.284630e+01 +2.570778e+03
     66 +2.500000e-02 +1.092203e-02 +9.201360e+01 +2.520816e+03
     67 +2.500000e-02 +1.190904e-02 +9.127833e+01 +2.476700e+03
     68 +2.500000e-02 +1.289604e-02 +9.063883e+01 +2.438330e+03
     69 +2.500000e-02 +1.388305e-02 +9.009358e+01 +2.405615e+03
     70 +2.500000e-02 +1.487005e-02 +8.964103e+01 +2.378462e+03
     71 +2.500000e-02 +1.585706e-02 +8.927987e+01 +2.356792e+03
     72 +2.500000e-02 +1.684406e-02 +8.900916e+01 +2.340550e+03
     73 +2.500000e-02 +1.783107e-02 +8.882781e+01 +2.329669e+03
     74 +2.500000e-02 +1.881807e-02 +8.873804e+01 +2.324283e+03
     75 +2.500000e-02 +1.881807e-02 +8.873804e+01 +2.324283e+03
     76 +2.400000e-02 +1.881807e-02 +8.873848e+01 +2.324309e+03
     77 +2.400000e-02 +1.881807e-02 +8.873848e+01 +2.324309e+03
     78 +2.400000e-02 +1.783107e-02 +8.882800e+01 +2.329680e+03
     79 +2.400000e-02 +1.684406e-02 +8.900906e+01 +2.340544e+03
     80 +2.400000e-02 +1.585706e-02 +8.927941e+01 +2.356764e+03
     81 +2.400000e-02 +1.487005e-02 +8.964040e+01 +2.378424e+03
     82 +2.400000e-02 +1.388305e-02 +9.009299e+01 +2.405580e+03
     83 +2.400000e-02 +1.289604e-02 +9.063834e+01 +2.438301e+03
     84 +2.400000e-02 +1.190904e-02 +9.127788e+01 +2.476673e+03
     85 +2.400000e-02 +1.092203e-02 +9.201314e+01 +2.520788e+03
     86 +2.400000e-02 +9.935026e-03 +9.284584e+01 +2.570751e+03
     87 +2.400000e-02 +8.948021e-03 +9.377785e+01 +2.626671e+03
     88 +2.400000e-02 +7.961016e-03 +9.481112e+01 +2.688667e+03
     89 +2.400000e-02 +6.974010e-03 +9.594713e+01 +2.756828e+03
     90 +2.400000e-02 +5.987005e-03 +9.718345e+01 +2.831007e+03
     91 +2.400000e-02 +5.000000e-03 +9.853809e+01 +2.912286e+03
     92 +2.400000e-02 +5.000000e-03 +9.853809e+01 +2.912286e+03
     93 +2.300000e-02 +5.000000e-03 +9.891801e+01 +2.935080e+03
     94 +2.200000e-02 +5.000000e-03 +9.851262e+01 +2.910757e+03
     95 +2.200000e-02 +5.000000e-03 +9.851262e+01 +2.910757e+03
     96 +2.200000e-02 +5.985032e-03 +9.728394e+01 +2.837037e+03
     97 +2.200000e-02 +6.970064e-03 +9.619322e+01 +2.771593e+03
     98 +2.200000e-02 +7.955096e-03 +9.520336e+01 +2.712202e+03
     99 +2.200000e-02 +8.940128e-03 +9.431714e+01 +2.659028e+03
    100 +2.200000e-02 +9.925160e-03 +9.353367e+01 +2.612020e+03
    101 +2.200000e-02 +1.091019e-02 +9.285142e+01 +2.571085e+03
    102 +2.200000e-02 +1.189522e-02 +9.226883e+01 +2.536130e+03
    103 +2.200000e-02 +1.288026e-02 +9.178456e+01 +2.507074e+03
    104 +2.200000e-02 +1.386529e-02 +9.139747e+01 +2.483848e+03
    105 +2.200000e-02 +1.485032e-02 +9.110662e+01 +2.466397e+03
    106 +2.200000e-02 +1.583535e-02 +9.091121e+01 +2.454673e+03
    107 +2.200000e-02 +1.682038e-02 +9.081399e+01 +2.448840e+03
    108 +2.200000e-02 +1.682038e-02 +9.081399e+01 +2.448840e+03
    109 +2.100000e-02 +1.682038e-02 +9.081439e+01 +2.448864e+03
    110 +2.100000e-02 +1.682038e-02 +9.081439e+01 +2.448864e+03
    111 +2.100000e-02 +1.583535e-02 +9.091126e+01 +2.454675e+03
    112 +2.100000e-02 +1.485032e-02 +9.110664e+01 +2.466398e+03
    113 +2.100000e-02 +1.386529e-02 +9.139748e+01 +2.483849e+03
    114 +2.100000e-02 +1.288026e-02 +9.178457e+01 +2.507074e+03
    115 +2.100000e-02 +1.189522e-02 +9.226884e+01 +2.536131e+03
    116 +2.100000e-02 +1.091019e-02 +9.285143e+01 +2.571086e+03
    117 +2.100000e-02 +9.925160e-03 +9.353370e+01 +2.612022e+03
    118 +2.100000e-02 +8.940128e-03 +9.431716e+01 +2.659030e+03
    119 +2.100000e-02 +7.955096e-03 +9.520338e+01 +2.712203e+03
    120 +2.100000e-02 +6.970064e-03 +9.619324e+01 +2.771594e+03
    121 +2.100000e-02 +5.985032e-03 +9.728346e+01 +2.837008e+03
    122 +2.100000e-02 +5.000000e-03 +9.849337e+01 +2.909602e+03
    123 +2.100000e-02 +5.000000e-03 +9.849337e+01 +2.909602e+03
    124 +2.000000e-02 +5.000000e-03 +9.882704e+01 +2.929623e+03
    125 +1.900000e-02 +5.000000e-03 +9.838765e+01 +2.903259e+03
    126 +1.900000e-02 +5.000000e-03 +9.838765e+01 +2.903259e+03
    127 +1.900000e-02 +5.969753e-03 +9.711508e+01 +2.826905e+03
    128 +1.900000e-02 +6.939506e-03 +9.598097e+01 +2.758858e+03
    129 +1.900000e-02 +7.909260e-03 +9.494351e+01 +2.696610e+03
    130 +1.900000e-02 +8.879013e-03 +9.400581e+01 +2.640348e+03
    131 +1.900000e-02 +9.848766e-03 +9.316712e+01 +2.590027e+03
    132 +1.900000e-02 +1.081852e-02 +9.242587e+01 +2.545552e+03
    133 +1.900000e-02 +1.178827e-02 +9.178044e+01 +2.506826e+03
    134 +1.900000e-02 +1.275803e-02 +9.122938e+01 +2.473763e+03
    135 +1.900000e-02 +1.372778e-02 +9.077143e+01 +2.446286e+03
    136 +1.900000e-02 +1.469753e-02 +9.040552e+01 +2.424331e+03
    137 +1.900000e-02 +1.566728e-02 +9.013080e+01 +2.407848e+03
    138 +1.900000e-02 +1.663704e-02 +8.994645e+01 +2.396787e+03
    139 +1.900000e-02 +1.760679e-02 +8.985518e+01 +2.391311e+03
    140 +1.900000e-02 +1.760679e-02 +8.985518e+01 +2.391311e+03
    141 +1.800000e-02 +1.760679e-02 +8.985379e+01 +2.391227e+03
    142 +1.800000e-02 +1.760679e-02 +8.985379e+01 +2.391227e+03
    143 +1.800000e-02 +1.663704e-02 +8.994615e+01 +2.396769e+03
    144 +1.800000e-02 +1.566728e-02 +9.013080e+01 +2.407848e+03
    145 +1.800000e-02 +1.469753e-02 +9.040560e+01 +2.424336e+03
    146 +1.800000e-02 +1.372778e-02 +9.077151e+01 +2.446290e+03
    147 +1.800000e-02 +1.275803e-02 +9.122945e+01 +2.473767e+03
    148 +1.800000e-02 +1.178827e-02 +9.178050e+01 +2.506830e+03
    149 +1.800000e-02 +1.081852e-02 +9.242591e+01 +2.545555e+03
    150 +1.800000e-02 +9.848766e-03 +9.316716e+01 +2.590029e+03
    151 +1.800000e-02 +8.879013e-03 +9.400585e+01 +2.640351e+03
    152 +1.800000e-02 +7.909260e-03 +9.494361e+01 +2.696617e+03
    153 +1.800000e-02 +6.939506e-03 +9.598134e+01 +2.758880e+03
    154 +1.800000e-02 +5.969753e-03 +9.711546e+01 +2.826928e+03
    155 +1.800000e-02 +5.000000e-03 +9.836384e+01 +2.901830e+03
    156 +1.800000e-02 +5.000000e-03 +9.836384e+01 +2.901830e+03
    157 +1.700000e-02 +5.000000e-03 +9.870194e+01 +2.922116e+03
    158 +1.600000e-02 +5.000000e-03 +9.815629e+01 +2.889378e+03
    159 +1.600000e-02 +5.000000e-03 +9.815629e+01 +2.889378e+03
    160 +1.600000e-02 +5.996539e-03 +9.646076e+01 +2.787646e+03
    161 +1.600000e-02 +6.993078e-03 +9.490027e+01 +2.694016e+03
    162 +1.600000e-02 +7.989617e-03 +9.343927e+01 +2.606356e+03
    163 +1.600000e-02 +8.986156e-03 +9.208049e+01 +2.524830e+03
    164 +1.600000e-02 +9.982695e-03 +9.082200e+01 +2.449320e+03
    165 +1.600000e-02 +1.097923e-02 +8.966113e+01 +2.379668e+03
    166 +1.600000e-02 +1.197577e-02 +8.859520e+01 +2.315712e+03
    167 +1.600000e-02 +1.297231e-02 +8.762172e+01 +2.257303e+03
    168 +1.600000e-02 +1.396885e-02 +8.673826e+01 +2.204296e+03
    169 +1.600000e-02 +1.496539e-02 +8.594234e+01 +2.156540e+03
    170 +1.600000e-02 +1.596193e-02 +8.523162e+01 +2.113897e+03
    171 +1.600000e-02 +1.695847e-02 +8.460425e+01 +2.076255e+03
    172 +1.600000e-02 +1.795501e-02 +8.405860e+01 +2.043516e+03
    173 +1.600000e-02 +1.895155e-02 +8.359276e+01 +2.015566e+03
    174 +1.600000e-02 +1.994809e-02 +8.320545e+01 +1.992327e+03
    175 +1.600000e-02 +2.094462e-02 +8.289595e+01 +1.973757e+03
    176 +1.600000e-02 +2.194116e-02 +8.266364e+01 +1.959819e+03
    177 +1.600000e-02 +2.293770e-02 +8.250788e+01 +1.950473e+03
    178 +1.600000e-02 +2.393424e-02 +8.243087e+01 +1.945852e+03
    179 +1.600000e-02 +2.393424e-02 +8.243087e+01 +1.945852e+03
    180 +1.500000e-02 +2.393424e-02 +8.243068e+01 +1.945841e+03
    181 +1.500000e-02 +2.393424e-02 +8.243068e+01 +1.945841e+03
    182 +1.500000e-02 +2.293770e-02 +8.250777e+01 +1.950466e+03
    183 +1.500000e-02 +2.194116e-02 +8.266350e+01 +1.959810e+03
    184 +1.500000e-02 +2.094462e-02 +8.289574e+01 +1.973745e+03
    185 +1.500000e-02 +1.994809e-02 +8.320516e+01 +1.992309e+03
    186 +1.500000e-02 +1.895155e-02 +8.359242e+01 +2.015545e+03
    187 +1.500000e-02 +1.795501e-02 +8.405841e+01 +2.043505e+03
    188 +1.500000e-02 +1.695847e-02 +8.460444e+01 +2.076266e+03
    189 +1.500000e-02 +1.596193e-02 +8.523206e+01 +2.113923e+03
    190 +1.500000e-02 +1.496539e-02 +8.594275e+01 +2.156565e+03
    191 +1.500000e-02 +1.396885e-02 +8.673835e+01 +2.204301e+03
    192 +1.500000e-02 +1.297231e-02 +8.762159e+01 +2.257295e+03
    193 +1.500000e-02 +1.197577e-02 +8.859501e+01 +2.315701e+03
    194 +1.500000e-02 +1.097923e-02 +8.966093e+01 +2.379656e+03
    195 +1.500000e-02 +9.982695e-03 +9.082180e+01 +2.449308e+03
    196 +1.500000e-02 +8.986156e-03 +9.208029e+01 +2.524817e+03
    197 +1.500000e-02 +7.989617e-03 +9.343903e+01 +2.606342e+03
    198 +1.500000e-02 +6.993078e-03 +9.489987e+01 +2.693992e+03
    199 +1.500000e-02 +5.996539e-03 +9.646054e+01 +2.787632e+03
    200 +1.500000e-02 +5.000000e-03 +9.818023e+01 +2.890814e+03
    201 +1.500000e-02 +5.000000e-03 +9.818023e+01 +2.890814e+03
    202 +1.400000e-02 +5.000000e-03 +9.882258e+01 +2.929355e+03
    203 +1.300000e-02 +5.000000e-03 +9.864724e+01 +2.918834e+03
    204 +1.300000e-02 +5.000000e-03 +9.864724e+01 +2.918834e+03
    205 +1.300000e-02 +6.044516e-03 +9.761050e+01 +2.856630e+03
    206 +1.300000e-02 +7.089032e-03 +9.668463e+01 +2.801078e+03
    207 +1.300000e-02 +8.133548e-03 +9.587361e+01 +2.752417e+03
    208 +1.300000e-02 +9.178064e-03 +9.518075e+01 +2.710845e+03
    209 +1.300000e-02 +1.022258e-02 +9.460517e+01 +2.676310e+03
    210 +1.300000e-02 +1.126710e-02 +9.414554e+01 +2.648732e+03
    211 +1.300000e-02 +1.231161e-02 +9.380063e+01 +2.628038e+03
    212 +1.300000e-02 +1.335613e-02 +9.356942e+01 +2.614165e+03
    213 +1.300000e-02 +1.440064e-02 +9.345484e+01 +2.607291e+03
    214 +1.300000e-02 +1.440064e-02 +9.345484e+01 +2.607291e+03
    215 +1.200000e-02 +1.440064e-02 +9.345473e+01 +2.607284e+03
    216 +1.200000e-02 +1.440064e-02 +9.345473e+01 +2.607284e+03
    217 +1.200000e-02 +1.335613e-02 +9.356937e+01 +2.614162e+03
    218 +1.200000e-02 +1.231161e-02 +9.380060e+01 +2.628036e+03
    219 +1.200000e-02 +1.126710e-02 +9.414551e+01 +2.648731e+03
    220 +1.200000e-02 +1.022258e-02 +9.460515e+01 +2.676309e+03
    221 +1.200000e-02 +9.178064e-03 +9.518073e+01 +2.710844e+03
    222 +1.200000e-02 +8.133548e-03 +9.587356e+01 +2.752414e+03
    223 +1.200000e-02 +7.089032e-03 +9.668436e+01 +2.801062e+03
    224 +1.200000e-02 +6.044516e-03 +9.761038e+01 +2.856623e+03
    225 +1.200000e-02 +5.000000e-03 +9.868731e+01 +2.921238e+03
    226 +1.200000e-02 +5.000000e-03 +9.868731e+01 +2.921238e+03
    227 +1.100000e-02 +5.000000e-03 +9.902056e+01 +2.941234e+03
    228 +1.000000e-02 +5.000000e-03 +9.860837e+01 +2.916502e+03
    229 +1.000000e-02 +5.000000e-03 +9.860837e+01 +2.916502e+03
    230 +1.000000e-02 +5.980746e-03 +9.724766e+01 +2.834860e+03
    231 +1.000000e-02 +6.961493e-03 +9.601250e+01 +2.760750e+03
    232 +1.000000e-02 +7.942239e-03 +9.487602e+01 +2.692561e+03
    233 +1.000000e-02 +8.922986e-03 +9.384167e+01 +2.630500e+03
    234 +1.000000e-02 +9.903732e-03 +9.290844e+01 +2.574506e+03
    235 +1.000000e-02 +1.088448e-02 +9.207451e+01 +2.524470e+03
    236 +1.000000e-02 +1.186522e-02 +9.133801e+01 +2.480280e+03
    237 +1.000000e-02 +1.284597e-02 +9.069725e+01 +2.441835e+03
    238 +1.000000e-02 +1.382672e-02 +9.015073e+01 +2.409044e+03
    239 +1.000000e-02 +1.480746e-02 +8.969682e+01 +2.381809e+03
    240 +1.000000e-02 +1.578821e-02 +8.933360e+01 +2.360016e+03
    241 +1.000000e-02 +1.676896e-02 +8.906003e+01 +2.343602e+03
    242 +1.000000e-02 +1.774970e-02 +8.887562e+01 +2.332537e+03
    243 +1.000000e-02 +1.873045e-02 +8.878353e+01 +2.327012e+03
    244 +1.000000e-02 +1.873045e-02 +8.878353e+01 +2.327012e+03
    245 +9.000000e-03 +1.873045e-02 +8.878297e+01 +2.326978e+03
    246 +9.000000e-03 +1.873045e-02 +8.878297e+01 +2.326978e+03
    247 +9.000000e-03 +1.774970e-02 +8.887535e+01 +2.332521e+03
    248 +9.000000e-03 +1.676896e-02 +8.905969e+01 +2.343581e+03
    249 +9.000000e-03 +1.578821e-02 +8.933318e+01 +2.359991e+03
    250 +9.000000e-03 +1.480746e-02 +8.969650e+01 +2.381790e+03
    251 +9.000000e-03 +1.382672e-02 +9.015074e+01 +2.409044e+03
    252 +9.000000e-03 +1.284597e-02 +9.069744e+01 +2.441846e+03
    253 +9.000000e-03 +1.186522e-02 +9.133823e+01 +2.480294e+03
    254 +9.000000e-03 +1.088448e-02 +9.207472e+01 +2.524483e+03
    255 +9.000000e-03 +9.903732e-03 +9.290864e+01 +2.574518e+03
    256 +9.000000e-03 +8.922986e-03 +9.384186e+01 +2.630512e+03
    257 +9.000000e-03 +7.942239e-03 +9.487630e+01 +2.692578e+03
    258 +9.000000e-03 +6.961493e-03 +9.601313e+01 +2.760788e+03
    259 +9.000000e-03 +5.980746e-03 +9.724962e+01 +2.834977e+03
    260 +9.000000e-03 +5.000000e-03 +9.862650e+01 +2.917590e+03
    261 +9.000000e-03 +5.000000e-03 +9.862650e+01 +2.917590e+03
    262 +8.000000e-03 +5.000000e-03 +9.908851e+01 +2.945311e+03
    263 +7.000000e-03 +5.000000e-03 +9.863274e+01 +2.917964e+03
    264 +7.000000e-03 +5.000000e-03 +9.863274e+01 +2.917964e+03
    265 +7.000000e-03 +5.998114e-03 +9.689638e+01 +2.813783e+03
    266 +7.000000e-03 +6.996227e-03 +9.526726e+01 +2.716035e+03
    267 +7.000000e-03 +7.994341e-03 +9.373861e+01 +2.624317e+03
    268 +7.000000e-03 +8.992455e-03 +9.231356e+01 +2.538813e+03
    269 +7.000000e-03 +9.990569e-03 +9.098962e+01 +2.459377e+03
    270 +7.000000e-03 +1.098868e-02 +8.976343e+01 +2.385806e+03
    271 +7.000000e-03 +1.198680e-02 +8.863158e+01 +2.317895e+03
    272 +7.000000e-03 +1.298491e-02 +8.759121e+01 +2.255472e+03
    273 +7.000000e-03 +1.398302e-02 +8.663999e+01 +2.198399e+03
    274 +7.000000e-03 +1.498114e-02 +8.577582e+01 +2.146549e+03
    275 +7.000000e-03 +1.597925e-02 +8.499676e+01 +2.099806e+03
    276 +7.000000e-03 +1.697736e-02 +8.430104e+01 +2.058062e+03
    277 +7.000000e-03 +1.797548e-02 +8.368705e+01 +2.021223e+03
    278 +7.000000e-03 +1.897359e-02 +8.315315e+01 +1.989189e+03
    279 +7.000000e-03 +1.997171e-02 +8.269743e+01 +1.961846e+03
    280 +7.000000e-03 +2.096982e-02 +8.231851e+01 +1.939111e+03
    281 +7.000000e-03 +2.196793e-02 +8.201572e+01 +1.920943e+03
    282 +7.000000e-03 +2.296605e-02 +8.178847e+01 +1.907308e+03
    283 +7.000000e-03 +2.396416e-02 +8.163611e+01 +1.898167e+03
    284 +7.000000e-03 +2.496227e-02 +8.156073e+01 +1.893644e+03
    285 +7.000000e-03 +2.496227e-02 +8.156073e+01 +1.893644e+03
    286 +6.000000e-03 +2.496227e-02 +8.156068e+01 +1.893641e+03
    287 +6.000000e-03 +2.496227e-02 +8.156068e+01 +1.893641e+03
    288 +6.000000e-03 +2.396416e-02 +8.163607e+01 +1.898164e+03
    289 +6.000000e-03 +2.296605e-02 +8.178841e+01 +1.907304e+03
    290 +6.000000e-03 +2.196793e-02 +8.201560e+01 +1.920936e+03
    291 +6.000000e-03 +2.096982e-02 +8.231830e+01 +1.939098e+03
    292 +6.000000e-03 +1.997171e-02 +8.269714e+01 +1.961829e+03
    293 +6.000000e-03 +1.897359e-02 +8.315300e+01 +1.989180e+03
    294 +6.000000e-03 +1.797548e-02 +8.368718e+01 +2.021231e+03
    295 +6.000000e-03 +1.697736e-02 +8.430131e+01 +2.058078e+03
    296 +6.000000e-03 +1.597925e-02 +8.499707e+01 +2.099824e+03
    297 +6.000000e-03 +1.498114e-02 +8.577616e+01 +2.146569e+03
    298 +6.000000e-03 +1.398302e-02 +8.664037e+01 +2.198422e+03
    299 +6.000000e-03 +1.298491e-02 +8.759168e+01 +2.255501e+03
    300 +6.000000e-03 +1.198680e-02 +8.863215e+01 +2.317929e+03
    301 +6.000000e-03 +1.098868e-02 +8.976393e+01 +2.385836e+03
    302 +6.000000e-03 +9.990569e-03 +9.098974e+01 +2.459384e+03
    303 +6.000000e-03 +8.992455e-03 +9.231336e+01 +2.538802e+03
    304 +6.000000e-03 +7.994341e-03 +9.373824e+01 +2.624294e+03
    305 +6.000000e-03 +6.996227e-03 +9.526635e+01 +2.715981e+03
    306 +6.000000e-03 +5.998114e-03 +9.689637e+01 +2.813782e+03
    307 +6.000000e-03 +5.000000e-03 +9.872508e+01 +2.923505e+03
    308 +6.000000e-03 +5.000000e-03 +9.872508e+01 +2.923505e+03
    309 +5.000000e-03 +5.000000e-03 +9.954864e+01 +2.972918e+03
    310 +4.000000e-03 +5.000000e-03 +9.964673e+01 +2.978804e+03
    311 +4.000000e-03 +5.000000e-03 +9.964673e+01 +2.978804e+03
    312 +4.000000e-03 +6.064128e-03 +9.905310e+01 +2.943186e+03
    313 +4.000000e-03 +7.128256e-03 +9.854116e+01 +2.912470e+03
    314 +4.000000e-03 +8.192384e-03 +9.815435e+01 +2.889261e+03
    315 +4.000000e-03 +9.256512e-03 +9.789540e+01 +2.873724e+03
    316 +4.000000e-03 +1.032064e-02 +9.776759e+01 +2.866056e+03
    317 +4.000000e-03 +1.032064e-02 +9.776759e+01 +2.866056e+03
    318 +3.000000e-03 +1.032064e-02 +9.776863e+01 +2.866118e+03
    319 +3.000000e-03 +1.032064e-02 +9.776863e+01 +2.866118e+03
    320 +3.000000e-03 +9.256512e-03 +9.789587e+01 +2.873752e+03
    321 +3.000000e-03 +8.192384e-03 +9.815468e+01 +2.889281e+03
    322 +3.000000e-03 +7.128256e-03 +9.854072e+01 +2.912443e+03
    323 +3.000000e-03 +6.064128e-03 +9.905199e+01 +2.943120e+03
    324 +3.000000e-03 +5.000000e-03 +9.973981e+01 +2.984389e+03
    325 +3.000000e-03 +5.000000e-03 +9.973981e+01 +2.984389e+03
    326 +2.000000e-03 +5.000000e-03 +1.000200e+02 +3.001200e+03
    327 +1.000000e-03 +5.000000e-03 +9.983956e+01 +2.990374e+03
    328 +1.000000e-03 +5.000000e-03 +9.983956e+01 +2.990374e+03
    329 +1.000000e-03 +5.955019e-03 +9.922895e+01 +2.953737e+03
    330 +1.000000e-03 +6.910037e-03 +9.872826e+01 +2.923696e+03
    331 +1.000000e-03 +7.865056e-03 +9.828331e+01 +2.896999e+03
    332 +1.000000e-03 +8.820074e-03 +9.789194e+01 +2.873516e+03
    333 +1.000000e-03 +9.775093e-03 +9.755388e+01 +2.853233e+03
    334 +1.000000e-03 +1.073011e-02 +9.726845e+01 +2.836107e+03
    335 +1.000000e-03 +1.168513e-02 +9.703435e+01 +2.822061e+03
    336 +1.000000e-03 +1.264015e-02 +9.685097e+01 +2.811058e+03
    337 +1.000000e-03 +1.359517e-02 +9.671824e+01 +2.803095e+03
    338 +1.000000e-03 +1.455019e-02 +9.663806e+01 +2.798284e+03
    339 +1.000000e-03 +1.455019e-02 +9.663806e+01 +2.798284e+03
    340 +0.000000e+00 +1.455019e-02 +9.666636e+01 +2.799982e+03
    341 +0.000000e+00 +1.455019e-02 +9.666636e+01 +0.000000e+00
    342 +0.000000e+00 +1.358017e-02 +9.674802e+01 +0.000000e+00
    343 +0.000000e+00 +1.261016e-02 +9.688402e+01 +0.000000e+00
    344 +0.000000e+00 +1.164015e-02 +9.707236e+01 +0.000000e+00
    345 +0.000000e+00 +1.067014e-02 +9.731335e+01 +0.000000e+00
    346 +0.000000e+00 +9.700123e-03 +9.760763e+01 +0.000000e+00
    347 +0.000000e+00 +8.730111e-03 +9.795610e+01 +0.000000e+00
    348 +0.000000e+00 +7.760099e-03 +9.835937e+01 +0.000000e+00
    349 +0.000000e+00 +6.790086e-03 +9.881714e+01 +0.000000e+00
    350 +0.000000e+00 +5.820074e-03 +9.932295e+01 +0.000000e+00
    351 +0.000000e+00 +4.850062e-03 +9.982590e+01 +0.000000e+00
    352 +0.000000e+00 +3.880049e-03 +1.002483e+02 +0.000000e+00
    353 +0.000000e+00 +2.910037e-03 +1.006349e+02 +0.000000e+00
    354 +0.000000e+00 +1.940025e-03 +1.010302e+02 +0.000000e+00
    355 +0.000000e+00 +9.700123e-04 +1.014465e+02 +0.000000e+00
    356 +0.000000e+00 +0.000000e+00 +1.018871e+02 +0.000000e+00

%_intp_ ______x1_____ ______x2_____ ______T______ _____qx1_____ _____qx2_____
      1 +1.400000e-02 +5.000000e-04 +1.007474e+02 +1.985653e+03 +2.349531e+04
      2 +1.400000e-02 +6.379310e-04 +1.006825e+02 +2.002253e+03 +2.355334e+04
      3 +1.400000e-02 +7.758621e-04 +1.006174e+02 +2.022773e+03 +2.361013e+04
      4 +1.400000e-02 +9.137931e-04 +1.005522e+02 +2.047576e+03 +2.366618e+04
      5 +1.400000e-02 +1.051724e-03 +1.004868e+02 +2.077046e+03 +2.372162e+04
      6 +1.400000e-02 +1.189655e-03 +1.004213e+02 +2.111609e+03 +2.377639e+04
      7 +1.400000e-02 +1.327586e-03 +1.003557e+02 +2.151753e+03 +2.383033e+04
      8 +1.400000e-02 +1.465517e-03 +1.002898e+02 +2.198043e+03 +2.388318e+04
      9 +1.400000e-02 +1.603448e-03 +1.002239e+02 +2.251138e+03 +2.393459e+04
     10 +1.400000e-02 +1.741379e-03 +1.001578e+02 +2.311799e+03 +2.398408e+04
     11 +1.400000e-02 +1.879310e-03 +1.000916e+02 +2.380914e+03 +2.403101e+04
     12 +1.400000e-02 +2.017241e-03 +1.000252e+02 +2.459511e+03 +2.407452e+04
     13 +1.400000e-02 +2.155172e-03 +9.995875e+01 +2.548778e+03 +2.411346e+04
     14 +1.400000e-02 +2.293103e-03 +9.989218e+01 +2.650091e+03 +2.414630e+04
     15 +1.400000e-02 +2.431034e-03 +9.982554e+01 +2.765035e+03 +2.417100e+04
     16 +1.400000e-02 +2.568966e-03 +9.975883e+01 +2.895437e+03 +2.418483e+04
     17 +1.400000e-02 +2.706897e-03 +9.969212e+01 +3.043395e+03 +2.418417e+04
     18 +1.400000e-02 +2.844828e-03 +9.962542e+01 +3.211309e+03 +2.416420e+04
     19 +1.400000e-02 +2.982759e-03 +9.955882e+01 +3.401911e+03 +2.411846e+04
     20 +1.400000e-02 +3.120690e-03 +9.949239e+01 +3.618284e+03 +2.403843e+04
     21 +1.400000e-02 +3.258621e-03 +9.942624e+01 +3.863871e+03 +2.391274e+04
     22 +1.400000e-02 +3.396552e-03 +9.936051e+01 +4.142445e+03 +2.372634e+04
     23 +1.400000e-02 +3.534483e-03 +9.929541e+01 +4.458038e+03 +2.345934e+04
     24 +1.400000e-02 +3.672414e-03 +9.923118e+01 +4.814775e+03 +2.308548e+04
     25 +1.400000e-02 +3.810345e-03 +9.916817e+01 +5.216578e+03 +2.257026e+04
     26 +1.400000e-02 +3.948276e-03 +9.910682e+01 +5.666663e+03 +2.186848e+04
     27 +1.400000e-02 +4.086207e-03 +9.904774e+01 +6.166747e+03 +2.092114e+04
     28 +1.400000e-02 +4.224138e-03 +9.899169e+01 +6.715878e+03 +1.965101e+04
     29 +1.400000e-02 +4.362069e-03 +9.893971e+01 +7.308890e+03 +1.795539e+04
     30 +1.400000e-02 +4.500000e-03 +9.889315e+01 +7.934653e+03 +1.568981e+04

