t = 0.230000
x    u(x,t)
0.000000000000000000e+00 0.000000000000000000e+00
1.000000000000000056e-01 -1.604352704326006667e-03
2.000000000000000111e-01 -1.112485158658626030e-02
3.000000000000000444e-01 -2.380345535967687276e-02
4.000000000000000222e-01 -3.372581565890060695e-02
5.000000000000000000e-01 -3.610105368640519757e-02
6.000000000000000888e-01 -2.910782308571145671e-02
7.000000000000000666e-01 -1.460083817536607723e-02
8.000000000000000444e-01 2.592150401684646579e-03
9.000000000000000222e-01 1.651405484154261361e-02
1.000000000000000000e+00 2.235785866868112565e-02
1.100000000000000089e+00 1.831009538299459977e-02
1.200000000000000178e+00 6.253169662986266843e-03
1.300000000000000044e+00 -8.942789682509260513e-03
1.400000000000000133e+00 -2.126897182308911879e-02
1.500000000000000000e+00 -2.586227162668208387e-02
1.600000000000000089e+00 -2.085297137464957665e-02
1.700000000000000178e+00 -8.070266005716907401e-03
1.800000000000000044e+00 7.663729108764735266e-03
1.900000000000000133e+00 2.038183175615272680e-02
2.000000000000000000e+00 2.525579123804322715e-02
2.100000000000000089e+00 2.044417541490606630e-02
2.200000000000000178e+00 7.798491898986337038e-03
2.300000000000000266e+00 -7.841996032014743670e-03
2.400000000000000355e+00 -2.049724247804030064e-02
2.500000000000000000e+00 -2.532956239077156432e-02
2.600000000000000089e+00 -2.049074949009208058e-02
2.700000000000000178e+00 -7.827543529827615115e-03
2.800000000000000266e+00 7.824085223273232956e-03
2.900000000000000355e+00 2.048632490850781085e-02
3.000000000000000000e+00 2.532298054115791203e-02
3.100000000000000089e+00 2.048682373355197039e-02
3.200000000000000178e+00 7.825226182256759394e-03
3.300000000000000266e+00 -7.825439436182080044e-03
3.400000000000000355e+00 -2.048710859549253763e-02
3.500000000000000000e+00 -2.532342978949131060e-02
3.600000000000000089e+00 -2.048707891137637252e-02
3.700000000000000178e+00 -7.825369841189601036e-03
3.800000000000000266e+00 7.825359255015455415e-03
3.900000000000000355e+00 2.048706421675093592e-02
4.000000000000000000e+00 2.532340542546486495e-02
4.100000000000000533e+00 2.048706564056192864e-02
4.200000000000000178e+00 7.825362667997562416e-03
4.299999999999999822e+00 -7.825363103178304552e-03
4.400000000000000355e+00 -2.048706626539095396e-02
4.500000000000000000e+00 -2.532340650654379272e-02
4.600000000000000533e+00 -2.048706620319669380e-02
4.700000000000000178e+00 -7.825362950744112547e-03
4.800000000000000711e+00 7.825362978623665380e-03
4.900000000000000355e+00 2.048706624560153733e-02
5.000000000000000000e+00 2.532340658521863019e-02
5.100000000000000533e+00 2.048706641991631175e-02
5.200000000000000178e+00 7.825363409878775128e-03
5.300000000000000711e+00 -7.825362060353703575e-03
5.400000000000000355e+00 -2.048706444261201923e-02
5.500000000000000000e+00 -2.532340307748577254e-02
5.600000000000000533e+00 -2.048705964311343247e-02
5.700000000000000178e+00 -7.825350403014330256e-03
5.800000000000000711e+00 7.825386860594085725e-03
5.900000000000000355e+00 2.048711141123472912e-02
6.000000000000000000e+00 2.532349141510445434e-02
6.100000000000000533e+00 2.048722460374030260e-02
6.200000000000000178e+00 7.825656189568097609e-03
6.300000000000000711e+00 -7.824824308003601112e-03
6.400000000000000355e+00 -2.048608454408399823e-02
6.500000000000000000e+00 -2.532163203559732040e-02
6.600000000000000533e+00 -2.048388559757247790e-02
6.700000000000000178e+00 -7.819711200892030464e-03
6.800000000000000711e+00 7.835316232717322998e-03
6.900000000000000355e+00 2.050443351888290786e-02
7.000000000000000000e+00 2.535342270456551403e-02
7.100000000000000533e+00 2.053843551508889587e-02
7.200000000000000178e+00 7.912387183471425445e-03
7.300000000000000711e+00 -7.679472978618743888e-03
7.400000000000000355e+00 -2.024512144440093059e-02
7.500000000000000000e+00 -2.492661220596119678e-02
7.600000000000000533e+00 -1.984375256690972672e-02
7.700000000000000178e+00 -6.794656213884591942e-03
7.800000000000000711e+00 9.456712040856657397e-03
7.900000000000000355e+00 2.303683428464071634e-02
8.000000000000000000e+00 2.925743844203125207e-02
8.099999999999999645e+00 2.647669147127102926e-02
8.200000000000001066e+00 1.682091543538509829e-02
8.300000000000000711e+00 5.496537943225605384e-03
8.400000000000000355e+00 -1.039657656242520215e-03
8.500000000000000000e+00 2.651349942434495354e-03
8.599999999999999645e+00 1.915336939536502192e-02
8.700000000000001066e+00 4.748992755520280162e-02
8.800000000000000711e+00 8.381680786032510988e-02
8.900000000000000355e+00 1.232386100434768317e-01
9.000000000000000000e+00 1.620407577771704744e-01
9.099999999999999645e+00 1.994639478603572047e-01
9.200000000000001066e+00 2.383177461752657711e-01
9.300000000000000711e+00 2.841699637051273153e-01
9.400000000000000355e+00 3.433914195864366525e-01
9.500000000000000000e+00 4.207749864502040027e-01
9.600000000000001421e+00 5.176159257190259266e-01
9.700000000000001066e+00 6.309730684257152111e-01
9.800000000000000711e+00 7.543906562123890991e-01
9.900000000000000355e+00 8.798154636466498646e-01
1.000000000000000000e+01 1.000000000000000000e+00
