t = 0.500000
x    u(x,t)
0.000000000000000000e+00 0.000000000000000000e+00
1.000000000000000056e-01 -2.750210810552324373e-03
2.000000000000000111e-01 -1.335138436140995491e-02
3.000000000000000444e-01 -2.698718604666216353e-02
4.000000000000000222e-01 -3.769768263602335523e-02
5.000000000000000000e-01 -4.066300023538889363e-02
6.000000000000000888e-01 -3.405083660774847754e-02
7.000000000000000666e-01 -1.972196885958268225e-02
8.000000000000000444e-01 -2.524146520473643032e-03
9.000000000000000222e-01 1.155600449750218695e-02
1.000000000000000000e+00 1.767719241213895967e-02
1.100000000000000089e+00 1.399128242639122513e-02
1.200000000000000178e+00 2.348872737618868441e-03
1.300000000000000044e+00 -1.240697188575771472e-02
1.400000000000000133e+00 -2.428917662267515362e-02
1.500000000000000000e+00 -2.845139219400897104e-02
1.600000000000000089e+00 -2.303646495027089625e-02
1.700000000000000178e+00 -9.882737292900721851e-03
1.800000000000000044e+00 6.181461278893786611e-03
1.900000000000000133e+00 1.918552054241046481e-02
2.000000000000000000e+00 2.430057675694219724e-02
2.100000000000000089e+00 1.968734314522881459e-02
2.200000000000000178e+00 7.201858455207419719e-03
2.300000000000000266e+00 -8.310475151354674780e-03
2.400000000000000355e+00 -2.086294933626376552e-02
2.500000000000000000e+00 -2.561182804241675381e-02
2.600000000000000089e+00 -2.070433723073964935e-02
2.700000000000000178e+00 -7.984491797937901328e-03
2.800000000000000266e+00 7.712855907988108543e-03
2.900000000000000355e+00 2.041011644664132360e-02
3.000000000000000000e+00 2.527132486734780595e-02
3.100000000000000089e+00 2.045024085730962060e-02
3.200000000000000178e+00 7.796302205558481441e-03
3.300000000000000266e+00 -7.851193288921526695e-03
3.400000000000000355e+00 -2.051105526697746123e-02
3.500000000000000000e+00 -2.534443539976379001e-02
3.600000000000000089e+00 -2.050281017569050360e-02
3.700000000000000178e+00 -7.833828869078605234e-03
3.800000000000000266e+00 7.824597148485679457e-03
3.900000000000000355e+00 2.049234145024414130e-02
4.000000000000000000e+00 2.533136429711181289e-02
4.100000000000000533e+00 2.049375114936302297e-02
4.200000000000000178e+00 7.827606210585013810e-03
4.299999999999999822e+00 -7.828821430094447600e-03
4.400000000000000355e+00 -2.049515531937722707e-02
4.500000000000000000e+00 -2.533316976799165551e-02
4.600000000000000533e+00 -2.049480930540515874e-02
4.700000000000000178e+00 -7.828066427135033784e-03
4.800000000000000711e+00 7.828906077425690918e-03
4.900000000000000355e+00 2.049582579496777093e-02
5.000000000000000000e+00 2.533457273775576585e-02
5.100000000000000533e+00 2.049722516509536879e-02
5.200000000000000178e+00 7.831958194540940624e-03
5.300000000000000711e+00 -7.822815895848992535e-03
5.400000000000000355e+00 -2.048643984974907878e-02
5.500000000000000000e+00 -2.532025000944231746e-02
5.600000000000000533e+00 -2.047553780193553732e-02
5.700000000000000178e+00 -7.799345469090597158e-03
5.800000000000000711e+00 7.871535004276756717e-03
5.900000000000000355e+00 2.055874666240754475e-02
6.000000000000000000e+00 2.542686600121176616e-02
6.100000000000000533e+00 2.063171145393224298e-02
6.200000000000000178e+00 8.026597512779710952e-03
6.300000000000000711e+00 -7.543067632306391795e-03
6.400000000000000355e+00 -2.008719410823495144e-02
6.500000000000000000e+00 -2.475452370598063556e-02
6.600000000000000533e+00 -1.967969893939728807e-02
6.700000000000000178e+00 -6.687979073772542908e-03
6.800000000000000711e+00 9.412043227833779765e-03
6.900000000000000355e+00 2.267811854775564698e-02
7.000000000000000000e+00 2.832053496940126550e-02
7.100000000000000533e+00 2.455230303885986773e-02
7.200000000000000178e+00 1.329742045655909165e-02
7.300000000000000711e+00 -5.124610259985352186e-04
7.400000000000000355e+00 -1.078342907861295705e-02
7.500000000000000000e+00 -1.254100360530956484e-02
7.600000000000000533e+00 -3.775770173820932815e-03
7.700000000000000178e+00 1.385272966731638036e-02
7.800000000000000711e+00 3.572324014542026249e-02
7.900000000000000355e+00 5.610128014264138818e-02
8.000000000000000000e+00 7.042271990846703245e-02
8.099999999999999645e+00 7.713965301388484019e-02
8.200000000000001066e+00 7.842243295546008630e-02
8.300000000000000711e+00 7.944805562825361933e-02
8.400000000000000355e+00 8.654439641613802248e-02
8.500000000000000000e+00 1.048961798679133167e-01
8.599999999999999645e+00 1.366853312395004405e-01
8.700000000000001066e+00 1.803718764478283443e-01
8.800000000000000711e+00 2.313854594227430783e-01
8.900000000000000355e+00 2.839584565792509507e-01
9.000000000000000000e+00 3.333955457121792754e-01
9.099999999999999645e+00 3.779080514130584434e-01
9.200000000000001066e+00 4.193080756461951553e-01
9.300000000000000711e+00 4.622936690389107262e-01
9.400000000000000355e+00 5.125954622095536539e-01
9.500000000000000000e+00 5.746912822371769147e-01
9.600000000000001421e+00 6.499616968843556775e-01
9.700000000000001066e+00 7.359925221913858895e-01
9.800000000000000711e+00 8.272937665273134566e-01
9.900000000000000355e+00 9.171649267198190847e-01
1.000000000000000000e+01 1.000000000000000000e+00
