t = 0.120000
x    u(x,t)
0.000000000000000000e+00 0.000000000000000000e+00
1.000000000000000056e-01 1.253542459212965844e-04
2.000000000000000111e-01 -7.874055948743744621e-03
3.000000000000000444e-01 -1.941469497471498204e-02
4.000000000000000222e-01 -2.869322404728585213e-02
5.000000000000000000e-01 -3.094684047256946596e-02
6.000000000000000888e-01 -2.429497447707064731e-02
7.000000000000000666e-01 -1.045969374672013966e-02
8.000000000000000444e-01 5.906248621487350525e-03
9.000000000000000222e-01 1.902131701962244889e-02
1.000000000000000000e+00 2.421301533340762188e-02
1.100000000000000089e+00 1.973218519977958108e-02
1.200000000000000178e+00 7.447688549696474154e-03
1.300000000000000044e+00 -7.845423127747148603e-03
1.400000000000000133e+00 -2.024035381064244465e-02
1.500000000000000000e+00 -2.496216372392396840e-02
1.600000000000000089e+00 -2.018277441682544970e-02
1.700000000000000178e+00 -7.713244811351846128e-03
1.800000000000000044e+00 7.691897747315663836e-03
1.900000000000000133e+00 2.015319386804948973e-02
2.000000000000000000e+00 2.491352191721691450e-02
2.100000000000000089e+00 2.015606418341651593e-02
2.200000000000000178e+00 7.698799864004379420e-03
2.300000000000000266e+00 -7.699597834217911628e-03
2.400000000000000355e+00 -2.015724302286745276e-02
2.500000000000000000e+00 -2.491562398857770713e-02
2.600000000000000089e+00 -2.015714225766032652e-02
2.700000000000000178e+00 -7.699346441363669712e-03
2.800000000000000266e+00 7.699323726674882698e-03
2.900000000000000355e+00 2.015710697128428666e-02
3.000000000000000000e+00 2.491555711880832219e-02
3.100000000000000089e+00 2.015710969539250344e-02
3.200000000000000178e+00 7.699330724757230682e-03
3.300000000000000266e+00 -7.699331248959114839e-03
3.400000000000000355e+00 -2.015711054288424342e-02
3.500000000000000000e+00 -2.491555880172243234e-02
3.600000000000000089e+00 -2.015711048262074090e-02
3.700000000000000178e+00 -7.699331090455365650e-03
3.800000000000000266e+00 7.699331080201630290e-03
3.900000000000000355e+00 2.015711046550079655e-02
4.000000000000000000e+00 2.491555876645315179e-02
4.100000000000000533e+00 2.015711046663910821e-02
4.200000000000000178e+00 7.699331083253871909e-03
4.299999999999999822e+00 -7.699331083429308831e-03
4.400000000000000355e+00 -2.015711046694001335e-02
4.500000000000000000e+00 -2.491555876709157166e-02
4.600000000000000533e+00 -2.015711046692058792e-02
4.700000000000000178e+00 -7.699331083376515124e-03
4.800000000000000711e+00 7.699331083378379084e-03
4.900000000000000355e+00 2.015711046692392552e-02
5.000000000000000000e+00 2.491555876709901363e-02
5.100000000000000533e+00 2.015711046695743691e-02
5.200000000000000178e+00 7.699331083470532799e-03
5.300000000000000711e+00 -7.699331083157141126e-03
5.400000000000000355e+00 -2.015711046641218210e-02
5.500000000000000000e+00 -2.491555876592281213e-02
5.600000000000000533e+00 -2.015711046426640549e-02
5.700000000000000178e+00 -7.699331077340740813e-03
5.800000000000000711e+00 7.699331097057053597e-03
5.900000000000000355e+00 2.015711049778433003e-02
6.000000000000000000e+00 2.491555883638581215e-02
6.100000000000000533e+00 2.015711062172819215e-02
6.200000000000000178e+00 7.699331427361609873e-03
6.300000000000000711e+00 -7.699330323273511148e-03
6.400000000000000355e+00 -2.015710879700502792e-02
6.500000000000000000e+00 -2.491555512044303991e-02
6.600000000000000533e+00 -2.015710255373959550e-02
6.700000000000000178e+00 -7.699314024856030066e-03
6.800000000000000711e+00 7.699367603229614193e-03
6.900000000000000355e+00 2.015718808621986061e-02
7.000000000000000000e+00 2.491572248997560995e-02
7.100000000000000533e+00 2.015745306369650172e-02
7.200000000000000178e+00 7.700041993917822528e-03
7.300000000000000711e+00 -7.697868854053015880e-03
7.400000000000000355e+00 -2.015413070005864921e-02
7.500000000000000000e+00 -2.490954567335563682e-02
7.600000000000000533e+00 -2.014510084919050523e-02
7.700000000000000178e+00 -7.675605043725781083e-03
7.800000000000000711e+00 7.745666902555243226e-03
7.900000000000000355e+00 2.024650573674215831e-02
8.000000000000000000e+00 2.508581670127658578e-02
8.099999999999999645e+00 2.047697149567981323e-02
8.200000000000001066e+00 8.291598830200370973e-03
8.300000000000000711e+00 -6.619406042901883856e-03
8.400000000000000355e+00 -1.821989793939092495e-02
8.500000000000000000e+00 -2.150024053372520325e-02
8.599999999999999645e+00 -1.424571192008641796e-02
8.700000000000001066e+00 2.334413663457257041e-03
8.800000000000000711e+00 2.438078895027725665e-02
8.900000000000000355e+00 4.728819290633555494e-02
9.000000000000000000e+00 6.802893571112571258e-02
9.099999999999999645e+00 8.700886954259104411e-02
9.200000000000001066e+00 1.087223421609582880e-01
9.300000000000000711e+00 1.408970779486455049e-01
9.400000000000000355e+00 1.923603698152062946e-01
9.500000000000000000e+00 2.703185450844388660e-01
9.600000000000001421e+00 3.779591700177025171e-01
9.700000000000001066e+00 5.131856019447768036e-01
9.800000000000000711e+00 6.689130873186525106e-01
9.900000000000000355e+00 8.348261565710612953e-01
1.000000000000000000e+01 1.000000000000000000e+00
