%_node_ ______x1_____ ______x2_____ ______T______ ______q______
      1 +0.000000e+00 +0.000000e+00 +1.557465e+02 -2.608700e+04
      2 +5.000000e-03 +0.000000e+00 +1.557396e+02 -2.608700e+04
      3 +1.000000e-02 +0.000000e+00 +1.556730e+02 -2.608700e+04
      4 +1.500000e-02 +0.000000e+00 +1.556730e+02 -2.608700e+04
      5 +2.000000e-02 +0.000000e+00 +1.557396e+02 -2.608700e+04
      6 +2.500000e-02 +0.000000e+00 +1.557465e+02 -2.608700e+04
      7 +2.500000e-02 +0.000000e+00 +1.557465e+02 +0.000000e+00
      8 +2.500000e-02 +5.000000e-03 +1.550913e+02 +0.000000e+00
      9 +2.500000e-02 +1.000000e-02 +1.544393e+02 +0.000000e+00
     10 +2.500000e-02 +1.500000e-02 +1.538914e+02 +0.000000e+00
     11 +2.500000e-02 +2.000000e-02 +1.534973e+02 +0.000000e+00
     12 +2.500000e-02 +2.500000e-02 +1.532668e+02 +0.000000e+00
     13 +2.500000e-02 +2.500000e-02 +1.532668e+02 +6.196010e+03
     14 +2.000000e-02 +2.500000e-02 +1.531866e+02 +6.191194e+03
     15 +2.000000e-02 +2.500000e-02 +1.531866e+02 +6.191194e+03
     16 +2.000000e-02 +2.000000e-02 +1.534154e+02 +6.204927e+03
     17 +2.000000e-02 +1.500000e-02 +1.538096e+02 +6.228576e+03
     18 +2.000000e-02 +1.000000e-02 +1.543677e+02 +6.262061e+03
     19 +2.000000e-02 +5.000000e-03 +1.551384e+02 +6.308307e+03
     20 +2.000000e-02 +5.000000e-03 +1.551384e+02 +6.308307e+03
     21 +1.500000e-02 +5.000000e-03 +1.549599e+02 +6.297597e+03
     22 +1.500000e-02 +5.000000e-03 +1.549599e+02 +6.297597e+03
     23 +1.500000e-02 +1.000000e-02 +1.537302e+02 +6.223810e+03
     24 +1.500000e-02 +1.500000e-02 +1.528320e+02 +6.169922e+03
     25 +1.500000e-02 +2.000000e-02 +1.522315e+02 +6.133889e+03
     26 +1.500000e-02 +2.500000e-02 +1.519386e+02 +6.116319e+03
     27 +1.500000e-02 +2.500000e-02 +1.519386e+02 +6.116319e+03
     28 +1.000000e-02 +2.500000e-02 +1.519386e+02 +6.116319e+03
     29 +1.000000e-02 +2.500000e-02 +1.519386e+02 +6.116319e+03
     30 +1.000000e-02 +2.000000e-02 +1.522315e+02 +6.133889e+03
     31 +1.000000e-02 +1.500000e-02 +1.528320e+02 +6.169922e+03
     32 +1.000000e-02 +1.000000e-02 +1.537302e+02 +6.223810e+03
     33 +1.000000e-02 +5.000000e-03 +1.549599e+02 +6.297597e+03
     34 +1.000000e-02 +5.000000e-03 +1.549599e+02 +6.297597e+03
     35 +5.000000e-03 +5.000000e-03 +1.551384e+02 +6.308307e+03
     36 +5.000000e-03 +5.000000e-03 +1.551384e+02 +6.308307e+03
     37 +5.000000e-03 +1.000000e-02 +1.543677e+02 +6.262061e+03
     38 +5.000000e-03 +1.500000e-02 +1.538096e+02 +6.228576e+03
     39 +5.000000e-03 +2.000000e-02 +1.534154e+02 +6.204927e+03
     40 +5.000000e-03 +2.500000e-02 +1.531866e+02 +6.191194e+03
     41 +5.000000e-03 +2.500000e-02 +1.531866e+02 +6.191194e+03
     42 +0.000000e+00 +2.500000e-02 +1.532668e+02 +6.196010e+03
     43 +0.000000e+00 +2.500000e-02 +1.532668e+02 +0.000000e+00
     44 +0.000000e+00 +2.000000e-02 +1.534973e+02 +0.000000e+00
     45 +0.000000e+00 +1.500000e-02 +1.538914e+02 +0.000000e+00
     46 +0.000000e+00 +1.000000e-02 +1.544393e+02 +0.000000e+00
     47 +0.000000e+00 +5.000000e-03 +1.550913e+02 +0.000000e+00
     48 +0.000000e+00 +0.000000e+00 +1.557465e+02 +0.000000e+00

%_intp_ ______x1_____ ______x2_____ ______T______ _____qx1_____ _____qx2_____
      1 +1.250000e-02 +3.107960e-04 +1.556199e+02 -2.364686e-09 +2.753039e+04
      2 +1.250000e-02 +6.195981e-04 +1.555771e+02 +9.549694e-10 +2.783288e+04
      3 +1.250000e-02 +6.215921e-04 +1.555768e+02 +1.000444e-09 +2.783500e+04
      4 +1.250000e-02 +6.235989e-04 +1.555766e+02 -9.094947e-11 +2.783713e+04
      5 +1.250000e-02 +9.323881e-04 +1.555333e+02 +9.094947e-10 +2.819132e+04
      6 +1.250000e-02 +1.239196e-03 +1.554898e+02 -1.091394e-09 +2.859827e+04
      7 +1.250000e-02 +1.243184e-03 +1.554892e+02 -3.751666e-10 +2.860394e+04
      8 +1.250000e-02 +1.247203e-03 +1.554886e+02 +6.480150e-10 +2.860967e+04
      9 +1.250000e-02 +1.555401e-03 +1.554442e+02 +1.250555e-10 +2.908062e+04
     10 +1.250000e-02 +1.863292e-03 +1.553990e+02 -9.777068e-10 +2.961816e+04
     11 +1.250000e-02 +1.867617e-03 +1.553984e+02 +6.139089e-10 +2.962623e+04
     12 +1.250000e-02 +1.871947e-03 +1.553977e+02 +1.659828e-09 +2.963431e+04
     13 +1.250000e-02 +2.179834e-03 +1.553516e+02 +1.250555e-09 +3.024862e+04
     14 +1.250000e-02 +2.487414e-03 +1.553046e+02 +7.048584e-10 +3.094533e+04
     15 +1.250000e-02 +2.492050e-03 +1.553039e+02 +1.136868e-09 +3.095651e+04
     16 +1.250000e-02 +2.496694e-03 +1.553032e+02 +9.094947e-11 +3.096773e+04
     17 +1.250000e-02 +2.804837e-03 +1.552549e+02 +1.364242e-09 +3.176027e+04
     18 +1.250000e-02 +3.113356e-03 +1.552052e+02 +9.549694e-10 +3.265315e+04
     19 +1.250000e-02 +3.117625e-03 +1.552045e+02 +2.728484e-10 +3.266623e+04
     20 +1.250000e-02 +3.121888e-03 +1.552038e+02 +2.114575e-09 +3.267931e+04
     21 +1.250000e-02 +3.430412e-03 +1.551526e+02 +9.094947e-11 +3.367851e+04
     22 +1.250000e-02 +3.739312e-03 +1.550998e+02 +1.659828e-09 +3.478031e+04
     23 +1.250000e-02 +3.743199e-03 +1.550991e+02 +1.114131e-09 +3.479478e+04
     24 +1.250000e-02 +3.747091e-03 +1.550984e+02 -1.068656e-09 +3.480929e+04
     25 +1.250000e-02 +4.057399e-03 +1.550435e+02 +4.547474e-10 +3.600841e+04
     26 +1.250000e-02 +4.369641e-03 +1.549863e+02 +2.091838e-09 +3.728081e+04
     27 +1.250000e-02 +4.371600e-03 +1.549859e+02 +1.023182e-10 +3.728892e+04
     28 +1.250000e-02 +4.373546e-03 +1.549856e+02 +1.500666e-09 +3.729698e+04
     29 +1.250000e-02 +4.685800e-03 +1.549263e+02 +2.273737e-11 +3.859639e+04
     30 +1.250000e-02 +5.000000e-03 +1.548647e+02 +1.330136e-09 +3.987970e+04
     31 +1.250000e-02 +5.351031e-03 +1.547935e+02 +7.526069e-09 +4.121750e+04
     32 +1.250000e-02 +5.694144e-03 +1.547218e+02 +6.821210e-11 +4.236520e+04
     33 +1.250000e-02 +5.702062e-03 +1.547201e+02 -3.774403e-09 +4.238942e+04
     34 +1.250000e-02 +5.710162e-03 +1.547184e+02 +2.194156e-09 +4.241410e+04
     35 +1.250000e-02 +6.053092e-03 +1.546448e+02 +4.069989e-09 +4.335021e+04
     36 +1.250000e-02 +6.388287e-03 +1.545715e+02 -1.125500e-09 +4.405261e+04
     37 +1.250000e-02 +6.402276e-03 +1.545684e+02 +2.421530e-09 +4.407732e+04
     38 +1.250000e-02 +6.412006e-03 +1.545663e+02 -1.421085e-09 +4.409430e+04
     39 +1.250000e-02 +6.852432e-03 +1.544685e+02 -7.048584e-10 +4.468309e+04
     40 +1.250000e-02 +6.853263e-03 +1.544683e+02 -1.284661e-09 +4.468388e+04
     41 +1.250000e-02 +6.882515e-03 +1.544618e+02 -1.489298e-09 +4.471092e+04
     42 +1.250000e-02 +7.297092e-03 +1.543688e+02 +2.114575e-09 +4.494578e+04
     43 +1.250000e-02 +7.308915e-03 +1.543661e+02 -1.250555e-09 +4.494860e+04
     44 +1.250000e-02 +7.741103e-03 +1.542690e+02 -1.045919e-09 +4.491677e+04
     45 +1.250000e-02 +7.765589e-03 +1.542635e+02 -9.777068e-10 +4.490749e+04
     46 +1.250000e-02 +8.185114e-03 +1.541695e+02 +7.730705e-10 +4.463466e+04
     47 +1.250000e-02 +8.217756e-03 +1.541623e+02 +5.570655e-10 +4.460482e+04
     48 +1.250000e-02 +8.609347e-03 +1.540753e+02 -1.705303e-10 +4.415771e+04
     49 +1.250000e-02 +8.640435e-03 +1.540685e+02 -1.455192e-09 +4.411548e+04
     50 +1.250000e-02 +9.035960e-03 +1.539818e+02 -1.341505e-09 +4.349947e+04
     51 +1.250000e-02 +9.063113e-03 +1.539759e+02 -6.821210e-10 +4.345215e+04
     52 +1.250000e-02 +9.462572e-03 +1.538899e+02 -7.219114e-10 +4.269142e+04
     53 +1.250000e-02 +9.485792e-03 +1.538849e+02 +7.844392e-10 +4.264385e+04
     54 +1.250000e-02 +9.889185e-03 +1.537998e+02 -1.324452e-09 +4.177187e+04
     55 +1.250000e-02 +9.908136e-03 +1.537958e+02 +5.513812e-10 +4.172916e+04
     56 +1.250000e-02 +1.032138e-02 +1.537106e+02 -6.139089e-10 +4.077415e+04
     57 +1.250000e-02 +1.033360e-02 +1.537081e+02 -2.614797e-10 +4.074545e+04
     58 +1.250000e-02 +1.075421e-02 +1.536234e+02 +8.867573e-10 +3.975543e+04
     59 +1.250000e-02 +1.075906e-02 +1.536225e+02 +1.648459e-09 +3.974404e+04
     60 +1.250000e-02 +1.103937e-02 +1.535672e+02 +9.549694e-10 +3.909100e+04
     61 +1.250000e-02 +1.118465e-02 +1.535390e+02 -1.682565e-09 +3.875697e+04
     62 +1.250000e-02 +1.118718e-02 +1.535385e+02 +6.593837e-10 +3.875118e+04
     63 +1.250000e-02 +1.161046e-02 +1.534575e+02 +3.609557e-10 +3.779831e+04
     64 +1.250000e-02 +1.162004e-02 +1.534557e+02 +4.803269e-10 +3.777710e+04
     65 +1.250000e-02 +1.203403e-02 +1.533784e+02 +1.364242e-10 +3.687167e+04
     66 +1.250000e-02 +1.203768e-02 +1.533777e+02 +2.302158e-10 +3.686376e+04
     67 +1.250000e-02 +1.228838e-02 +1.533319e+02 +1.404032e-09 +3.632332e+04
     68 +1.250000e-02 +1.245538e-02 +1.533017e+02 -9.009682e-10 +3.596443e+04
     69 +1.250000e-02 +1.245782e-02 +1.533012e+02 -7.219114e-10 +3.595919e+04
     70 +1.250000e-02 +1.287315e-02 +1.532275e+02 +3.382183e-10 +3.506230e+04
     71 +1.250000e-02 +1.288169e-02 +1.532260e+02 -7.162271e-10 +3.504370e+04
     72 +1.250000e-02 +1.329092e-02 +1.531552e+02 -2.401634e-10 +3.413964e+04
     73 +1.250000e-02 +1.330537e-02 +1.531527e+02 +2.216893e-09 +3.410714e+04
     74 +1.250000e-02 +1.371134e-02 +1.530845e+02 -3.268497e-10 +3.317471e+04
     75 +1.250000e-02 +1.372216e-02 +1.530827e+02 -7.943868e-10 +3.314930e+04
     76 +1.250000e-02 +1.413185e-02 +1.530158e+02 -5.591971e-10 +3.216391e+04
     77 +1.250000e-02 +1.413894e-02 +1.530146e+02 +8.228085e-10 +3.214647e+04
     78 +1.250000e-02 +1.455236e-02 +1.529492e+02 +3.836931e-10 +3.110945e+04
     79 +1.250000e-02 +1.455572e-02 +1.529487e+02 +5.414336e-10 +3.110088e+04
     80 +1.250000e-02 +1.493118e-02 +1.528912e+02 -2.366107e-10 +3.013482e+04
     81 +1.250000e-02 +1.497251e-02 +1.528850e+02 +4.380496e-10 +3.002786e+04
     82 +1.250000e-02 +1.497288e-02 +1.528850e+02 -8.538947e-10 +3.002690e+04
     83 +1.250000e-02 +1.539206e-02 +1.528232e+02 +8.181900e-10 +2.894541e+04
     84 +1.250000e-02 +1.539313e-02 +1.528230e+02 +8.554935e-10 +2.894267e+04
     85 +1.250000e-02 +1.581161e-02 +1.527636e+02 -1.326939e-09 +2.788677e+04
     86 +1.250000e-02 +1.581338e-02 +1.527633e+02 +4.973799e-11 +2.788238e+04
     87 +1.250000e-02 +1.623117e-02 +1.527061e+02 +1.944045e-09 +2.686890e+04
     88 +1.250000e-02 +1.623364e-02 +1.527058e+02 -1.003997e-09 +2.686304e+04
     89 +1.250000e-02 +1.665072e-02 +1.526508e+02 -1.010392e-09 +2.589518e+04
     90 +1.250000e-02 +1.665388e-02 +1.526504e+02 -9.336532e-10 +2.588799e+04
     91 +1.250000e-02 +1.707094e-02 +1.525974e+02 -1.828226e-09 +2.495568e+04
     92 +1.250000e-02 +1.707372e-02 +1.525970e+02 -1.160316e-09 +2.494956e+04
     93 +1.250000e-02 +1.749117e-02 +1.525459e+02 -1.097078e-09 +2.403594e+04
     94 +1.250000e-02 +1.749355e-02 +1.525456e+02 -4.163780e-10 +2.403074e+04
     95 +1.250000e-02 +1.791139e-02 +1.524964e+02 -7.361223e-10 +2.311652e+04
     96 +1.250000e-02 +1.791339e-02 +1.524961e+02 -1.961098e-09 +2.311213e+04
     97 +1.250000e-02 +1.833162e-02 +1.524488e+02 -1.638512e-09 +2.217802e+04
     98 +1.250000e-02 +1.833322e-02 +1.524486e+02 -2.172840e-09 +2.217440e+04
     99 +1.250000e-02 +1.875367e-02 +1.524030e+02 -3.089440e-09 +2.120018e+04
    100 +1.250000e-02 +1.875422e-02 +1.524029e+02 -1.905676e-09 +2.119888e+04
    101 +1.250000e-02 +1.897195e-02 +1.523801e+02 -1.469402e-09 +2.067739e+04
    102 +1.250000e-02 +1.917521e-02 +1.523594e+02 -2.390266e-09 +2.017994e+04
    103 +1.250000e-02 +1.917572e-02 +1.523593e+02 -1.051603e-09 +2.017868e+04
    104 +1.250000e-02 +1.959620e-02 +1.523180e+02 -4.277467e-10 +1.912180e+04
    105 +1.250000e-02 +1.959777e-02 +1.523179e+02 -1.668354e-09 +1.911780e+04
    106 +1.250000e-02 +2.001719e-02 +1.522789e+02 -1.118394e-09 +1.804314e+04
    107 +1.250000e-02 +2.001979e-02 +1.522787e+02 -5.911716e-10 +1.803646e+04
    108 +1.250000e-02 +2.044691e-02 +1.522413e+02 -1.585931e-09 +1.695101e+04
    109 +1.250000e-02 +2.045309e-02 +1.522408e+02 -1.055867e-09 +1.693551e+04
    110 +1.250000e-02 +2.087669e-02 +1.522060e+02 -1.070077e-09 +1.589827e+04
    111 +1.250000e-02 +2.088640e-02 +1.522053e+02 -2.025047e-09 +1.587514e+04
    112 +1.250000e-02 +2.130647e-02 +1.521729e+02 -1.367084e-09 +1.490528e+04
    113 +1.250000e-02 +2.131970e-02 +1.521720e+02 -3.136336e-09 +1.487577e+04
    114 +1.250000e-02 +2.173626e-02 +1.521419e+02 -1.344347e-09 +1.397801e+04
    115 +1.250000e-02 +2.175219e-02 +1.521408e+02 -3.774403e-09 +1.394486e+04
    116 +1.250000e-02 +2.219417e-02 +1.521110e+02 -2.290790e-09 +1.305662e+04
    117 +1.250000e-02 +2.220710e-02 +1.521101e+02 -1.304556e-09 +1.303149e+04
    118 +1.250000e-02 +2.265360e-02 +1.520820e+02 -3.163336e-09 +1.218872e+04
    119 +1.250000e-02 +2.266201e-02 +1.520815e+02 -2.836487e-09 +1.217329e+04
    120 +1.250000e-02 +2.311304e-02 +1.520549e+02 -2.233946e-09 +1.136464e+04
    121 +1.250000e-02 +2.311692e-02 +1.520547e+02 -3.353762e-09 +1.135783e+04
    122 +1.250000e-02 +2.350781e-02 +1.520332e+02 -2.413003e-09 +1.068534e+04
    123 +1.250000e-02 +2.357173e-02 +1.520298e+02 -1.097078e-09 +1.057775e+04
    124 +1.250000e-02 +2.357219e-02 +1.520298e+02 -3.279865e-09 +1.057697e+04
    125 +1.250000e-02 +2.357286e-02 +1.520297e+02 -3.424816e-09 +1.057585e+04
    126 +1.250000e-02 +2.392907e-02 +1.520114e+02 -4.098410e-09 +9.989821e+03
    127 +1.250000e-02 +2.428567e-02 +1.519941e+02 -3.214495e-09 +9.430296e+03
    128 +1.250000e-02 +2.428605e-02 +1.519941e+02 -6.536993e-10 +9.429712e+03
    129 +1.250000e-02 +2.428643e-02 +1.519941e+02 -1.810463e-09 +9.429130e+03
    130 +1.250000e-02 +2.464302e-02 +1.519777e+02 -6.227197e-09 +8.905633e+03

